 air                 
 Density =   1.2927999E-03  Aeff =    14.40540      Zeff =    7.200000    
     1.0        4.58261        0.00044        0.00668
     2.0        0.66976        0.00240        0.02711
     3.0        0.20490        0.00607        0.06039
     4.0        0.08728        0.01126        0.10304
     5.0        0.04477        0.01797        0.15086
     6.0        0.02578        0.02647        0.20063
     7.0        0.01615        0.03691        0.24871
     8.0        0.01081        0.04946        0.29513
     9.0        0.00756        0.06454        0.33730
    10.0        0.00552        0.08208        0.37740
    11.0        0.00417        0.10189        0.41368
    12.0        0.00325        0.12405        0.44782
    13.0        0.00259        0.14864        0.47989
    14.0        0.00211        0.17511        0.50905
    15.0        0.00175        0.20319        0.53596
    16.0        0.00148        0.23335        0.56132
    17.0        0.00126        0.26471        0.58528
    18.0        0.00110        0.29694        0.60789
    19.0        0.00097        0.32975        0.62915
    20.0        0.00086        0.36227        0.64833
    21.0        0.00077        0.39454        0.66635
    22.0        0.00070        0.42650        0.68317
    23.0        0.00064        0.45779        0.69916
    24.0        0.00059        0.48832        0.71411
    25.0        0.00055        0.51796        0.72824
    26.0        0.00052        0.54654        0.74150
    27.0        0.00048        0.57333        0.75347
    28.0        0.00046        0.59886        0.76479
    29.0        0.00043        0.62315        0.77541
    30.0        0.00041        0.64615        0.78542
    31.0        0.00040        0.66813        0.79484
    32.0        0.00038        0.68883        0.80371
    33.0        0.00037        0.70829        0.81205
    34.0        0.00035        0.72654        0.81990
    35.0        0.00034        0.74364        0.82730
    36.0        0.00033        0.75962        0.83430
    37.0        0.00033        0.77436        0.84071
    38.0        0.00032        0.78803        0.84670
    39.0        0.00031        0.80078        0.85237
    40.0        0.00030        0.81269        0.85776
    41.0        0.00030        0.82379        0.86288
    42.0        0.00029        0.83414        0.86773
    43.0        0.00029        0.84381        0.87234
    44.0        0.00028        0.85282        0.87673
    45.0        0.00028        0.86122        0.88090
    46.0        0.00027        0.86907        0.88489
    47.0        0.00027        0.87636        0.88864
    48.0        0.00027        0.88307        0.89210
    49.0        0.00026        0.88934        0.89543
    50.0        0.00026        0.89520        0.89859
    51.0        0.00026        0.90071        0.90162
    52.0        0.00025        0.90586        0.90451
    53.0        0.00025        0.91069        0.90729
    54.0        0.00025        0.91521        0.90996
    55.0        0.00025        0.91946        0.91251
    56.0        0.00024        0.92344        0.91495
    57.0        0.00024        0.92718        0.91730
    58.0        0.00024        0.93070        0.91955
    59.0        0.00024        0.93400        0.92172
    60.0        0.00024        0.93711        0.92380
    61.0        0.00023        0.94004        0.92580
    62.0        0.00023        0.94281        0.92772
    63.0        0.00023        0.94541        0.92957
    64.0        0.00023        0.94786        0.93135
    65.0        0.00023        0.95018        0.93307
    66.0        0.00023        0.95237        0.93472
    67.0        0.00023        0.95444        0.93631
    68.0        0.00023        0.95639        0.93785
    69.0        0.00022        0.95822        0.93929
    70.0        0.00022        0.95993        0.94066
    71.0        0.00022        0.96155        0.94199
    72.0        0.00022        0.96310        0.94327
    73.0        0.00022        0.96456        0.94451
    74.0        0.00022        0.96595        0.94571
    75.0        0.00022        0.96726        0.94687
    76.0        0.00022        0.96852        0.94800
    77.0        0.00021        0.96971        0.94909
    78.0        0.00021        0.97084        0.95014
    79.0        0.00021        0.97193        0.95116
    80.0        0.00021        0.97295        0.95215
    81.0        0.00021        0.97393        0.95311
    82.0        0.00021        0.97487        0.95405
    83.0        0.00021        0.97576        0.95495
    84.0        0.00021        0.97661        0.95583
    85.0        0.00021        0.97743        0.95668
    86.0        0.00021        0.97820        0.95751
    87.0        0.00021        0.97895        0.95831
    88.0        0.00021        0.97966        0.95909
    89.0        0.00020        0.98033        0.95985
    90.0        0.00020        0.98098        0.96059
    91.0        0.00020        0.98161        0.96131
    92.0        0.00020        0.98220        0.96201
    93.0        0.00020        0.98277        0.96269
    94.0        0.00020        0.98332        0.96335
    95.0        0.00020        0.98385        0.96399
    96.0        0.00020        0.98435        0.96462
    97.0        0.00020        0.98483        0.96523
    98.0        0.00020        0.98530        0.96582
    99.0        0.00020        0.98574        0.96640
   100.0        0.00020        0.98617        0.96697
   101.0        0.00020        0.98657        0.96750
   102.0        0.00020        0.98696        0.96802
   103.0        0.00020        0.98733        0.96853
   104.0        0.00020        0.98769        0.96902
   105.0        0.00020        0.98804        0.96950
   106.0        0.00019        0.98837        0.96998
   107.0        0.00019        0.98869        0.97044
   108.0        0.00019        0.98900        0.97088
   109.0        0.00019        0.98930        0.97132
   110.0        0.00019        0.98959        0.97175
   111.0        0.00019        0.98987        0.97217
   112.0        0.00019        0.99013        0.97258
   113.0        0.00019        0.99039        0.97298
   114.0        0.00019        0.99064        0.97338
   115.0        0.00019        0.99088        0.97376
   116.0        0.00019        0.99112        0.97413
   117.0        0.00019        0.99134        0.97450
   118.0        0.00019        0.99156        0.97486
   119.0        0.00019        0.99177        0.97521
   120.0        0.00019        0.99198        0.97555
   121.0        0.00019        0.99217        0.97589
   122.0        0.00019        0.99236        0.97622
   123.0        0.00019        0.99255        0.97654
   124.0        0.00019        0.99272        0.97685
   125.0        0.00018        0.99289        0.97716
   126.0        0.00018        0.99306        0.97746
   127.0        0.00018        0.99322        0.97776
   128.0        0.00018        0.99338        0.97805
   129.0        0.00018        0.99353        0.97834
   130.0        0.00018        0.99367        0.97862
   131.0        0.00018        0.99382        0.97889
   132.0        0.00018        0.99395        0.97916
   133.0        0.00018        0.99409        0.97942
   134.0        0.00018        0.99422        0.97967
   135.0        0.00018        0.99434        0.97992
   136.0        0.00018        0.99446        0.98016
   137.0        0.00018        0.99458        0.98040
   138.0        0.00018        0.99469        0.98063
   139.0        0.00018        0.99480        0.98086
   140.0        0.00018        0.99491        0.98109
   141.0        0.00018        0.99502        0.98131
   142.0        0.00018        0.99512        0.98153
   143.0        0.00018        0.99522        0.98174
   144.0        0.00018        0.99532        0.98195
   145.0        0.00018        0.99541        0.98215
   146.0        0.00018        0.99550        0.98235
   147.0        0.00018        0.99559        0.98255
   148.0        0.00018        0.99568        0.98275
   149.0        0.00018        0.99576        0.98294
   150.0        0.00017        0.99585        0.98313
   151.0        0.00017        0.99593        0.98331
   152.0        0.00017        0.99600        0.98349
   153.0        0.00017        0.99608        0.98367
   154.0        0.00017        0.99615        0.98385
   155.0        0.00017        0.99623        0.98402
   156.0        0.00017        0.99630        0.98419
   157.0        0.00017        0.99637        0.98436
   158.0        0.00017        0.99643        0.98452
   159.0        0.00017        0.99650        0.98468
   160.0        0.00017        0.99656        0.98484
   161.0        0.00017        0.99663        0.98500
   162.0        0.00017        0.99669        0.98515
   163.0        0.00017        0.99675        0.98530
   164.0        0.00017        0.99680        0.98545
   165.0        0.00017        0.99686        0.98560
   166.0        0.00017        0.99692        0.98574
   167.0        0.00017        0.99697        0.98588
   168.0        0.00017        0.99702        0.98602
   169.0        0.00017        0.99707        0.98616
   170.0        0.00017        0.99713        0.98630
   171.0        0.00017        0.99717        0.98643
   172.0        0.00017        0.99722        0.98656
   173.0        0.00017        0.99727        0.98669
   174.0        0.00017        0.99731        0.98681
   175.0        0.00017        0.99736        0.98693
   176.0        0.00017        0.99740        0.98705
   177.0        0.00017        0.99744        0.98717
   178.0        0.00017        0.99749        0.98729
   179.0        0.00017        0.99753        0.98741
   180.0        0.00016        0.99757        0.98752
   181.0        0.00016        0.99760        0.98763
   182.0        0.00016        0.99764        0.98774
   183.0        0.00016        0.99768        0.98785
   184.0        0.00016        0.99772        0.98796
   185.0        0.00016        0.99775        0.98806
   186.0        0.00016        0.99779        0.98817
   187.0        0.00016        0.99782        0.98827
   188.0        0.00016        0.99785        0.98837
   189.0        0.00016        0.99789        0.98847
   190.0        0.00016        0.99792        0.98857
   191.0        0.00016        0.99795        0.98867
   192.0        0.00016        0.99798        0.98877
   193.0        0.00016        0.99801        0.98886
   194.0        0.00016        0.99804        0.98895
   195.0        0.00016        0.99807        0.98905
   196.0        0.00016        0.99810        0.98914
   197.0        0.00016        0.99813        0.98923
   198.0        0.00016        0.99815        0.98932
   199.0        0.00016        0.99818        0.98941
   200.0        0.00016        0.99821        0.98949
   201.0        0.00016        0.99823        0.98958
   202.0        0.00016        0.99826        0.98966
   203.0        0.00016        0.99828        0.98974
   204.0        0.00016        0.99830        0.98983
   205.0        0.00016        0.99833        0.98991
   206.0        0.00016        0.99835        0.98999
   207.0        0.00016        0.99837        0.99007
   208.0        0.00016        0.99839        0.99015
   209.0        0.00016        0.99841        0.99022
   210.0        0.00016        0.99843        0.99030
   211.0        0.00016        0.99846        0.99037
   212.0        0.00016        0.99848        0.99045
   213.0        0.00016        0.99850        0.99052
   214.0        0.00016        0.99852        0.99059
   215.0        0.00015        0.99853        0.99067
   216.0        0.00015        0.99855        0.99074
   217.0        0.00015        0.99857        0.99081
   218.0        0.00015        0.99859        0.99088
   219.0        0.00015        0.99861        0.99094
   220.0        0.00015        0.99862        0.99101
   221.0        0.00015        0.99864        0.99108
   222.0        0.00015        0.99866        0.99115
   223.0        0.00015        0.99868        0.99121
   224.0        0.00015        0.99869        0.99127
   225.0        0.00015        0.99871        0.99134
   226.0        0.00015        0.99872        0.99140
   227.0        0.00015        0.99874        0.99146
   228.0        0.00015        0.99876        0.99153
   229.0        0.00015        0.99877        0.99159
   230.0        0.00015        0.99879        0.99165
   231.0        0.00015        0.99880        0.99171
   232.0        0.00015        0.99881        0.99176
   233.0        0.00015        0.99883        0.99182
   234.0        0.00015        0.99884        0.99188
   235.0        0.00015        0.99886        0.99194
   236.0        0.00015        0.99887        0.99199
   237.0        0.00015        0.99888        0.99205
   238.0        0.00015        0.99890        0.99210
   239.0        0.00015        0.99891        0.99216
   240.0        0.00015        0.99892        0.99221
   241.0        0.00015        0.99893        0.99226
   242.0        0.00015        0.99895        0.99232
   243.0        0.00015        0.99896        0.99237
   244.0        0.00015        0.99897        0.99242
   245.0        0.00015        0.99898        0.99247
   246.0        0.00015        0.99899        0.99252
   247.0        0.00015        0.99900        0.99257
   248.0        0.00015        0.99902        0.99262
   249.0        0.00015        0.99903        0.99267
   250.0        0.00015        0.99904        0.99272
   251.0        0.00015        0.99905        0.99277
   252.0        0.00015        0.99906        0.99281
   253.0        0.00015        0.99907        0.99286
   254.0        0.00015        0.99908        0.99291
   255.0        0.00015        0.99909        0.99295
   256.0        0.00015        0.99910        0.99300
   257.0        0.00015        0.99911        0.99304
   258.0        0.00015        0.99912        0.99309
   259.0        0.00015        0.99913        0.99313
   260.0        0.00015        0.99914        0.99318
   261.0        0.00015        0.99915        0.99322
   262.0        0.00014        0.99915        0.99326
   263.0        0.00014        0.99916        0.99330
   264.0        0.00014        0.99917        0.99335
   265.0        0.00014        0.99918        0.99339
   266.0        0.00014        0.99919        0.99343
   267.0        0.00014        0.99920        0.99347
   268.0        0.00014        0.99921        0.99351
   269.0        0.00014        0.99921        0.99355
   270.0        0.00014        0.99922        0.99358
   271.0        0.00014        0.99923        0.99362
   272.0        0.00014        0.99924        0.99366
   273.0        0.00014        0.99925        0.99370
   274.0        0.00014        0.99925        0.99373
   275.0        0.00014        0.99926        0.99377
   276.0        0.00014        0.99927        0.99381
   277.0        0.00014        0.99928        0.99384
   278.0        0.00014        0.99928        0.99388
   279.0        0.00014        0.99929        0.99391
   280.0        0.00014        0.99930        0.99395
   281.0        0.00014        0.99930        0.99398
   282.0        0.00014        0.99931        0.99402
   283.0        0.00014        0.99932        0.99405
   284.0        0.00014        0.99932        0.99408
   285.0        0.00014        0.99933        0.99412
   286.0        0.00014        0.99934        0.99415
   287.0        0.00014        0.99934        0.99418
   288.0        0.00014        0.99935        0.99421
   289.0        0.00014        0.99935        0.99425
   290.0        0.00014        0.99936        0.99428
   291.0        0.00014        0.99937        0.99431
   292.0        0.00014        0.99937        0.99434
   293.0        0.00014        0.99938        0.99437
   294.0        0.00014        0.99938        0.99440
   295.0        0.00014        0.99939        0.99443
   296.0        0.00014        0.99940        0.99446
   297.0        0.00014        0.99940        0.99449
   298.0        0.00014        0.99941        0.99452
   299.0        0.00014        0.99941        0.99455
   300.0        0.00014        0.99942        0.99458
   301.0        0.00014        0.99942        0.99461
   302.0        0.00014        0.99943        0.99464
   303.0        0.00014        0.99943        0.99467
   304.0        0.00014        0.99944        0.99469
   305.0        0.00014        0.99944        0.99472
   306.0        0.00014        0.99945        0.99475
   307.0        0.00014        0.99945        0.99478
   308.0        0.00014        0.99946        0.99480
   309.0        0.00014        0.99946        0.99483
   310.0        0.00014        0.99946        0.99486
   311.0        0.00014        0.99947        0.99488
   312.0        0.00014        0.99947        0.99491
   313.0        0.00014        0.99948        0.99494
   314.0        0.00014        0.99948        0.99496
   315.0        0.00014        0.99949        0.99499
   316.0        0.00013        0.99949        0.99501
   317.0        0.00013        0.99949        0.99504
   318.0        0.00013        0.99950        0.99506
   319.0        0.00013        0.99950        0.99509
   320.0        0.00013        0.99951        0.99511
   321.0        0.00013        0.99951        0.99514
   322.0        0.00013        0.99951        0.99516
   323.0        0.00013        0.99952        0.99519
   324.0        0.00013        0.99952        0.99521
   325.0        0.00013        0.99953        0.99523
   326.0        0.00013        0.99953        0.99526
   327.0        0.00013        0.99953        0.99528
   328.0        0.00013        0.99954        0.99530
   329.0        0.00013        0.99954        0.99533
   330.0        0.00013        0.99954        0.99535
   331.0        0.00013        0.99955        0.99537
   332.0        0.00013        0.99955        0.99539
   333.0        0.00013        0.99955        0.99542
   334.0        0.00013        0.99956        0.99544
   335.0        0.00013        0.99956        0.99546
   336.0        0.00013        0.99956        0.99548
   337.0        0.00013        0.99957        0.99550
   338.0        0.00013        0.99957        0.99553
   339.0        0.00013        0.99957        0.99555
   340.0        0.00013        0.99958        0.99557
   341.0        0.00013        0.99958        0.99559
   342.0        0.00013        0.99958        0.99561
   343.0        0.00013        0.99959        0.99563
   344.0        0.00013        0.99959        0.99565
   345.0        0.00013        0.99959        0.99567
   346.0        0.00013        0.99960        0.99569
   347.0        0.00013        0.99960        0.99571
   348.0        0.00013        0.99960        0.99573
   349.0        0.00013        0.99960        0.99575
   350.0        0.00013        0.99961        0.99577
   351.0        0.00013        0.99961        0.99579
   352.0        0.00013        0.99961        0.99581
   353.0        0.00013        0.99962        0.99583
   354.0        0.00013        0.99962        0.99585
   355.0        0.00013        0.99962        0.99587
   356.0        0.00013        0.99962        0.99588
   357.0        0.00013        0.99963        0.99590
   358.0        0.00013        0.99963        0.99592
   359.0        0.00013        0.99963        0.99594
   360.0        0.00013        0.99964        0.99596
   361.0        0.00013        0.99964        0.99598
   362.0        0.00013        0.99964        0.99599
   363.0        0.00013        0.99964        0.99601
   364.0        0.00013        0.99965        0.99603
   365.0        0.00013        0.99965        0.99605
   366.0        0.00013        0.99965        0.99606
   367.0        0.00013        0.99965        0.99608
   368.0        0.00013        0.99966        0.99610
   369.0        0.00013        0.99966        0.99611
   370.0        0.00013        0.99966        0.99613
   371.0        0.00013        0.99966        0.99615
   372.0        0.00013        0.99966        0.99617
   373.0        0.00013        0.99967        0.99618
   374.0        0.00013        0.99967        0.99620
   375.0        0.00013        0.99967        0.99621
   376.0        0.00013        0.99967        0.99623
   377.0        0.00013        0.99968        0.99625
   378.0        0.00013        0.99968        0.99626
   379.0        0.00013        0.99968        0.99628
   380.0        0.00013        0.99968        0.99629
   381.0        0.00013        0.99968        0.99631
   382.0        0.00013        0.99969        0.99633
   383.0        0.00013        0.99969        0.99634
   384.0        0.00013        0.99969        0.99636
   385.0        0.00013        0.99969        0.99637
   386.0        0.00012        0.99970        0.99639
   387.0        0.00012        0.99970        0.99640
   388.0        0.00012        0.99970        0.99642
   389.0        0.00012        0.99970        0.99643
   390.0        0.00012        0.99970        0.99645
   391.0        0.00012        0.99970        0.99646
   392.0        0.00012        0.99971        0.99648
   393.0        0.00012        0.99971        0.99649
   394.0        0.00012        0.99971        0.99650
   395.0        0.00012        0.99971        0.99652
   396.0        0.00012        0.99971        0.99653
   397.0        0.00012        0.99972        0.99655
   398.0        0.00012        0.99972        0.99656
   399.0        0.00012        0.99972        0.99657
   400.0        0.00012        0.99972        0.99659
   401.0        0.00012        0.99972        0.99660
   402.0        0.00012        0.99972        0.99662
   403.0        0.00012        0.99973        0.99663
   404.0        0.00012        0.99973        0.99664
   405.0        0.00012        0.99973        0.99666
   406.0        0.00012        0.99973        0.99667
   407.0        0.00012        0.99973        0.99668
   408.0        0.00012        0.99973        0.99670
   409.0        0.00012        0.99974        0.99671
   410.0        0.00012        0.99974        0.99672
   411.0        0.00012        0.99974        0.99673
   412.0        0.00012        0.99974        0.99675
   413.0        0.00012        0.99974        0.99676
   414.0        0.00012        0.99974        0.99677
   415.0        0.00012        0.99975        0.99679
   416.0        0.00012        0.99975        0.99680
   417.0        0.00012        0.99975        0.99681
   418.0        0.00012        0.99975        0.99682
   419.0        0.00012        0.99975        0.99683
   420.0        0.00012        0.99975        0.99685
   421.0        0.00012        0.99975        0.99686
   422.0        0.00012        0.99976        0.99687
   423.0        0.00012        0.99976        0.99688
   424.0        0.00012        0.99976        0.99689
   425.0        0.00012        0.99976        0.99691
   426.0        0.00012        0.99976        0.99692
   427.0        0.00012        0.99976        0.99693
   428.0        0.00012        0.99976        0.99694
   429.0        0.00012        0.99976        0.99695
   430.0        0.00012        0.99977        0.99696
   431.0        0.00012        0.99977        0.99697
   432.0        0.00012        0.99977        0.99699
   433.0        0.00012        0.99977        0.99700
   434.0        0.00012        0.99977        0.99701
   435.0        0.00012        0.99977        0.99702
   436.0        0.00012        0.99977        0.99703
   437.0        0.00012        0.99977        0.99704
   438.0        0.00012        0.99978        0.99705
   439.0        0.00012        0.99978        0.99706
   440.0        0.00012        0.99978        0.99707
   441.0        0.00012        0.99978        0.99708
   442.0        0.00012        0.99978        0.99709
   443.0        0.00012        0.99978        0.99710
   444.0        0.00012        0.99978        0.99711
   445.0        0.00012        0.99978        0.99712
   446.0        0.00012        0.99979        0.99713
   447.0        0.00012        0.99979        0.99714
   448.0        0.00012        0.99979        0.99715
   449.0        0.00012        0.99979        0.99716
   450.0        0.00012        0.99979        0.99717
   451.0        0.00012        0.99979        0.99718
   452.0        0.00012        0.99979        0.99719
   453.0        0.00012        0.99979        0.99720
   454.0        0.00012        0.99979        0.99721
   455.0        0.00012        0.99980        0.99722
   456.0        0.00012        0.99980        0.99723
   457.0        0.00012        0.99980        0.99724
   458.0        0.00012        0.99980        0.99725
   459.0        0.00012        0.99980        0.99726
   460.0        0.00012        0.99980        0.99727
   461.0        0.00012        0.99980        0.99728
   462.0        0.00012        0.99980        0.99729
   463.0        0.00012        0.99980        0.99730
   464.0        0.00012        0.99980        0.99731
   465.0        0.00012        0.99981        0.99732
   466.0        0.00012        0.99981        0.99732
   467.0        0.00012        0.99981        0.99733
   468.0        0.00012        0.99981        0.99734
   469.0        0.00012        0.99981        0.99735
   470.0        0.00012        0.99981        0.99736
   471.0        0.00012        0.99981        0.99737
   472.0        0.00012        0.99981        0.99738
   473.0        0.00012        0.99981        0.99739
   474.0        0.00012        0.99981        0.99740
   475.0        0.00011        0.99981        0.99740
   476.0        0.00011        0.99982        0.99741
   477.0        0.00011        0.99982        0.99742
   478.0        0.00011        0.99982        0.99743
   479.0        0.00011        0.99982        0.99744
   480.0        0.00011        0.99982        0.99745
   481.0        0.00011        0.99982        0.99746
   482.0        0.00011        0.99982        0.99746
   483.0        0.00011        0.99982        0.99747
   484.0        0.00011        0.99982        0.99748
   485.0        0.00011        0.99982        0.99749
   486.0        0.00011        0.99982        0.99750
   487.0        0.00011        0.99983        0.99750
   488.0        0.00011        0.99983        0.99751
   489.0        0.00011        0.99983        0.99752
   490.0        0.00011        0.99983        0.99753
   491.0        0.00011        0.99983        0.99754
   492.0        0.00011        0.99983        0.99754
   493.0        0.00011        0.99983        0.99755
   494.0        0.00011        0.99983        0.99756
   495.0        0.00011        0.99983        0.99757
   496.0        0.00011        0.99983        0.99758
   497.0        0.00011        0.99983        0.99758
   498.0        0.00011        0.99983        0.99759
   499.0        0.00011        0.99984        0.99760
   500.0        0.00011        0.99984        0.99761
   501.0        0.00011        0.99984        0.99761
   502.0        0.00011        0.99984        0.99762
   503.0        0.00011        0.99984        0.99763
   504.0        0.00011        0.99984        0.99764
   505.0        0.00011        0.99984        0.99764
   506.0        0.00011        0.99984        0.99765
   507.0        0.00011        0.99984        0.99766
   508.0        0.00011        0.99984        0.99767
   509.0        0.00011        0.99984        0.99767
   510.0        0.00011        0.99984        0.99768
   511.0        0.00011        0.99984        0.99769
   512.0        0.00011        0.99984        0.99769
   513.0        0.00011        0.99984        0.99770
   514.0        0.00011        0.99985        0.99771
   515.0        0.00011        0.99985        0.99771
   516.0        0.00011        0.99985        0.99772
   517.0        0.00011        0.99985        0.99773
   518.0        0.00011        0.99985        0.99774
   519.0        0.00011        0.99985        0.99774
   520.0        0.00011        0.99985        0.99775
   521.0        0.00011        0.99985        0.99776
   522.0        0.00011        0.99985        0.99776
   523.0        0.00011        0.99985        0.99777
   524.0        0.00011        0.99985        0.99778
   525.0        0.00011        0.99985        0.99778
   526.0        0.00011        0.99985        0.99779
   527.0        0.00011        0.99985        0.99780
   528.0        0.00011        0.99985        0.99780
   529.0        0.00011        0.99985        0.99781
   530.0        0.00011        0.99986        0.99782
   531.0        0.00011        0.99986        0.99782
   532.0        0.00011        0.99986        0.99783
   533.0        0.00011        0.99986        0.99784
   534.0        0.00011        0.99986        0.99784
   535.0        0.00011        0.99986        0.99785
   536.0        0.00011        0.99986        0.99785
   537.0        0.00011        0.99986        0.99786
   538.0        0.00011        0.99986        0.99787
   539.0        0.00011        0.99986        0.99787
   540.0        0.00011        0.99986        0.99788
   541.0        0.00011        0.99986        0.99789
   542.0        0.00011        0.99986        0.99789
   543.0        0.00011        0.99986        0.99790
   544.0        0.00011        0.99986        0.99790
   545.0        0.00011        0.99986        0.99791
   546.0        0.00011        0.99986        0.99792
   547.0        0.00011        0.99986        0.99792
   548.0        0.00011        0.99987        0.99793
   549.0        0.00011        0.99987        0.99793
   550.0        0.00011        0.99987        0.99794
   551.0        0.00011        0.99987        0.99795
   552.0        0.00011        0.99987        0.99795
   553.0        0.00011        0.99987        0.99796
   554.0        0.00011        0.99987        0.99796
   555.0        0.00011        0.99987        0.99797
   556.0        0.00011        0.99987        0.99798
   557.0        0.00011        0.99987        0.99798
   558.0        0.00011        0.99987        0.99799
   559.0        0.00011        0.99987        0.99799
   560.0        0.00011        0.99987        0.99800
   561.0        0.00011        0.99987        0.99800
   562.0        0.00011        0.99987        0.99801
   563.0        0.00011        0.99987        0.99801
   564.0        0.00011        0.99987        0.99802
   565.0        0.00011        0.99987        0.99803
   566.0        0.00011        0.99987        0.99803
   567.0        0.00011        0.99987        0.99804
   568.0        0.00011        0.99988        0.99804
   569.0        0.00011        0.99988        0.99805
   570.0        0.00011        0.99988        0.99805
   571.0        0.00011        0.99988        0.99806
   572.0        0.00011        0.99988        0.99806
   573.0        0.00011        0.99988        0.99807
   574.0        0.00011        0.99988        0.99807
   575.0        0.00011        0.99988        0.99808
   576.0        0.00011        0.99988        0.99808
   577.0        0.00011        0.99988        0.99809
   578.0        0.00011        0.99988        0.99809
   579.0        0.00011        0.99988        0.99810
   580.0        0.00011        0.99988        0.99810
   581.0        0.00011        0.99988        0.99811
   582.0        0.00011        0.99988        0.99811
   583.0        0.00011        0.99988        0.99812
   584.0        0.00011        0.99988        0.99812
   585.0        0.00011        0.99988        0.99813
   586.0        0.00011        0.99988        0.99813
   587.0        0.00011        0.99988        0.99814
   588.0        0.00011        0.99988        0.99814
   589.0        0.00010        0.99988        0.99815
   590.0        0.00010        0.99988        0.99815
   591.0        0.00010        0.99989        0.99816
   592.0        0.00010        0.99989        0.99816
   593.0        0.00010        0.99989        0.99817
   594.0        0.00010        0.99989        0.99817
   595.0        0.00010        0.99989        0.99818
   596.0        0.00010        0.99989        0.99818
   597.0        0.00010        0.99989        0.99819
   598.0        0.00010        0.99989        0.99819
   599.0        0.00010        0.99989        0.99820
   600.0        0.00010        0.99989        0.99820
   601.0        0.00010        0.99989        0.99821
   602.0        0.00010        0.99989        0.99821
   603.0        0.00010        0.99989        0.99822
   604.0        0.00010        0.99989        0.99822
   605.0        0.00010        0.99989        0.99822
   606.0        0.00010        0.99989        0.99823
   607.0        0.00010        0.99989        0.99823
   608.0        0.00010        0.99989        0.99824
   609.0        0.00010        0.99989        0.99824
   610.0        0.00010        0.99989        0.99825
   611.0        0.00010        0.99989        0.99825
   612.0        0.00010        0.99989        0.99826
   613.0        0.00010        0.99989        0.99826
   614.0        0.00010        0.99989        0.99826
   615.0        0.00010        0.99989        0.99827
   616.0        0.00010        0.99989        0.99827
   617.0        0.00010        0.99990        0.99828
   618.0        0.00010        0.99990        0.99828
   619.0        0.00010        0.99990        0.99829
   620.0        0.00010        0.99990        0.99829
   621.0        0.00010        0.99990        0.99830
   622.0        0.00010        0.99990        0.99830
   623.0        0.00010        0.99990        0.99830
   624.0        0.00010        0.99990        0.99831
   625.0        0.00010        0.99990        0.99831
   626.0        0.00010        0.99990        0.99832
   627.0        0.00010        0.99990        0.99832
   628.0        0.00010        0.99990        0.99832
   629.0        0.00010        0.99990        0.99833
   630.0        0.00010        0.99990        0.99833
   631.0        0.00010        0.99990        0.99834
   632.0        0.00010        0.99990        0.99834
   633.0        0.00010        0.99990        0.99834
   634.0        0.00010        0.99990        0.99835
   635.0        0.00010        0.99990        0.99835
   636.0        0.00010        0.99990        0.99836
   637.0        0.00010        0.99990        0.99836
   638.0        0.00010        0.99990        0.99837
   639.0        0.00010        0.99990        0.99837
   640.0        0.00010        0.99990        0.99837
   641.0        0.00010        0.99990        0.99838
   642.0        0.00010        0.99990        0.99838
   643.0        0.00010        0.99990        0.99838
   644.0        0.00010        0.99990        0.99839
   645.0        0.00010        0.99990        0.99839
   646.0        0.00010        0.99990        0.99840
   647.0        0.00010        0.99991        0.99840
   648.0        0.00010        0.99991        0.99840
   649.0        0.00010        0.99991        0.99841
   650.0        0.00010        0.99991        0.99841
   651.0        0.00010        0.99991        0.99842
   652.0        0.00010        0.99991        0.99842
   653.0        0.00010        0.99991        0.99842
   654.0        0.00010        0.99991        0.99843
   655.0        0.00010        0.99991        0.99843
   656.0        0.00010        0.99991        0.99843
   657.0        0.00010        0.99991        0.99844
   658.0        0.00010        0.99991        0.99844
   659.0        0.00010        0.99991        0.99845
   660.0        0.00010        0.99991        0.99845
   661.0        0.00010        0.99991        0.99845
   662.0        0.00010        0.99991        0.99846
   663.0        0.00010        0.99991        0.99846
   664.0        0.00010        0.99991        0.99846
   665.0        0.00010        0.99991        0.99847
   666.0        0.00010        0.99991        0.99847
   667.0        0.00010        0.99991        0.99847
   668.0        0.00010        0.99991        0.99848
   669.0        0.00010        0.99991        0.99848
   670.0        0.00010        0.99991        0.99848
   671.0        0.00010        0.99991        0.99849
   672.0        0.00010        0.99991        0.99849
   673.0        0.00010        0.99991        0.99850
   674.0        0.00010        0.99991        0.99850
   675.0        0.00010        0.99991        0.99850
   676.0        0.00010        0.99991        0.99851
   677.0        0.00010        0.99991        0.99851
   678.0        0.00010        0.99991        0.99851
   679.0        0.00010        0.99991        0.99852
   680.0        0.00010        0.99991        0.99852
   681.0        0.00010        0.99991        0.99852
   682.0        0.00010        0.99991        0.99853
   683.0        0.00010        0.99991        0.99853
   684.0        0.00010        0.99991        0.99853
   685.0        0.00010        0.99991        0.99854
   686.0        0.00010        0.99992        0.99854
   687.0        0.00010        0.99992        0.99854
   688.0        0.00010        0.99992        0.99855
   689.0        0.00010        0.99992        0.99855
   690.0        0.00010        0.99992        0.99855
   691.0        0.00010        0.99992        0.99856
   692.0        0.00010        0.99992        0.99856
   693.0        0.00010        0.99992        0.99856
   694.0        0.00010        0.99992        0.99857
   695.0        0.00010        0.99992        0.99857
   696.0        0.00010        0.99992        0.99857
   697.0        0.00010        0.99992        0.99857
   698.0        0.00010        0.99992        0.99858
   699.0        0.00010        0.99992        0.99858
   700.0        0.00010        0.99992        0.99858
   701.0        0.00010        0.99992        0.99859
   702.0        0.00010        0.99992        0.99859
   703.0        0.00010        0.99992        0.99859
   704.0        0.00010        0.99992        0.99860
   705.0        0.00010        0.99992        0.99860
   706.0        0.00010        0.99992        0.99860
   707.0        0.00010        0.99992        0.99861
   708.0        0.00010        0.99992        0.99861
   709.0        0.00010        0.99992        0.99861
   710.0        0.00010        0.99992        0.99861
   711.0        0.00010        0.99992        0.99862
   712.0        0.00010        0.99992        0.99862
   713.0        0.00010        0.99992        0.99862
   714.0        0.00010        0.99992        0.99863
   715.0        0.00010        0.99992        0.99863
   716.0        0.00010        0.99992        0.99863
   717.0        0.00010        0.99992        0.99864
   718.0        0.00010        0.99992        0.99864
   719.0        0.00010        0.99992        0.99864
   720.0        0.00010        0.99992        0.99864
   721.0        0.00010        0.99992        0.99865
   722.0        0.00010        0.99992        0.99865
   723.0        0.00010        0.99992        0.99865
   724.0        0.00010        0.99992        0.99866
   725.0        0.00010        0.99992        0.99866
   726.0        0.00010        0.99992        0.99866
   727.0        0.00010        0.99992        0.99866
   728.0        0.00010        0.99992        0.99867
   729.0        0.00010        0.99992        0.99867
   730.0        0.00010        0.99992        0.99867
   731.0        0.00010        0.99992        0.99868
   732.0        0.00010        0.99993        0.99868
   733.0        0.00010        0.99993        0.99868
   734.0        0.00010        0.99993        0.99868
   735.0        0.00010        0.99993        0.99869
   736.0        0.00010        0.99993        0.99869
   737.0        0.00009        0.99993        0.99869
   738.0        0.00009        0.99993        0.99870
   739.0        0.00009        0.99993        0.99870
   740.0        0.00009        0.99993        0.99870
   741.0        0.00009        0.99993        0.99870
   742.0        0.00009        0.99993        0.99871
   743.0        0.00009        0.99993        0.99871
   744.0        0.00009        0.99993        0.99871
   745.0        0.00009        0.99993        0.99871
   746.0        0.00009        0.99993        0.99872
   747.0        0.00009        0.99993        0.99872
   748.0        0.00009        0.99993        0.99872
   749.0        0.00009        0.99993        0.99873
   750.0        0.00009        0.99993        0.99873
   751.0        0.00009        0.99993        0.99873
   752.0        0.00009        0.99993        0.99873
   753.0        0.00009        0.99993        0.99874
   754.0        0.00009        0.99993        0.99874
   755.0        0.00009        0.99993        0.99874
   756.0        0.00009        0.99993        0.99874
   757.0        0.00009        0.99993        0.99875
   758.0        0.00009        0.99993        0.99875
   759.0        0.00009        0.99993        0.99875
   760.0        0.00009        0.99993        0.99875
   761.0        0.00009        0.99993        0.99876
   762.0        0.00009        0.99993        0.99876
   763.0        0.00009        0.99993        0.99876
   764.0        0.00009        0.99993        0.99876
   765.0        0.00009        0.99993        0.99877
   766.0        0.00009        0.99993        0.99877
   767.0        0.00009        0.99993        0.99877
   768.0        0.00009        0.99993        0.99877
   769.0        0.00009        0.99993        0.99878
   770.0        0.00009        0.99993        0.99878
   771.0        0.00009        0.99993        0.99878
   772.0        0.00009        0.99993        0.99878
   773.0        0.00009        0.99993        0.99879
   774.0        0.00009        0.99993        0.99879
   775.0        0.00009        0.99993        0.99879
   776.0        0.00009        0.99993        0.99879
   777.0        0.00009        0.99993        0.99879
   778.0        0.00009        0.99993        0.99880
   779.0        0.00009        0.99993        0.99880
   780.0        0.00009        0.99993        0.99880
   781.0        0.00009        0.99993        0.99880
   782.0        0.00009        0.99993        0.99881
   783.0        0.00009        0.99993        0.99881
   784.0        0.00009        0.99993        0.99881
   785.0        0.00009        0.99993        0.99881
   786.0        0.00009        0.99993        0.99882
   787.0        0.00009        0.99993        0.99882
   788.0        0.00009        0.99993        0.99882
   789.0        0.00009        0.99993        0.99882
   790.0        0.00009        0.99993        0.99882
   791.0        0.00009        0.99994        0.99883
   792.0        0.00009        0.99994        0.99883
   793.0        0.00009        0.99994        0.99883
   794.0        0.00009        0.99994        0.99883
   795.0        0.00009        0.99994        0.99884
   796.0        0.00009        0.99994        0.99884
   797.0        0.00009        0.99994        0.99884
   798.0        0.00009        0.99994        0.99884
   799.0        0.00009        0.99994        0.99884
   800.0        0.00009        0.99994        0.99885
   801.0        0.00009        0.99994        0.99885
   802.0        0.00009        0.99994        0.99885
   803.0        0.00009        0.99994        0.99885
   804.0        0.00009        0.99994        0.99886
   805.0        0.00009        0.99994        0.99886
   806.0        0.00009        0.99994        0.99886
   807.0        0.00009        0.99994        0.99886
   808.0        0.00009        0.99994        0.99886
   809.0        0.00009        0.99994        0.99887
   810.0        0.00009        0.99994        0.99887
   811.0        0.00009        0.99994        0.99887
   812.0        0.00009        0.99994        0.99887
   813.0        0.00009        0.99994        0.99888
   814.0        0.00009        0.99994        0.99888
   815.0        0.00009        0.99994        0.99888
   816.0        0.00009        0.99994        0.99888
   817.0        0.00009        0.99994        0.99888
   818.0        0.00009        0.99994        0.99889
   819.0        0.00009        0.99994        0.99889
   820.0        0.00009        0.99994        0.99889
   821.0        0.00009        0.99994        0.99889
   822.0        0.00009        0.99994        0.99889
   823.0        0.00009        0.99994        0.99890
   824.0        0.00009        0.99994        0.99890
   825.0        0.00009        0.99994        0.99890
   826.0        0.00009        0.99994        0.99890
   827.0        0.00009        0.99994        0.99890
   828.0        0.00009        0.99994        0.99891
   829.0        0.00009        0.99994        0.99891
   830.0        0.00009        0.99994        0.99891
   831.0        0.00009        0.99994        0.99891
   832.0        0.00009        0.99994        0.99891
   833.0        0.00009        0.99994        0.99892
   834.0        0.00009        0.99994        0.99892
   835.0        0.00009        0.99994        0.99892
   836.0        0.00009        0.99994        0.99892
   837.0        0.00009        0.99994        0.99892
   838.0        0.00009        0.99994        0.99893
   839.0        0.00009        0.99994        0.99893
   840.0        0.00009        0.99994        0.99893
   841.0        0.00009        0.99994        0.99893
   842.0        0.00009        0.99994        0.99893
   843.0        0.00009        0.99994        0.99894
   844.0        0.00009        0.99994        0.99894
   845.0        0.00009        0.99994        0.99894
   846.0        0.00009        0.99994        0.99894
   847.0        0.00009        0.99994        0.99894
   848.0        0.00009        0.99994        0.99895
   849.0        0.00009        0.99994        0.99895
   850.0        0.00009        0.99994        0.99895
   851.0        0.00009        0.99994        0.99895
   852.0        0.00009        0.99994        0.99895
   853.0        0.00009        0.99994        0.99895
   854.0        0.00009        0.99994        0.99896
   855.0        0.00009        0.99994        0.99896
   856.0        0.00009        0.99994        0.99896
   857.0        0.00009        0.99994        0.99896
   858.0        0.00009        0.99994        0.99896
   859.0        0.00009        0.99994        0.99897
   860.0        0.00009        0.99994        0.99897
   861.0        0.00009        0.99994        0.99897
   862.0        0.00009        0.99994        0.99897
   863.0        0.00009        0.99994        0.99897
   864.0        0.00009        0.99994        0.99897
   865.0        0.00009        0.99994        0.99898
   866.0        0.00009        0.99994        0.99898
   867.0        0.00009        0.99994        0.99898
   868.0        0.00009        0.99994        0.99898
   869.0        0.00009        0.99994        0.99898
   870.0        0.00009        0.99994        0.99899
   871.0        0.00009        0.99994        0.99899
   872.0        0.00009        0.99994        0.99899
   873.0        0.00009        0.99995        0.99899
   874.0        0.00009        0.99995        0.99899
   875.0        0.00009        0.99995        0.99899
   876.0        0.00009        0.99995        0.99900
   877.0        0.00009        0.99995        0.99900
   878.0        0.00009        0.99995        0.99900
   879.0        0.00009        0.99995        0.99900
   880.0        0.00009        0.99995        0.99900
   881.0        0.00009        0.99995        0.99900
   882.0        0.00009        0.99995        0.99901
   883.0        0.00009        0.99995        0.99901
   884.0        0.00009        0.99995        0.99901
   885.0        0.00009        0.99995        0.99901
   886.0        0.00009        0.99995        0.99901
   887.0        0.00009        0.99995        0.99901
   888.0        0.00009        0.99995        0.99902
   889.0        0.00009        0.99995        0.99902
   890.0        0.00009        0.99995        0.99902
   891.0        0.00009        0.99995        0.99902
   892.0        0.00009        0.99995        0.99902
   893.0        0.00009        0.99995        0.99902
   894.0        0.00009        0.99995        0.99903
   895.0        0.00009        0.99995        0.99903
   896.0        0.00009        0.99995        0.99903
   897.0        0.00009        0.99995        0.99903
   898.0        0.00009        0.99995        0.99903
   899.0        0.00009        0.99995        0.99903
   900.0        0.00009        0.99995        0.99904
   901.0        0.00009        0.99995        0.99904
   902.0        0.00009        0.99995        0.99904
   903.0        0.00009        0.99995        0.99904
   904.0        0.00009        0.99995        0.99904
   905.0        0.00009        0.99995        0.99904
   906.0        0.00009        0.99995        0.99905
   907.0        0.00009        0.99995        0.99905
   908.0        0.00009        0.99995        0.99905
   909.0        0.00009        0.99995        0.99905
   910.0        0.00009        0.99995        0.99905
   911.0        0.00009        0.99995        0.99905
   912.0        0.00009        0.99995        0.99906
   913.0        0.00009        0.99995        0.99906
   914.0        0.00009        0.99995        0.99906
   915.0        0.00009        0.99995        0.99906
   916.0        0.00009        0.99995        0.99906
   917.0        0.00009        0.99995        0.99906
   918.0        0.00009        0.99995        0.99907
   919.0        0.00009        0.99995        0.99907
   920.0        0.00009        0.99995        0.99907
   921.0        0.00009        0.99995        0.99907
   922.0        0.00009        0.99995        0.99907
   923.0        0.00009        0.99995        0.99907
   924.0        0.00009        0.99995        0.99907
   925.0        0.00009        0.99995        0.99908
   926.0        0.00009        0.99995        0.99908
   927.0        0.00009        0.99995        0.99908
   928.0        0.00009        0.99995        0.99908
   929.0        0.00009        0.99995        0.99908
   930.0        0.00009        0.99995        0.99908
   931.0        0.00009        0.99995        0.99908
   932.0        0.00008        0.99995        0.99909
   933.0        0.00008        0.99995        0.99909
   934.0        0.00008        0.99995        0.99909
   935.0        0.00008        0.99995        0.99909
   936.0        0.00008        0.99995        0.99909
   937.0        0.00008        0.99995        0.99909
   938.0        0.00008        0.99995        0.99910
   939.0        0.00008        0.99995        0.99910
   940.0        0.00008        0.99995        0.99910
   941.0        0.00008        0.99995        0.99910
   942.0        0.00008        0.99995        0.99910
   943.0        0.00008        0.99995        0.99910
   944.0        0.00008        0.99995        0.99910
   945.0        0.00008        0.99995        0.99911
   946.0        0.00008        0.99995        0.99911
   947.0        0.00008        0.99995        0.99911
   948.0        0.00008        0.99995        0.99911
   949.0        0.00008        0.99995        0.99911
   950.0        0.00008        0.99995        0.99911
   951.0        0.00008        0.99995        0.99911
   952.0        0.00008        0.99995        0.99912
   953.0        0.00008        0.99995        0.99912
   954.0        0.00008        0.99995        0.99912
   955.0        0.00008        0.99995        0.99912
   956.0        0.00008        0.99995        0.99912
   957.0        0.00008        0.99995        0.99912
   958.0        0.00008        0.99995        0.99912
   959.0        0.00008        0.99995        0.99913
   960.0        0.00008        0.99995        0.99913
   961.0        0.00008        0.99995        0.99913
   962.0        0.00008        0.99995        0.99913
   963.0        0.00008        0.99995        0.99913
   964.0        0.00008        0.99995        0.99913
   965.0        0.00008        0.99995        0.99913
   966.0        0.00008        0.99995        0.99914
   967.0        0.00008        0.99995        0.99914
   968.0        0.00008        0.99995        0.99914
   969.0        0.00008        0.99995        0.99914
   970.0        0.00008        0.99995        0.99914
   971.0        0.00008        0.99995        0.99914
   972.0        0.00008        0.99995        0.99914
   973.0        0.00008        0.99995        0.99914
   974.0        0.00008        0.99995        0.99915
   975.0        0.00008        0.99995        0.99915
   976.0        0.00008        0.99995        0.99915
   977.0        0.00008        0.99995        0.99915
   978.0        0.00008        0.99995        0.99915
   979.0        0.00008        0.99995        0.99915
   980.0        0.00008        0.99995        0.99915
   981.0        0.00008        0.99995        0.99916
   982.0        0.00008        0.99995        0.99916
   983.0        0.00008        0.99995        0.99916
   984.0        0.00008        0.99995        0.99916
   985.0        0.00008        0.99995        0.99916
   986.0        0.00008        0.99996        0.99916
   987.0        0.00008        0.99996        0.99916
   988.0        0.00008        0.99996        0.99916
   989.0        0.00008        0.99996        0.99917
   990.0        0.00008        0.99996        0.99917
   991.0        0.00008        0.99996        0.99917
   992.0        0.00008        0.99996        0.99917
   993.0        0.00008        0.99996        0.99917
   994.0        0.00008        0.99996        0.99917
   995.0        0.00008        0.99996        0.99917
   996.0        0.00008        0.99996        0.99917
   997.0        0.00008        0.99996        0.99918
   998.0        0.00008        0.99996        0.99918
   999.0        0.00008        0.99996        0.99918
  1000.0        0.00008        0.99996        0.99918
