 aluminum            
 Density =    2.700000      Aeff =    26.98154      Zeff =    13.00000    
     1.0     3182.96851        0.00135        0.00895
     2.0     6106.67041        0.00081        0.01832
     3.0     2112.08447        0.00226        0.02665
     4.0      966.45190        0.00425        0.03820
     5.0      519.31573        0.00685        0.05152
     6.0      308.50674        0.01001        0.06736
     7.0      198.81633        0.01356        0.08576
     8.0      135.99419        0.01743        0.10610
     9.0       95.96329        0.02192        0.12860
    10.0       70.31265        0.02675        0.15258
    11.0       53.11757        0.03196        0.17683
    12.0       41.15830        0.03759        0.20210
    13.0       32.58169        0.04368        0.22812
    14.0       26.26631        0.05017        0.25321
    15.0       21.50626        0.05714        0.27793
    16.0       17.74843        0.06502        0.30254
    17.0       14.83683        0.07349        0.32687
    18.0       12.54404        0.08239        0.34933
    19.0       10.71555        0.09186        0.37126
    20.0        9.23969        0.10189        0.39263
    21.0        8.03557        0.11250        0.41337
    22.0        7.04319        0.12366        0.43356
    23.0        6.21810        0.13536        0.45312
    24.0        5.52582        0.14749        0.47152
    25.0        4.93961        0.15997        0.48880
    26.0        4.44066        0.17292        0.50546
    27.0        4.01352        0.18627        0.52159
    28.0        3.64573        0.20002        0.53717
    29.0        3.32739        0.21413        0.55215
    30.0        3.05035        0.22857        0.56663
    31.0        2.80287        0.24377        0.58056
    32.0        2.58612        0.25928        0.59393
    33.0        2.39533        0.27499        0.60690
    34.0        2.22664        0.29086        0.61921
    35.0        2.07620        0.30659        0.63049
    36.0        1.94219        0.32241        0.64141
    37.0        1.82246        0.33828        0.65196
    38.0        1.71514        0.35417        0.66214
    39.0        1.61861        0.37004        0.67203
    40.0        1.53162        0.38587        0.68152
    41.0        1.45290        0.40160        0.69077
    42.0        1.38158        0.41723        0.69965
    43.0        1.31682        0.43275        0.70818
    44.0        1.25782        0.44810        0.71645
    45.0        1.20399        0.46328        0.72440
    46.0        1.15475        0.47826        0.73206
    47.0        1.10963        0.49302        0.73945
    48.0        1.06821        0.50754        0.74657
    49.0        1.03013        0.52182        0.75341
    50.0        0.99428        0.53548        0.75965
    51.0        0.96107        0.54885        0.76563
    52.0        0.93031        0.56194        0.77142
    53.0        0.90173        0.57471        0.77709
    54.0        0.87519        0.58719        0.78256
    55.0        0.85051        0.59937        0.78783
    56.0        0.82753        0.61125        0.79292
    57.0        0.80605        0.62281        0.79790
    58.0        0.78598        0.63407        0.80272
    59.0        0.76722        0.64502        0.80736
    60.0        0.74965        0.65568        0.81185
    61.0        0.73302        0.66614        0.81622
    62.0        0.71743        0.67631        0.82045
    63.0        0.70277        0.68618        0.82454
    64.0        0.68900        0.69576        0.82848
    65.0        0.67603        0.70504        0.83231
    66.0        0.66379        0.71404        0.83603
    67.0        0.65226        0.72275        0.83962
    68.0        0.64136        0.73120        0.84310
    69.0        0.63107        0.73938        0.84647
    70.0        0.62132        0.74729        0.84974
    71.0        0.61208        0.75495        0.85292
    72.0        0.60333        0.76236        0.85600
    73.0        0.59503        0.76952        0.85898
    74.0        0.58702        0.77641        0.86184
    75.0        0.57910        0.78295        0.86451
    76.0        0.57154        0.78927        0.86712
    77.0        0.56433        0.79539        0.86966
    78.0        0.55745        0.80131        0.87212
    79.0        0.55089        0.80703        0.87451
    80.0        0.54460        0.81257        0.87684
    81.0        0.53860        0.81792        0.87911
    82.0        0.53285        0.82309        0.88132
    83.0        0.52734        0.82810        0.88346
    84.0        0.52206        0.83294        0.88554
    85.0        0.51699        0.83762        0.88757
    86.0        0.51213        0.84214        0.88955
    87.0        0.50746        0.84652        0.89148
    88.0        0.50298        0.85075        0.89336
    89.0        0.49866        0.85485        0.89518
    90.0        0.49451        0.85881        0.89696
    91.0        0.49051        0.86264        0.89870
    92.0        0.48666        0.86635        0.90039
    93.0        0.48295        0.86994        0.90204
    94.0        0.47937        0.87341        0.90365
    95.0        0.47591        0.87677        0.90522
    96.0        0.47258        0.88002        0.90675
    97.0        0.46936        0.88316        0.90824
    98.0        0.46625        0.88621        0.90970
    99.0        0.46323        0.88916        0.91112
   100.0        0.46032        0.89201        0.91251
   101.0        0.45729        0.89473        0.91383
   102.0        0.45435        0.89736        0.91511
   103.0        0.45149        0.89991        0.91637
   104.0        0.44872        0.90238        0.91760
   105.0        0.44604        0.90478        0.91880
   106.0        0.44343        0.90710        0.91998
   107.0        0.44089        0.90935        0.92112
   108.0        0.43842        0.91153        0.92225
   109.0        0.43602        0.91365        0.92335
   110.0        0.43368        0.91570        0.92443
   111.0        0.43141        0.91769        0.92549
   112.0        0.42920        0.91963        0.92652
   113.0        0.42704        0.92150        0.92753
   114.0        0.42494        0.92332        0.92852
   115.0        0.42290        0.92509        0.92949
   116.0        0.42090        0.92681        0.93044
   117.0        0.41895        0.92847        0.93137
   118.0        0.41705        0.93009        0.93229
   119.0        0.41520        0.93167        0.93318
   120.0        0.41339        0.93319        0.93406
   121.0        0.41162        0.93468        0.93492
   122.0        0.40989        0.93612        0.93576
   123.0        0.40820        0.93752        0.93659
   124.0        0.40655        0.93888        0.93740
   125.0        0.40494        0.94021        0.93819
   126.0        0.40336        0.94150        0.93897
   127.0        0.40181        0.94275        0.93974
   128.0        0.40030        0.94397        0.94049
   129.0        0.39882        0.94515        0.94122
   130.0        0.39737        0.94631        0.94195
   131.0        0.39595        0.94743        0.94265
   132.0        0.39456        0.94852        0.94335
   133.0        0.39320        0.94958        0.94403
   134.0        0.39178        0.95061        0.94469
   135.0        0.39034        0.95160        0.94533
   136.0        0.38894        0.95256        0.94596
   137.0        0.38756        0.95348        0.94658
   138.0        0.38621        0.95438        0.94718
   139.0        0.38488        0.95526        0.94778
   140.0        0.38358        0.95612        0.94836
   141.0        0.38230        0.95695        0.94894
   142.0        0.38103        0.95777        0.94951
   143.0        0.37980        0.95856        0.95006
   144.0        0.37858        0.95934        0.95061
   145.0        0.37738        0.96009        0.95115
   146.0        0.37620        0.96083        0.95168
   147.0        0.37504        0.96155        0.95220
   148.0        0.37390        0.96225        0.95271
   149.0        0.37278        0.96294        0.95321
   150.0        0.37167        0.96361        0.95370
   151.0        0.37058        0.96426        0.95419
   152.0        0.36951        0.96490        0.95467
   153.0        0.36846        0.96553        0.95514
   154.0        0.36742        0.96614        0.95560
   155.0        0.36639        0.96673        0.95606
   156.0        0.36538        0.96731        0.95651
   157.0        0.36439        0.96788        0.95695
   158.0        0.36341        0.96844        0.95739
   159.0        0.36244        0.96898        0.95781
   160.0        0.36149        0.96951        0.95824
   161.0        0.36055        0.97003        0.95865
   162.0        0.35962        0.97053        0.95906
   163.0        0.35871        0.97103        0.95946
   164.0        0.35781        0.97151        0.95986
   165.0        0.35692        0.97199        0.96025
   166.0        0.35604        0.97245        0.96063
   167.0        0.35517        0.97291        0.96101
   168.0        0.35432        0.97335        0.96139
   169.0        0.35347        0.97378        0.96175
   170.0        0.35264        0.97421        0.96212
   171.0        0.35182        0.97462        0.96247
   172.0        0.35096        0.97503        0.96282
   173.0        0.35005        0.97542        0.96316
   174.0        0.34916        0.97580        0.96349
   175.0        0.34828        0.97618        0.96382
   176.0        0.34741        0.97655        0.96414
   177.0        0.34655        0.97691        0.96446
   178.0        0.34570        0.97726        0.96477
   179.0        0.34485        0.97761        0.96508
   180.0        0.34402        0.97794        0.96538
   181.0        0.34320        0.97828        0.96568
   182.0        0.34239        0.97860        0.96598
   183.0        0.34158        0.97892        0.96627
   184.0        0.34078        0.97923        0.96656
   185.0        0.34000        0.97954        0.96685
   186.0        0.33922        0.97984        0.96713
   187.0        0.33845        0.98014        0.96740
   188.0        0.33768        0.98042        0.96768
   189.0        0.33693        0.98071        0.96795
   190.0        0.33618        0.98099        0.96822
   191.0        0.33544        0.98126        0.96848
   192.0        0.33471        0.98153        0.96874
   193.0        0.33399        0.98179        0.96899
   194.0        0.33327        0.98204        0.96925
   195.0        0.33256        0.98230        0.96950
   196.0        0.33186        0.98255        0.96974
   197.0        0.33116        0.98279        0.96999
   198.0        0.33047        0.98303        0.97023
   199.0        0.32979        0.98326        0.97046
   200.0        0.32911        0.98349        0.97070
   201.0        0.32844        0.98372        0.97093
   202.0        0.32778        0.98394        0.97116
   203.0        0.32712        0.98415        0.97139
   204.0        0.32647        0.98437        0.97161
   205.0        0.32582        0.98458        0.97183
   206.0        0.32518        0.98478        0.97205
   207.0        0.32455        0.98499        0.97226
   208.0        0.32392        0.98518        0.97247
   209.0        0.32330        0.98538        0.97268
   210.0        0.32268        0.98557        0.97289
   211.0        0.32207        0.98576        0.97310
   212.0        0.32146        0.98594        0.97330
   213.0        0.32086        0.98612        0.97350
   214.0        0.32027        0.98630        0.97370
   215.0        0.31968        0.98648        0.97389
   216.0        0.31909        0.98665        0.97409
   217.0        0.31851        0.98682        0.97428
   218.0        0.31793        0.98699        0.97447
   219.0        0.31736        0.98715        0.97465
   220.0        0.31680        0.98731        0.97484
   221.0        0.31623        0.98747        0.97502
   222.0        0.31568        0.98763        0.97520
   223.0        0.31512        0.98778        0.97538
   224.0        0.31457        0.98793        0.97556
   225.0        0.31403        0.98808        0.97573
   226.0        0.31349        0.98822        0.97590
   227.0        0.31296        0.98837        0.97607
   228.0        0.31242        0.98851        0.97624
   229.0        0.31190        0.98865        0.97641
   230.0        0.31137        0.98878        0.97657
   231.0        0.31086        0.98891        0.97674
   232.0        0.31034        0.98904        0.97690
   233.0        0.30983        0.98916        0.97706
   234.0        0.30933        0.98929        0.97721
   235.0        0.30883        0.98941        0.97737
   236.0        0.30833        0.98953        0.97753
   237.0        0.30783        0.98964        0.97768
   238.0        0.30734        0.98976        0.97783
   239.0        0.30685        0.98987        0.97798
   240.0        0.30637        0.98998        0.97813
   241.0        0.30589        0.99010        0.97827
   242.0        0.30541        0.99020        0.97842
   243.0        0.30494        0.99031        0.97856
   244.0        0.30447        0.99042        0.97870
   245.0        0.30400        0.99052        0.97884
   246.0        0.30354        0.99062        0.97898
   247.0        0.30308        0.99072        0.97912
   248.0        0.30262        0.99082        0.97926
   249.0        0.30216        0.99092        0.97939
   250.0        0.30171        0.99102        0.97952
   251.0        0.30126        0.99111        0.97966
   252.0        0.30082        0.99121        0.97979
   253.0        0.30038        0.99130        0.97992
   254.0        0.29994        0.99139        0.98004
   255.0        0.29950        0.99148        0.98017
   256.0        0.29907        0.99157        0.98030
   257.0        0.29863        0.99166        0.98042
   258.0        0.29821        0.99174        0.98054
   259.0        0.29778        0.99183        0.98067
   260.0        0.29736        0.99191        0.98079
   261.0        0.29694        0.99199        0.98091
   262.0        0.29652        0.99208        0.98102
   263.0        0.29611        0.99216        0.98114
   264.0        0.29569        0.99223        0.98126
   265.0        0.29528        0.99231        0.98137
   266.0        0.29488        0.99239        0.98149
   267.0        0.29445        0.99247        0.98160
   268.0        0.29398        0.99254        0.98170
   269.0        0.29352        0.99261        0.98181
   270.0        0.29306        0.99268        0.98192
   271.0        0.29261        0.99275        0.98202
   272.0        0.29216        0.99282        0.98212
   273.0        0.29171        0.99289        0.98223
   274.0        0.29126        0.99296        0.98233
   275.0        0.29082        0.99303        0.98243
   276.0        0.29037        0.99309        0.98253
   277.0        0.28994        0.99316        0.98263
   278.0        0.28950        0.99322        0.98273
   279.0        0.28907        0.99329        0.98283
   280.0        0.28863        0.99335        0.98292
   281.0        0.28821        0.99341        0.98302
   282.0        0.28778        0.99347        0.98311
   283.0        0.28735        0.99353        0.98321
   284.0        0.28693        0.99359        0.98330
   285.0        0.28651        0.99365        0.98339
   286.0        0.28610        0.99371        0.98348
   287.0        0.28568        0.99377        0.98357
   288.0        0.28527        0.99382        0.98366
   289.0        0.28486        0.99388        0.98375
   290.0        0.28445        0.99393        0.98384
   291.0        0.28405        0.99399        0.98393
   292.0        0.28365        0.99404        0.98402
   293.0        0.28325        0.99410        0.98410
   294.0        0.28285        0.99415        0.98419
   295.0        0.28245        0.99420        0.98427
   296.0        0.28206        0.99425        0.98435
   297.0        0.28166        0.99430        0.98444
   298.0        0.28127        0.99435        0.98452
   299.0        0.28089        0.99440        0.98460
   300.0        0.28050        0.99445        0.98468
   301.0        0.28012        0.99450        0.98476
   302.0        0.27974        0.99455        0.98484
   303.0        0.27936        0.99459        0.98492
   304.0        0.27898        0.99464        0.98500
   305.0        0.27860        0.99469        0.98508
   306.0        0.27823        0.99473        0.98516
   307.0        0.27786        0.99478        0.98523
   308.0        0.27749        0.99482        0.98531
   309.0        0.27712        0.99486        0.98538
   310.0        0.27675        0.99491        0.98546
   311.0        0.27639        0.99495        0.98553
   312.0        0.27603        0.99499        0.98560
   313.0        0.27567        0.99503        0.98568
   314.0        0.27531        0.99508        0.98575
   315.0        0.27495        0.99512        0.98582
   316.0        0.27460        0.99516        0.98589
   317.0        0.27424        0.99520        0.98596
   318.0        0.27389        0.99524        0.98603
   319.0        0.27354        0.99528        0.98610
   320.0        0.27319        0.99531        0.98617
   321.0        0.27285        0.99535        0.98624
   322.0        0.27250        0.99539        0.98631
   323.0        0.27216        0.99543        0.98637
   324.0        0.27182        0.99546        0.98644
   325.0        0.27148        0.99550        0.98651
   326.0        0.27114        0.99553        0.98657
   327.0        0.27081        0.99556        0.98664
   328.0        0.27047        0.99560        0.98670
   329.0        0.27014        0.99563        0.98677
   330.0        0.26981        0.99566        0.98683
   331.0        0.26948        0.99569        0.98689
   332.0        0.26915        0.99573        0.98696
   333.0        0.26882        0.99576        0.98702
   334.0        0.26850        0.99579        0.98708
   335.0        0.26817        0.99582        0.98714
   336.0        0.26785        0.99585        0.98720
   337.0        0.26753        0.99588        0.98726
   338.0        0.26721        0.99591        0.98732
   339.0        0.26689        0.99594        0.98738
   340.0        0.26658        0.99597        0.98744
   341.0        0.26626        0.99600        0.98750
   342.0        0.26595        0.99603        0.98756
   343.0        0.26564        0.99606        0.98761
   344.0        0.26533        0.99608        0.98767
   345.0        0.26502        0.99611        0.98773
   346.0        0.26471        0.99614        0.98778
   347.0        0.26440        0.99617        0.98784
   348.0        0.26410        0.99619        0.98790
   349.0        0.26380        0.99622        0.98795
   350.0        0.26349        0.99625        0.98801
   351.0        0.26319        0.99627        0.98806
   352.0        0.26289        0.99630        0.98811
   353.0        0.26259        0.99633        0.98817
   354.0        0.26230        0.99635        0.98822
   355.0        0.26200        0.99638        0.98827
   356.0        0.26171        0.99640        0.98833
   357.0        0.26141        0.99643        0.98838
   358.0        0.26112        0.99645        0.98843
   359.0        0.26083        0.99648        0.98848
   360.0        0.26054        0.99650        0.98853
   361.0        0.26025        0.99652        0.98858
   362.0        0.25996        0.99655        0.98863
   363.0        0.25968        0.99657        0.98868
   364.0        0.25939        0.99659        0.98873
   365.0        0.25911        0.99662        0.98878
   366.0        0.25883        0.99664        0.98883
   367.0        0.25855        0.99666        0.98888
   368.0        0.25827        0.99669        0.98893
   369.0        0.25799        0.99671        0.98897
   370.0        0.25771        0.99673        0.98902
   371.0        0.25743        0.99675        0.98907
   372.0        0.25716        0.99677        0.98912
   373.0        0.25688        0.99679        0.98916
   374.0        0.25661        0.99682        0.98921
   375.0        0.25634        0.99684        0.98925
   376.0        0.25607        0.99686        0.98930
   377.0        0.25580        0.99688        0.98935
   378.0        0.25553        0.99690        0.98939
   379.0        0.25526        0.99692        0.98943
   380.0        0.25499        0.99694        0.98948
   381.0        0.25473        0.99696        0.98952
   382.0        0.25446        0.99698        0.98957
   383.0        0.25420        0.99700        0.98961
   384.0        0.25394        0.99702        0.98965
   385.0        0.25367        0.99704        0.98970
   386.0        0.25341        0.99705        0.98974
   387.0        0.25315        0.99707        0.98978
   388.0        0.25290        0.99709        0.98982
   389.0        0.25264        0.99711        0.98986
   390.0        0.25238        0.99713        0.98991
   391.0        0.25213        0.99715        0.98995
   392.0        0.25187        0.99716        0.98999
   393.0        0.25162        0.99718        0.99003
   394.0        0.25137        0.99720        0.99007
   395.0        0.25111        0.99722        0.99011
   396.0        0.25086        0.99724        0.99015
   397.0        0.25061        0.99725        0.99019
   398.0        0.25036        0.99727        0.99023
   399.0        0.25012        0.99729        0.99027
   400.0        0.24987        0.99730        0.99031
   401.0        0.24962        0.99732        0.99035
   402.0        0.24938        0.99734        0.99038
   403.0        0.24913        0.99735        0.99042
   404.0        0.24889        0.99737        0.99046
   405.0        0.24865        0.99738        0.99050
   406.0        0.24841        0.99740        0.99053
   407.0        0.24817        0.99742        0.99057
   408.0        0.24793        0.99743        0.99061
   409.0        0.24769        0.99745        0.99065
   410.0        0.24745        0.99746        0.99068
   411.0        0.24721        0.99748        0.99072
   412.0        0.24698        0.99749        0.99075
   413.0        0.24674        0.99751        0.99079
   414.0        0.24651        0.99752        0.99083
   415.0        0.24627        0.99754        0.99086
   416.0        0.24604        0.99755        0.99090
   417.0        0.24581        0.99757        0.99093
   418.0        0.24558        0.99758        0.99097
   419.0        0.24535        0.99759        0.99100
   420.0        0.24512        0.99761        0.99103
   421.0        0.24489        0.99762        0.99107
   422.0        0.24466        0.99764        0.99110
   423.0        0.24443        0.99765        0.99114
   424.0        0.24421        0.99766        0.99117
   425.0        0.24398        0.99768        0.99120
   426.0        0.24376        0.99769        0.99124
   427.0        0.24353        0.99770        0.99127
   428.0        0.24330        0.99772        0.99130
   429.0        0.24305        0.99773        0.99133
   430.0        0.24281        0.99774        0.99136
   431.0        0.24256        0.99776        0.99140
   432.0        0.24232        0.99777        0.99143
   433.0        0.24208        0.99778        0.99146
   434.0        0.24184        0.99779        0.99149
   435.0        0.24160        0.99780        0.99152
   436.0        0.24136        0.99782        0.99155
   437.0        0.24112        0.99783        0.99158
   438.0        0.24088        0.99784        0.99161
   439.0        0.24065        0.99785        0.99164
   440.0        0.24041        0.99786        0.99167
   441.0        0.24018        0.99788        0.99170
   442.0        0.23994        0.99789        0.99173
   443.0        0.23971        0.99790        0.99176
   444.0        0.23948        0.99791        0.99179
   445.0        0.23924        0.99792        0.99181
   446.0        0.23901        0.99793        0.99184
   447.0        0.23878        0.99794        0.99187
   448.0        0.23855        0.99795        0.99190
   449.0        0.23832        0.99796        0.99193
   450.0        0.23810        0.99797        0.99196
   451.0        0.23787        0.99798        0.99198
   452.0        0.23764        0.99799        0.99201
   453.0        0.23742        0.99800        0.99204
   454.0        0.23719        0.99801        0.99207
   455.0        0.23697        0.99802        0.99209
   456.0        0.23675        0.99803        0.99212
   457.0        0.23652        0.99804        0.99215
   458.0        0.23630        0.99805        0.99218
   459.0        0.23608        0.99806        0.99220
   460.0        0.23586        0.99807        0.99223
   461.0        0.23564        0.99807        0.99225
   462.0        0.23542        0.99808        0.99228
   463.0        0.23520        0.99809        0.99231
   464.0        0.23498        0.99810        0.99233
   465.0        0.23477        0.99811        0.99236
   466.0        0.23455        0.99812        0.99238
   467.0        0.23434        0.99813        0.99241
   468.0        0.23412        0.99814        0.99244
   469.0        0.23391        0.99815        0.99246
   470.0        0.23369        0.99816        0.99249
   471.0        0.23348        0.99816        0.99251
   472.0        0.23327        0.99817        0.99254
   473.0        0.23306        0.99818        0.99256
   474.0        0.23285        0.99819        0.99258
   475.0        0.23264        0.99820        0.99261
   476.0        0.23243        0.99821        0.99263
   477.0        0.23222        0.99821        0.99266
   478.0        0.23201        0.99822        0.99268
   479.0        0.23180        0.99823        0.99271
   480.0        0.23159        0.99824        0.99273
   481.0        0.23139        0.99825        0.99275
   482.0        0.23118        0.99825        0.99278
   483.0        0.23098        0.99826        0.99280
   484.0        0.23077        0.99827        0.99282
   485.0        0.23057        0.99828        0.99285
   486.0        0.23037        0.99829        0.99287
   487.0        0.23016        0.99829        0.99289
   488.0        0.22996        0.99830        0.99291
   489.0        0.22976        0.99831        0.99294
   490.0        0.22956        0.99832        0.99296
   491.0        0.22936        0.99832        0.99298
   492.0        0.22916        0.99833        0.99300
   493.0        0.22896        0.99834        0.99303
   494.0        0.22876        0.99835        0.99305
   495.0        0.22857        0.99835        0.99307
   496.0        0.22837        0.99836        0.99309
   497.0        0.22817        0.99837        0.99312
   498.0        0.22798        0.99838        0.99314
   499.0        0.22778        0.99838        0.99316
   500.0        0.22759        0.99839        0.99318
   501.0        0.22739        0.99840        0.99320
   502.0        0.22720        0.99840        0.99322
   503.0        0.22701        0.99841        0.99324
   504.0        0.22681        0.99842        0.99326
   505.0        0.22662        0.99843        0.99329
   506.0        0.22643        0.99843        0.99331
   507.0        0.22624        0.99844        0.99333
   508.0        0.22605        0.99845        0.99335
   509.0        0.22586        0.99845        0.99337
   510.0        0.22567        0.99846        0.99339
   511.0        0.22548        0.99847        0.99341
   512.0        0.22529        0.99847        0.99343
   513.0        0.22511        0.99848        0.99345
   514.0        0.22492        0.99849        0.99347
   515.0        0.22473        0.99849        0.99349
   516.0        0.22455        0.99850        0.99351
   517.0        0.22436        0.99851        0.99353
   518.0        0.22418        0.99851        0.99355
   519.0        0.22399        0.99852        0.99357
   520.0        0.22381        0.99852        0.99359
   521.0        0.22363        0.99853        0.99361
   522.0        0.22344        0.99854        0.99363
   523.0        0.22326        0.99854        0.99364
   524.0        0.22308        0.99855        0.99366
   525.0        0.22290        0.99856        0.99368
   526.0        0.22272        0.99856        0.99370
   527.0        0.22254        0.99857        0.99372
   528.0        0.22236        0.99857        0.99374
   529.0        0.22218        0.99858        0.99376
   530.0        0.22200        0.99858        0.99378
   531.0        0.22182        0.99859        0.99379
   532.0        0.22165        0.99860        0.99381
   533.0        0.22147        0.99860        0.99383
   534.0        0.22129        0.99861        0.99385
   535.0        0.22112        0.99861        0.99387
   536.0        0.22094        0.99862        0.99388
   537.0        0.22076        0.99863        0.99390
   538.0        0.22059        0.99863        0.99392
   539.0        0.22042        0.99864        0.99394
   540.0        0.22024        0.99864        0.99396
   541.0        0.22007        0.99865        0.99397
   542.0        0.21990        0.99865        0.99399
   543.0        0.21972        0.99866        0.99401
   544.0        0.21955        0.99866        0.99403
   545.0        0.21938        0.99867        0.99404
   546.0        0.21921        0.99867        0.99406
   547.0        0.21904        0.99868        0.99408
   548.0        0.21887        0.99869        0.99409
   549.0        0.21870        0.99869        0.99411
   550.0        0.21853        0.99870        0.99413
   551.0        0.21836        0.99870        0.99414
   552.0        0.21819        0.99871        0.99416
   553.0        0.21803        0.99871        0.99418
   554.0        0.21786        0.99872        0.99419
   555.0        0.21769        0.99872        0.99421
   556.0        0.21753        0.99873        0.99423
   557.0        0.21736        0.99873        0.99424
   558.0        0.21719        0.99874        0.99426
   559.0        0.21703        0.99874        0.99428
   560.0        0.21687        0.99875        0.99429
   561.0        0.21670        0.99875        0.99431
   562.0        0.21654        0.99876        0.99432
   563.0        0.21637        0.99876        0.99434
   564.0        0.21621        0.99877        0.99435
   565.0        0.21605        0.99877        0.99437
   566.0        0.21589        0.99878        0.99439
   567.0        0.21572        0.99878        0.99440
   568.0        0.21556        0.99879        0.99442
   569.0        0.21538        0.99879        0.99443
   570.0        0.21521        0.99879        0.99445
   571.0        0.21504        0.99880        0.99446
   572.0        0.21487        0.99880        0.99448
   573.0        0.21470        0.99881        0.99449
   574.0        0.21453        0.99881        0.99451
   575.0        0.21436        0.99882        0.99452
   576.0        0.21419        0.99882        0.99454
   577.0        0.21402        0.99883        0.99455
   578.0        0.21386        0.99883        0.99457
   579.0        0.21369        0.99883        0.99458
   580.0        0.21352        0.99884        0.99459
   581.0        0.21336        0.99884        0.99461
   582.0        0.21319        0.99885        0.99462
   583.0        0.21302        0.99885        0.99464
   584.0        0.21286        0.99886        0.99465
   585.0        0.21269        0.99886        0.99467
   586.0        0.21253        0.99886        0.99468
   587.0        0.21236        0.99887        0.99469
   588.0        0.21220        0.99887        0.99471
   589.0        0.21204        0.99888        0.99472
   590.0        0.21187        0.99888        0.99473
   591.0        0.21171        0.99889        0.99475
   592.0        0.21155        0.99889        0.99476
   593.0        0.21139        0.99889        0.99478
   594.0        0.21123        0.99890        0.99479
   595.0        0.21107        0.99890        0.99480
   596.0        0.21091        0.99891        0.99482
   597.0        0.21074        0.99891        0.99483
   598.0        0.21058        0.99891        0.99484
   599.0        0.21043        0.99892        0.99486
   600.0        0.21027        0.99892        0.99487
   601.0        0.21011        0.99892        0.99488
   602.0        0.20995        0.99893        0.99490
   603.0        0.20979        0.99893        0.99491
   604.0        0.20964        0.99893        0.99492
   605.0        0.20948        0.99894        0.99493
   606.0        0.20932        0.99894        0.99495
   607.0        0.20917        0.99895        0.99496
   608.0        0.20901        0.99895        0.99497
   609.0        0.20885        0.99895        0.99499
   610.0        0.20870        0.99896        0.99500
   611.0        0.20855        0.99896        0.99501
   612.0        0.20839        0.99896        0.99502
   613.0        0.20824        0.99897        0.99504
   614.0        0.20808        0.99897        0.99505
   615.0        0.20793        0.99897        0.99506
   616.0        0.20778        0.99897        0.99507
   617.0        0.20763        0.99898        0.99509
   618.0        0.20747        0.99898        0.99510
   619.0        0.20732        0.99898        0.99511
   620.0        0.20717        0.99899        0.99512
   621.0        0.20702        0.99899        0.99513
   622.0        0.20687        0.99899        0.99515
   623.0        0.20672        0.99900        0.99516
   624.0        0.20657        0.99900        0.99517
   625.0        0.20642        0.99900        0.99518
   626.0        0.20627        0.99901        0.99519
   627.0        0.20612        0.99901        0.99521
   628.0        0.20597        0.99901        0.99522
   629.0        0.20583        0.99902        0.99523
   630.0        0.20568        0.99902        0.99524
   631.0        0.20553        0.99902        0.99525
   632.0        0.20538        0.99902        0.99527
   633.0        0.20524        0.99903        0.99528
   634.0        0.20509        0.99903        0.99529
   635.0        0.20495        0.99903        0.99530
   636.0        0.20480        0.99904        0.99531
   637.0        0.20465        0.99904        0.99532
   638.0        0.20451        0.99904        0.99533
   639.0        0.20436        0.99905        0.99534
   640.0        0.20422        0.99905        0.99536
   641.0        0.20408        0.99905        0.99537
   642.0        0.20393        0.99905        0.99538
   643.0        0.20379        0.99906        0.99539
   644.0        0.20365        0.99906        0.99540
   645.0        0.20350        0.99906        0.99541
   646.0        0.20336        0.99907        0.99542
   647.0        0.20322        0.99907        0.99543
   648.0        0.20308        0.99907        0.99544
   649.0        0.20294        0.99907        0.99546
   650.0        0.20280        0.99908        0.99547
   651.0        0.20266        0.99908        0.99548
   652.0        0.20251        0.99908        0.99549
   653.0        0.20238        0.99908        0.99550
   654.0        0.20224        0.99909        0.99551
   655.0        0.20210        0.99909        0.99552
   656.0        0.20196        0.99909        0.99553
   657.0        0.20182        0.99910        0.99554
   658.0        0.20168        0.99910        0.99555
   659.0        0.20154        0.99910        0.99556
   660.0        0.20140        0.99910        0.99557
   661.0        0.20127        0.99911        0.99558
   662.0        0.20113        0.99911        0.99559
   663.0        0.20099        0.99911        0.99560
   664.0        0.20086        0.99911        0.99561
   665.0        0.20072        0.99912        0.99562
   666.0        0.20058        0.99912        0.99563
   667.0        0.20045        0.99912        0.99564
   668.0        0.20031        0.99912        0.99565
   669.0        0.20018        0.99913        0.99566
   670.0        0.20004        0.99913        0.99567
   671.0        0.19991        0.99913        0.99568
   672.0        0.19977        0.99913        0.99569
   673.0        0.19964        0.99914        0.99570
   674.0        0.19951        0.99914        0.99571
   675.0        0.19937        0.99914        0.99572
   676.0        0.19924        0.99914        0.99573
   677.0        0.19911        0.99915        0.99574
   678.0        0.19897        0.99915        0.99575
   679.0        0.19884        0.99915        0.99576
   680.0        0.19871        0.99915        0.99577
   681.0        0.19858        0.99916        0.99578
   682.0        0.19845        0.99916        0.99579
   683.0        0.19832        0.99916        0.99580
   684.0        0.19819        0.99916        0.99581
   685.0        0.19806        0.99917        0.99582
   686.0        0.19793        0.99917        0.99583
   687.0        0.19780        0.99917        0.99584
   688.0        0.19767        0.99917        0.99585
   689.0        0.19754        0.99918        0.99586
   690.0        0.19741        0.99918        0.99587
   691.0        0.19728        0.99918        0.99588
   692.0        0.19715        0.99918        0.99588
   693.0        0.19702        0.99918        0.99589
   694.0        0.19689        0.99919        0.99590
   695.0        0.19677        0.99919        0.99591
   696.0        0.19664        0.99919        0.99592
   697.0        0.19651        0.99919        0.99593
   698.0        0.19639        0.99920        0.99594
   699.0        0.19626        0.99920        0.99595
   700.0        0.19613        0.99920        0.99596
   701.0        0.19601        0.99920        0.99597
   702.0        0.19588        0.99920        0.99597
   703.0        0.19575        0.99921        0.99598
   704.0        0.19563        0.99921        0.99599
   705.0        0.19550        0.99921        0.99600
   706.0        0.19538        0.99921        0.99601
   707.0        0.19526        0.99922        0.99602
   708.0        0.19513        0.99922        0.99603
   709.0        0.19501        0.99922        0.99604
   710.0        0.19488        0.99922        0.99604
   711.0        0.19476        0.99922        0.99605
   712.0        0.19464        0.99923        0.99606
   713.0        0.19451        0.99923        0.99607
   714.0        0.19439        0.99923        0.99608
   715.0        0.19427        0.99923        0.99609
   716.0        0.19415        0.99923        0.99610
   717.0        0.19402        0.99924        0.99610
   718.0        0.19390        0.99924        0.99611
   719.0        0.19378        0.99924        0.99612
   720.0        0.19366        0.99924        0.99613
   721.0        0.19354        0.99924        0.99614
   722.0        0.19342        0.99925        0.99615
   723.0        0.19330        0.99925        0.99615
   724.0        0.19318        0.99925        0.99616
   725.0        0.19306        0.99925        0.99617
   726.0        0.19294        0.99925        0.99618
   727.0        0.19282        0.99926        0.99619
   728.0        0.19270        0.99926        0.99619
   729.0        0.19258        0.99926        0.99620
   730.0        0.19246        0.99926        0.99621
   731.0        0.19234        0.99926        0.99622
   732.0        0.19223        0.99927        0.99623
   733.0        0.19211        0.99927        0.99623
   734.0        0.19199        0.99927        0.99624
   735.0        0.19187        0.99927        0.99625
   736.0        0.19176        0.99927        0.99626
   737.0        0.19164        0.99928        0.99627
   738.0        0.19152        0.99928        0.99627
   739.0        0.19140        0.99928        0.99628
   740.0        0.19129        0.99928        0.99629
   741.0        0.19117        0.99928        0.99630
   742.0        0.19106        0.99929        0.99631
   743.0        0.19094        0.99929        0.99631
   744.0        0.19082        0.99929        0.99632
   745.0        0.19071        0.99929        0.99633
   746.0        0.19059        0.99929        0.99634
   747.0        0.19048        0.99929        0.99634
   748.0        0.19037        0.99930        0.99635
   749.0        0.19025        0.99930        0.99636
   750.0        0.19014        0.99930        0.99637
   751.0        0.19002        0.99930        0.99637
   752.0        0.18991        0.99930        0.99638
   753.0        0.18980        0.99931        0.99639
   754.0        0.18968        0.99931        0.99640
   755.0        0.18956        0.99931        0.99640
   756.0        0.18944        0.99931        0.99641
   757.0        0.18932        0.99931        0.99642
   758.0        0.18920        0.99931        0.99642
   759.0        0.18908        0.99932        0.99643
   760.0        0.18896        0.99932        0.99644
   761.0        0.18884        0.99932        0.99645
   762.0        0.18872        0.99932        0.99645
   763.0        0.18860        0.99932        0.99646
   764.0        0.18848        0.99932        0.99647
   765.0        0.18836        0.99933        0.99647
   766.0        0.18825        0.99933        0.99648
   767.0        0.18813        0.99933        0.99649
   768.0        0.18801        0.99933        0.99650
   769.0        0.18789        0.99933        0.99650
   770.0        0.18778        0.99933        0.99651
   771.0        0.18766        0.99934        0.99652
   772.0        0.18754        0.99934        0.99652
   773.0        0.18743        0.99934        0.99653
   774.0        0.18731        0.99934        0.99654
   775.0        0.18720        0.99934        0.99654
   776.0        0.18708        0.99934        0.99655
   777.0        0.18696        0.99934        0.99656
   778.0        0.18685        0.99935        0.99656
   779.0        0.18673        0.99935        0.99657
   780.0        0.18662        0.99935        0.99658
   781.0        0.18651        0.99935        0.99658
   782.0        0.18639        0.99935        0.99659
   783.0        0.18628        0.99935        0.99660
   784.0        0.18616        0.99935        0.99660
   785.0        0.18605        0.99936        0.99661
   786.0        0.18594        0.99936        0.99662
   787.0        0.18582        0.99936        0.99662
   788.0        0.18571        0.99936        0.99663
   789.0        0.18560        0.99936        0.99664
   790.0        0.18548        0.99936        0.99664
   791.0        0.18537        0.99936        0.99665
   792.0        0.18526        0.99936        0.99666
   793.0        0.18515        0.99937        0.99666
   794.0        0.18504        0.99937        0.99667
   795.0        0.18492        0.99937        0.99667
   796.0        0.18481        0.99937        0.99668
   797.0        0.18470        0.99937        0.99669
   798.0        0.18459        0.99937        0.99669
   799.0        0.18448        0.99937        0.99670
   800.0        0.18437        0.99938        0.99671
   801.0        0.18426        0.99938        0.99671
   802.0        0.18415        0.99938        0.99672
   803.0        0.18404        0.99938        0.99672
   804.0        0.18393        0.99938        0.99673
   805.0        0.18382        0.99938        0.99674
   806.0        0.18371        0.99938        0.99674
   807.0        0.18360        0.99938        0.99675
   808.0        0.18349        0.99939        0.99676
   809.0        0.18339        0.99939        0.99676
   810.0        0.18328        0.99939        0.99677
   811.0        0.18317        0.99939        0.99677
   812.0        0.18306        0.99939        0.99678
   813.0        0.18295        0.99939        0.99679
   814.0        0.18285        0.99939        0.99679
   815.0        0.18274        0.99939        0.99680
   816.0        0.18263        0.99940        0.99680
   817.0        0.18252        0.99940        0.99681
   818.0        0.18242        0.99940        0.99682
   819.0        0.18231        0.99940        0.99682
   820.0        0.18220        0.99940        0.99683
   821.0        0.18210        0.99940        0.99683
   822.0        0.18199        0.99940        0.99684
   823.0        0.18189        0.99940        0.99684
   824.0        0.18178        0.99941        0.99685
   825.0        0.18167        0.99941        0.99686
   826.0        0.18157        0.99941        0.99686
   827.0        0.18146        0.99941        0.99687
   828.0        0.18136        0.99941        0.99687
   829.0        0.18125        0.99941        0.99688
   830.0        0.18115        0.99941        0.99688
   831.0        0.18105        0.99941        0.99689
   832.0        0.18094        0.99942        0.99690
   833.0        0.18084        0.99942        0.99690
   834.0        0.18073        0.99942        0.99691
   835.0        0.18063        0.99942        0.99691
   836.0        0.18053        0.99942        0.99692
   837.0        0.18042        0.99942        0.99692
   838.0        0.18032        0.99942        0.99693
   839.0        0.18022        0.99942        0.99694
   840.0        0.18011        0.99942        0.99694
   841.0        0.18001        0.99943        0.99695
   842.0        0.17991        0.99943        0.99695
   843.0        0.17981        0.99943        0.99696
   844.0        0.17971        0.99943        0.99696
   845.0        0.17960        0.99943        0.99697
   846.0        0.17950        0.99943        0.99697
   847.0        0.17940        0.99943        0.99698
   848.0        0.17930        0.99943        0.99698
   849.0        0.17920        0.99943        0.99699
   850.0        0.17910        0.99944        0.99700
   851.0        0.17900        0.99944        0.99700
   852.0        0.17890        0.99944        0.99701
   853.0        0.17880        0.99944        0.99701
   854.0        0.17870        0.99944        0.99702
   855.0        0.17860        0.99944        0.99702
   856.0        0.17850        0.99944        0.99703
   857.0        0.17840        0.99944        0.99703
   858.0        0.17830        0.99944        0.99704
   859.0        0.17820        0.99945        0.99704
   860.0        0.17810        0.99945        0.99705
   861.0        0.17800        0.99945        0.99705
   862.0        0.17790        0.99945        0.99706
   863.0        0.17780        0.99945        0.99706
   864.0        0.17770        0.99945        0.99707
   865.0        0.17761        0.99945        0.99707
   866.0        0.17751        0.99945        0.99708
   867.0        0.17741        0.99945        0.99708
   868.0        0.17731        0.99946        0.99709
   869.0        0.17721        0.99946        0.99709
   870.0        0.17712        0.99946        0.99710
   871.0        0.17702        0.99946        0.99711
   872.0        0.17692        0.99946        0.99711
   873.0        0.17683        0.99946        0.99712
   874.0        0.17673        0.99946        0.99712
   875.0        0.17663        0.99946        0.99713
   876.0        0.17654        0.99946        0.99713
   877.0        0.17644        0.99946        0.99714
   878.0        0.17634        0.99947        0.99714
   879.0        0.17625        0.99947        0.99714
   880.0        0.17615        0.99947        0.99715
   881.0        0.17606        0.99947        0.99715
   882.0        0.17596        0.99947        0.99716
   883.0        0.17587        0.99947        0.99716
   884.0        0.17577        0.99947        0.99717
   885.0        0.17568        0.99947        0.99717
   886.0        0.17558        0.99947        0.99718
   887.0        0.17549        0.99947        0.99718
   888.0        0.17539        0.99948        0.99719
   889.0        0.17530        0.99948        0.99719
   890.0        0.17520        0.99948        0.99720
   891.0        0.17511        0.99948        0.99720
   892.0        0.17502        0.99948        0.99721
   893.0        0.17492        0.99948        0.99721
   894.0        0.17483        0.99948        0.99722
   895.0        0.17473        0.99948        0.99722
   896.0        0.17464        0.99948        0.99723
   897.0        0.17455        0.99948        0.99723
   898.0        0.17446        0.99949        0.99724
   899.0        0.17436        0.99949        0.99724
   900.0        0.17427        0.99949        0.99725
   901.0        0.17418        0.99949        0.99725
   902.0        0.17409        0.99949        0.99725
   903.0        0.17399        0.99949        0.99726
   904.0        0.17390        0.99949        0.99726
   905.0        0.17381        0.99949        0.99727
   906.0        0.17372        0.99949        0.99727
   907.0        0.17363        0.99949        0.99728
   908.0        0.17354        0.99949        0.99728
   909.0        0.17344        0.99950        0.99729
   910.0        0.17335        0.99950        0.99729
   911.0        0.17326        0.99950        0.99730
   912.0        0.17317        0.99950        0.99730
   913.0        0.17308        0.99950        0.99730
   914.0        0.17299        0.99950        0.99731
   915.0        0.17290        0.99950        0.99731
   916.0        0.17281        0.99950        0.99732
   917.0        0.17272        0.99950        0.99732
   918.0        0.17263        0.99950        0.99733
   919.0        0.17254        0.99950        0.99733
   920.0        0.17245        0.99951        0.99734
   921.0        0.17236        0.99951        0.99734
   922.0        0.17227        0.99951        0.99734
   923.0        0.17218        0.99951        0.99735
   924.0        0.17209        0.99951        0.99735
   925.0        0.17200        0.99951        0.99736
   926.0        0.17192        0.99951        0.99736
   927.0        0.17183        0.99951        0.99737
   928.0        0.17174        0.99951        0.99737
   929.0        0.17165        0.99951        0.99738
   930.0        0.17156        0.99951        0.99738
   931.0        0.17147        0.99952        0.99738
   932.0        0.17139        0.99952        0.99739
   933.0        0.17130        0.99952        0.99739
   934.0        0.17121        0.99952        0.99740
   935.0        0.17112        0.99952        0.99740
   936.0        0.17104        0.99952        0.99741
   937.0        0.17095        0.99952        0.99741
   938.0        0.17086        0.99952        0.99741
   939.0        0.17077        0.99952        0.99742
   940.0        0.17069        0.99952        0.99742
   941.0        0.17060        0.99952        0.99743
   942.0        0.17051        0.99952        0.99743
   943.0        0.17043        0.99953        0.99743
   944.0        0.17034        0.99953        0.99744
   945.0        0.17026        0.99953        0.99744
   946.0        0.17017        0.99953        0.99745
   947.0        0.17008        0.99953        0.99745
   948.0        0.17000        0.99953        0.99745
   949.0        0.16991        0.99953        0.99746
   950.0        0.16983        0.99953        0.99746
   951.0        0.16974        0.99953        0.99747
   952.0        0.16966        0.99953        0.99747
   953.0        0.16957        0.99953        0.99748
   954.0        0.16949        0.99953        0.99748
   955.0        0.16940        0.99954        0.99748
   956.0        0.16932        0.99954        0.99749
   957.0        0.16923        0.99954        0.99749
   958.0        0.16915        0.99954        0.99750
   959.0        0.16906        0.99954        0.99750
   960.0        0.16898        0.99954        0.99750
   961.0        0.16890        0.99954        0.99751
   962.0        0.16881        0.99954        0.99751
   963.0        0.16873        0.99954        0.99751
   964.0        0.16865        0.99954        0.99752
   965.0        0.16856        0.99954        0.99752
   966.0        0.16848        0.99954        0.99753
   967.0        0.16840        0.99954        0.99753
   968.0        0.16831        0.99955        0.99753
   969.0        0.16823        0.99955        0.99754
   970.0        0.16815        0.99955        0.99754
   971.0        0.16806        0.99955        0.99755
   972.0        0.16798        0.99955        0.99755
   973.0        0.16790        0.99955        0.99755
   974.0        0.16782        0.99955        0.99756
   975.0        0.16773        0.99955        0.99756
   976.0        0.16765        0.99955        0.99757
   977.0        0.16757        0.99955        0.99757
   978.0        0.16749        0.99955        0.99757
   979.0        0.16741        0.99955        0.99758
   980.0        0.16733        0.99955        0.99758
   981.0        0.16724        0.99956        0.99758
   982.0        0.16716        0.99956        0.99759
   983.0        0.16708        0.99956        0.99759
   984.0        0.16700        0.99956        0.99760
   985.0        0.16692        0.99956        0.99760
   986.0        0.16684        0.99956        0.99760
   987.0        0.16676        0.99956        0.99761
   988.0        0.16668        0.99956        0.99761
   989.0        0.16660        0.99956        0.99761
   990.0        0.16652        0.99956        0.99762
   991.0        0.16644        0.99956        0.99762
   992.0        0.16636        0.99956        0.99762
   993.0        0.16628        0.99956        0.99763
   994.0        0.16620        0.99957        0.99763
   995.0        0.16612        0.99957        0.99764
   996.0        0.16604        0.99957        0.99764
   997.0        0.16596        0.99957        0.99764
   998.0        0.16588        0.99957        0.99765
   999.0        0.16580        0.99957        0.99765
  1000.0        0.16572        0.99957        0.99765
