 BGO                 
 Density =    7.130000      Aeff =    148.6428      Zeff =    62.52355    
     1.0    33304.01172        0.00067        0.00152
     2.0    10530.38477        0.00233        0.00398
     3.0    11144.30078        0.00280        0.00518
     4.0     6813.18506        0.00539        0.00597
     5.0     3975.07861        0.00914        0.00742
     6.0     2532.18433        0.01288        0.00965
     7.0     1715.49207        0.01665        0.01238
     8.0     1228.03210        0.02033        0.01561
     9.0      907.73340        0.02392        0.01943
    10.0      695.16925        0.02689        0.02414
    11.0      541.55267        0.02849        0.03082
    12.0      605.09540        0.02243        0.03676
    13.0      489.82599        0.02069        0.05147
    14.0      795.91418        0.01537        0.04419
    15.0      664.61871        0.01823        0.04603
    16.0      741.27008        0.01590        0.04872
    17.0      724.22614        0.01939        0.04203
    18.0      627.77618        0.02264        0.04256
    19.0      547.73553        0.02543        0.04445
    20.0      480.53580        0.02790        0.04706
    21.0      423.78641        0.03036        0.04992
    22.0      375.92249        0.03267        0.05318
    23.0      335.17532        0.03493        0.05669
    24.0      300.31155        0.03714        0.06042
    25.0      270.30563        0.03933        0.06428
    26.0      244.21936        0.04152        0.06829
    27.0      221.48663        0.04368        0.07230
    28.0      201.59085        0.04578        0.07654
    29.0      184.11792        0.04794        0.08078
    30.0      168.68190        0.05005        0.08523
    31.0      154.68872        0.05228        0.08975
    32.0      142.25639        0.05449        0.09439
    33.0      131.16664        0.05667        0.09920
    34.0      121.24305        0.05883        0.10416
    35.0      112.33694        0.06102        0.10919
    36.0      104.31609        0.06320        0.11426
    37.0       97.06674        0.06533        0.11937
    38.0       90.49931        0.06744        0.12460
    39.0       84.53597        0.06956        0.12992
    40.0       79.10636        0.07166        0.13536
    41.0       74.18611        0.07372        0.14092
    42.0       69.67917        0.07571        0.14666
    43.0       65.54770        0.07772        0.15244
    44.0       61.75282        0.07974        0.15827
    45.0       58.25080        0.08180        0.16415
    46.0       54.99833        0.08388        0.17015
    47.0       51.99390        0.08594        0.17607
    48.0       49.20336        0.08805        0.18196
    49.0       46.61474        0.09019        0.18787
    50.0       44.21238        0.09231        0.19389
    51.0       41.95528        0.09446        0.20005
    52.0       39.85692        0.09662        0.20620
    53.0       37.90347        0.09880        0.21235
    54.0       36.08074        0.10097        0.21862
    55.0       34.37633        0.10308        0.22509
    56.0       32.78334        0.10521        0.23156
    57.0       31.29210        0.10734        0.23790
    58.0       29.89511        0.10949        0.24425
    59.0       28.58474        0.11166        0.25060
    60.0       27.35276        0.11380        0.25709
    61.0       26.19741        0.11585        0.26381
    62.0       25.11013        0.11792        0.27053
    63.0       24.08591        0.12001        0.27725
    64.0       23.12044        0.12212        0.28396
    65.0       22.20909        0.12426        0.29066
    66.0       21.34682        0.12636        0.29752
    67.0       20.53164        0.12847        0.30438
    68.0       19.75933        0.13057        0.31134
    69.0       19.02650        0.13262        0.31843
    70.0       18.32908        0.13471        0.32548
    71.0       17.66645        0.13683        0.33251
    72.0       17.03783        0.13898        0.33951
    73.0       16.43624        0.14091        0.34711
    74.0       15.86444        0.14285        0.35473
    75.0       15.32070        0.14480        0.36228
    76.0       14.80298        0.14676        0.36967
    77.0       14.31013        0.14874        0.37702
    78.0       13.84066        0.15075        0.38433
    79.0       13.39150        0.15268        0.39192
    80.0       12.95810        0.15431        0.40047
    81.0       12.54691        0.15594        0.40898
    82.0       12.15439        0.15761        0.41743
    83.0       11.77845        0.15923        0.42607
    84.0       11.41324        0.16045        0.43606
    85.0       11.06436        0.16172        0.44598
    86.0       10.72182        0.16233        0.45819
    87.0       10.39464        0.16302        0.47033
    88.0       10.07426        0.16313        0.48464
    89.0        9.75486        0.16218        0.50312
    90.0        9.45603        0.16186        0.51970
    91.0       35.37752        0.04571        0.49158
    92.0       34.57956        0.05131        0.44776
    93.0       33.72726        0.05457        0.43138
    94.0       32.86286        0.05659        0.42672
    95.0       32.02459        0.05843        0.42380
    96.0       31.21116        0.06010        0.42250
    97.0       30.42336        0.06166        0.42224
    98.0       29.66402        0.06322        0.42212
    99.0       28.92871        0.06469        0.42278
   100.0       28.21891        0.06615        0.42365
   101.0       27.52927        0.06751        0.42488
   102.0       26.86376        0.06889        0.42610
   103.0       26.21872        0.07018        0.42796
   104.0       25.59474        0.07145        0.43003
   105.0       24.99177        0.07271        0.43217
   106.0       24.40835        0.07396        0.43449
   107.0       23.84434        0.07521        0.43679
   108.0       23.29904        0.07647        0.43908
   109.0       22.77158        0.07774        0.44134
   110.0       22.26028        0.07898        0.44383
   111.0       21.76531        0.08022        0.44634
   112.0       21.28506        0.08142        0.44912
   113.0       20.81937        0.08260        0.45202
   114.0       20.36835        0.08380        0.45488
   115.0       19.93144        0.08500        0.45772
   116.0       19.50789        0.08621        0.46054
   117.0       19.09726        0.08743        0.46333
   118.0       18.69914        0.08865        0.46610
   119.0       18.31293        0.08988        0.46886
   120.0       17.93796        0.09111        0.47167
   121.0       17.57326        0.09230        0.47469
   122.0       17.21924        0.09350        0.47769
   123.0       16.87558        0.09471        0.48064
   124.0       16.54180        0.09593        0.48354
   125.0       16.21767        0.09716        0.48642
   126.0       15.90278        0.09840        0.48928
   127.0       15.59696        0.09964        0.49211
   128.0       15.29975        0.10088        0.49498
   129.0       15.01056        0.10211        0.49788
   130.0       14.72933        0.10335        0.50076
   131.0       14.45587        0.10460        0.50358
   132.0       14.18964        0.10585        0.50643
   133.0       13.93008        0.10708        0.50941
   134.0       13.67727        0.10830        0.51231
   135.0       13.43100        0.10953        0.51515
   136.0       13.19120        0.11076        0.51797
   137.0       12.95763        0.11199        0.52077
   138.0       12.73011        0.11323        0.52355
   139.0       12.50841        0.11448        0.52631
   140.0       12.29234        0.11573        0.52904
   141.0       12.08174        0.11699        0.53176
   142.0       11.87629        0.11824        0.53450
   143.0       11.67562        0.11948        0.53735
   144.0       11.47985        0.12071        0.54021
   145.0       11.28888        0.12195        0.54304
   146.0       11.10292        0.12323        0.54572
   147.0       10.92156        0.12451        0.54833
   148.0       10.74457        0.12581        0.55093
   149.0       10.57180        0.12710        0.55351
   150.0       10.40313        0.12841        0.55606
   151.0       10.23871        0.12971        0.55860
   152.0       10.07806        0.13102        0.56110
   153.0        9.92097        0.13232        0.56365
   154.0        9.76747        0.13362        0.56618
   155.0        9.61726        0.13490        0.56881
   156.0        9.47015        0.13616        0.57155
   157.0        9.32665        0.13745        0.57415
   158.0        9.18652        0.13875        0.57667
   159.0        9.04964        0.14008        0.57911
   160.0        8.91586        0.14141        0.58151
   161.0        8.78502        0.14275        0.58389
   162.0        8.65705        0.14410        0.58625
   163.0        8.53188        0.14545        0.58859
   164.0        8.40942        0.14680        0.59091
   165.0        8.28959        0.14816        0.59321
   166.0        8.17231        0.14952        0.59550
   167.0        8.05738        0.15087        0.59785
   168.0        7.94482        0.15223        0.60021
   169.0        7.83463        0.15358        0.60255
   170.0        7.72660        0.15493        0.60493
   171.0        7.62070        0.15627        0.60736
   172.0        7.51685        0.15759        0.60974
   173.0        7.41524        0.15894        0.61194
   174.0        7.31580        0.16030        0.61406
   175.0        7.21838        0.16166        0.61616
   176.0        7.12291        0.16303        0.61824
   177.0        7.02936        0.16440        0.62032
   178.0        6.93768        0.16578        0.62237
   179.0        6.84780        0.16716        0.62441
   180.0        6.75969        0.16854        0.62643
   181.0        6.67330        0.16993        0.62844
   182.0        6.58859        0.17132        0.63043
   183.0        6.50552        0.17271        0.63241
   184.0        6.42386        0.17409        0.63448
   185.0        6.34374        0.17546        0.63655
   186.0        6.26513        0.17684        0.63861
   187.0        6.18786        0.17820        0.64075
   188.0        6.11218        0.17958        0.64277
   189.0        6.03802        0.18098        0.64473
   190.0        5.96528        0.18238        0.64668
   191.0        5.89391        0.18378        0.64861
   192.0        5.82386        0.18519        0.65053
   193.0        5.75510        0.18660        0.65243
   194.0        5.68758        0.18801        0.65432
   195.0        5.62130        0.18943        0.65619
   196.0        5.55619        0.19085        0.65805
   197.0        5.49227        0.19227        0.65990
   198.0        5.42948        0.19370        0.66173
   199.0        5.36777        0.19512        0.66357
   200.0        5.30699        0.19653        0.66550
   201.0        5.24768        0.19792        0.66741
   202.0        5.18950        0.19933        0.66924
   203.0        5.13247        0.20076        0.67098
   204.0        5.07641        0.20219        0.67270
   205.0        5.02130        0.20363        0.67441
   206.0        4.96714        0.20507        0.67611
   207.0        4.91390        0.20651        0.67779
   208.0        4.86156        0.20795        0.67947
   209.0        4.81009        0.20940        0.68113
   210.0        4.75948        0.21085        0.68277
   211.0        4.70972        0.21230        0.68441
   212.0        4.66076        0.21376        0.68603
   213.0        4.61262        0.21522        0.68764
   214.0        4.56528        0.21668        0.68924
   215.0        4.51865        0.21813        0.69081
   216.0        4.47273        0.21958        0.69242
   217.0        4.42754        0.22102        0.69403
   218.0        4.38308        0.22247        0.69562
   219.0        4.33932        0.22393        0.69720
   220.0        4.29627        0.22538        0.69877
   221.0        4.25385        0.22683        0.70035
   222.0        4.21211        0.22828        0.70192
   223.0        4.17101        0.22973        0.70348
   224.0        4.13058        0.23119        0.70503
   225.0        4.09076        0.23264        0.70657
   226.0        4.05156        0.23410        0.70809
   227.0        4.01297        0.23556        0.70961
   228.0        3.97496        0.23702        0.71111
   229.0        3.93754        0.23849        0.71260
   230.0        3.90069        0.23995        0.71408
   231.0        3.86440        0.24142        0.71555
   232.0        3.82865        0.24289        0.71700
   233.0        3.79344        0.24436        0.71845
   234.0        3.75876        0.24584        0.71989
   235.0        3.72459        0.24731        0.72131
   236.0        3.69092        0.24879        0.72272
   237.0        3.65776        0.25026        0.72413
   238.0        3.62508        0.25174        0.72552
   239.0        3.59289        0.25322        0.72690
   240.0        3.56116        0.25470        0.72827
   241.0        3.52988        0.25619        0.72964
   242.0        3.49907        0.25767        0.73099
   243.0        3.46868        0.25916        0.73233
   244.0        3.43874        0.26064        0.73367
   245.0        3.40922        0.26213        0.73499
   246.0        3.38013        0.26362        0.73631
   247.0        3.35142        0.26511        0.73762
   248.0        3.32314        0.26660        0.73892
   249.0        3.29525        0.26809        0.74021
   250.0        3.26774        0.26958        0.74149
   251.0        3.24062        0.27107        0.74277
   252.0        3.21387        0.27256        0.74403
   253.0        3.18748        0.27406        0.74529
   254.0        3.16148        0.27555        0.74654
   255.0        3.13584        0.27704        0.74777
   256.0        3.11053        0.27854        0.74900
   257.0        3.08558        0.28003        0.75022
   258.0        3.06096        0.28153        0.75143
   259.0        3.03668        0.28302        0.75264
   260.0        3.01271        0.28452        0.75383
   261.0        2.98907        0.28602        0.75502
   262.0        2.96574        0.28752        0.75620
   263.0        2.94271        0.28902        0.75737
   264.0        2.91999        0.29052        0.75853
   265.0        2.89758        0.29201        0.75968
   266.0        2.87545        0.29351        0.76082
   267.0        2.85356        0.29500        0.76194
   268.0        2.83186        0.29647        0.76304
   269.0        2.81044        0.29793        0.76414
   270.0        2.78929        0.29939        0.76523
   271.0        2.76840        0.30086        0.76631
   272.0        2.74780        0.30232        0.76739
   273.0        2.72746        0.30378        0.76846
   274.0        2.70737        0.30525        0.76952
   275.0        2.68753        0.30671        0.77057
   276.0        2.66795        0.30817        0.77162
   277.0        2.64861        0.30964        0.77266
   278.0        2.62950        0.31110        0.77370
   279.0        2.61063        0.31256        0.77472
   280.0        2.59201        0.31402        0.77574
   281.0        2.57361        0.31548        0.77675
   282.0        2.55543        0.31695        0.77776
   283.0        2.53747        0.31841        0.77876
   284.0        2.51974        0.31987        0.77975
   285.0        2.50222        0.32133        0.78073
   286.0        2.48489        0.32279        0.78171
   287.0        2.46779        0.32425        0.78268
   288.0        2.45089        0.32571        0.78365
   289.0        2.43420        0.32717        0.78461
   290.0        2.41770        0.32863        0.78556
   291.0        2.40140        0.33008        0.78651
   292.0        2.38529        0.33154        0.78745
   293.0        2.36936        0.33300        0.78838
   294.0        2.35361        0.33445        0.78932
   295.0        2.33805        0.33590        0.79026
   296.0        2.32266        0.33735        0.79119
   297.0        2.30746        0.33880        0.79212
   298.0        2.29243        0.34025        0.79303
   299.0        2.27756        0.34169        0.79395
   300.0        2.26288        0.34314        0.79485
   301.0        2.24841        0.34458        0.79575
   302.0        2.23412        0.34601        0.79665
   303.0        2.21997        0.34745        0.79754
   304.0        2.20601        0.34889        0.79842
   305.0        2.19218        0.35032        0.79930
   306.0        2.17852        0.35175        0.80017
   307.0        2.16501        0.35318        0.80103
   308.0        2.15164        0.35462        0.80189
   309.0        2.13842        0.35605        0.80275
   310.0        2.12535        0.35748        0.80360
   311.0        2.11243        0.35891        0.80444
   312.0        2.09964        0.36033        0.80528
   313.0        2.08700        0.36176        0.80611
   314.0        2.07449        0.36318        0.80694
   315.0        2.06211        0.36460        0.80776
   316.0        2.04985        0.36602        0.80858
   317.0        2.03772        0.36743        0.80939
   318.0        2.02573        0.36885        0.81019
   319.0        2.01386        0.37026        0.81099
   320.0        2.00212        0.37167        0.81178
   321.0        1.99050        0.37308        0.81257
   322.0        1.97901        0.37449        0.81336
   323.0        1.96764        0.37590        0.81414
   324.0        1.95639        0.37730        0.81491
   325.0        1.94525        0.37871        0.81568
   326.0        1.93424        0.38011        0.81644
   327.0        1.92333        0.38151        0.81720
   328.0        1.91254        0.38291        0.81796
   329.0        1.90187        0.38431        0.81871
   330.0        1.89130        0.38571        0.81945
   331.0        1.88084        0.38711        0.82020
   332.0        1.87049        0.38850        0.82093
   333.0        1.86024        0.38989        0.82166
   334.0        1.85010        0.39128        0.82239
   335.0        1.84006        0.39267        0.82311
   336.0        1.83012        0.39406        0.82384
   337.0        1.82026        0.39544        0.82457
   338.0        1.81051        0.39682        0.82530
   339.0        1.80085        0.39820        0.82603
   340.0        1.79129        0.39958        0.82674
   341.0        1.78183        0.40095        0.82746
   342.0        1.77246        0.40232        0.82817
   343.0        1.76318        0.40370        0.82887
   344.0        1.75399        0.40507        0.82958
   345.0        1.74490        0.40643        0.83027
   346.0        1.73589        0.40780        0.83097
   347.0        1.72719        0.40911        0.83165
   348.0        1.71873        0.41039        0.83234
   349.0        1.71036        0.41167        0.83300
   350.0        1.70207        0.41294        0.83366
   351.0        1.69385        0.41422        0.83432
   352.0        1.68572        0.41549        0.83497
   353.0        1.67765        0.41676        0.83562
   354.0        1.66967        0.41803        0.83627
   355.0        1.66175        0.41929        0.83691
   356.0        1.65391        0.42056        0.83754
   357.0        1.64614        0.42182        0.83818
   358.0        1.63844        0.42308        0.83881
   359.0        1.63081        0.42434        0.83943
   360.0        1.62325        0.42560        0.84005
   361.0        1.61576        0.42686        0.84067
   362.0        1.60834        0.42811        0.84129
   363.0        1.60098        0.42936        0.84190
   364.0        1.59369        0.43061        0.84251
   365.0        1.58646        0.43186        0.84311
   366.0        1.57930        0.43311        0.84371
   367.0        1.57220        0.43435        0.84431
   368.0        1.56516        0.43560        0.84490
   369.0        1.55819        0.43684        0.84549
   370.0        1.55128        0.43808        0.84608
   371.0        1.54442        0.43931        0.84666
   372.0        1.53757        0.44053        0.84723
   373.0        1.53077        0.44174        0.84779
   374.0        1.52404        0.44295        0.84835
   375.0        1.51736        0.44416        0.84891
   376.0        1.51075        0.44536        0.84946
   377.0        1.50418        0.44657        0.85001
   378.0        1.49768        0.44777        0.85056
   379.0        1.49123        0.44897        0.85110
   380.0        1.48483        0.45016        0.85164
   381.0        1.47849        0.45136        0.85218
   382.0        1.47220        0.45255        0.85272
   383.0        1.46597        0.45375        0.85325
   384.0        1.45978        0.45493        0.85378
   385.0        1.45365        0.45612        0.85431
   386.0        1.44757        0.45731        0.85483
   387.0        1.44154        0.45849        0.85535
   388.0        1.43556        0.45967        0.85587
   389.0        1.42963        0.46085        0.85639
   390.0        1.42375        0.46203        0.85690
   391.0        1.41791        0.46320        0.85741
   392.0        1.41213        0.46437        0.85792
   393.0        1.40639        0.46554        0.85842
   394.0        1.40070        0.46671        0.85893
   395.0        1.39506        0.46788        0.85942
   396.0        1.38946        0.46904        0.85992
   397.0        1.38391        0.47021        0.86042
   398.0        1.37840        0.47137        0.86091
   399.0        1.37293        0.47252        0.86139
   400.0        1.36751        0.47368        0.86188
   401.0        1.36216        0.47483        0.86236
   402.0        1.35684        0.47597        0.86284
   403.0        1.35157        0.47711        0.86332
   404.0        1.34634        0.47825        0.86380
   405.0        1.34115        0.47939        0.86427
   406.0        1.33601        0.48053        0.86474
   407.0        1.33090        0.48166        0.86521
   408.0        1.32583        0.48279        0.86567
   409.0        1.32081        0.48392        0.86614
   410.0        1.31582        0.48505        0.86660
   411.0        1.31087        0.48617        0.86706
   412.0        1.30596        0.48730        0.86751
   413.0        1.30109        0.48842        0.86796
   414.0        1.29625        0.48954        0.86841
   415.0        1.29145        0.49065        0.86886
   416.0        1.28669        0.49177        0.86931
   417.0        1.28197        0.49288        0.86975
   418.0        1.27728        0.49399        0.87019
   419.0        1.27262        0.49510        0.87063
   420.0        1.26801        0.49620        0.87107
   421.0        1.26342        0.49731        0.87150
   422.0        1.25887        0.49841        0.87193
   423.0        1.25436        0.49951        0.87236
   424.0        1.24988        0.50060        0.87279
   425.0        1.24543        0.50170        0.87322
   426.0        1.24101        0.50279        0.87365
   427.0        1.23663        0.50388        0.87407
   428.0        1.23227        0.50496        0.87449
   429.0        1.22794        0.50604        0.87491
   430.0        1.22364        0.50712        0.87533
   431.0        1.21938        0.50820        0.87574
   432.0        1.21515        0.50928        0.87615
   433.0        1.21094        0.51035        0.87656
   434.0        1.20677        0.51142        0.87697
   435.0        1.20263        0.51249        0.87738
   436.0        1.19852        0.51355        0.87778
   437.0        1.19443        0.51462        0.87818
   438.0        1.19038        0.51568        0.87858
   439.0        1.18636        0.51674        0.87898
   440.0        1.18236        0.51779        0.87938
   441.0        1.17840        0.51885        0.87977
   442.0        1.17446        0.51990        0.88016
   443.0        1.17055        0.52095        0.88055
   444.0        1.16667        0.52200        0.88094
   445.0        1.16281        0.52305        0.88132
   446.0        1.15899        0.52409        0.88171
   447.0        1.15519        0.52513        0.88209
   448.0        1.15142        0.52617        0.88247
   449.0        1.14768        0.52720        0.88285
   450.0        1.14397        0.52823        0.88322
   451.0        1.14028        0.52926        0.88360
   452.0        1.13662        0.53029        0.88397
   453.0        1.13298        0.53132        0.88434
   454.0        1.12937        0.53234        0.88471
   455.0        1.12578        0.53336        0.88508
   456.0        1.12222        0.53438        0.88544
   457.0        1.11868        0.53540        0.88581
   458.0        1.11517        0.53641        0.88617
   459.0        1.11168        0.53742        0.88653
   460.0        1.10822        0.53843        0.88689
   461.0        1.10477        0.53944        0.88724
   462.0        1.10135        0.54045        0.88760
   463.0        1.09796        0.54145        0.88795
   464.0        1.09459        0.54245        0.88830
   465.0        1.09124        0.54345        0.88865
   466.0        1.08791        0.54445        0.88900
   467.0        1.08460        0.54544        0.88935
   468.0        1.08132        0.54643        0.88969
   469.0        1.07806        0.54742        0.89003
   470.0        1.07482        0.54841        0.89038
   471.0        1.07160        0.54940        0.89071
   472.0        1.06841        0.55038        0.89105
   473.0        1.06523        0.55136        0.89139
   474.0        1.06208        0.55234        0.89172
   475.0        1.05894        0.55332        0.89206
   476.0        1.05582        0.55429        0.89239
   477.0        1.05272        0.55526        0.89271
   478.0        1.04964        0.55622        0.89304
   479.0        1.04657        0.55719        0.89337
   480.0        1.04353        0.55815        0.89369
   481.0        1.04051        0.55911        0.89401
   482.0        1.03750        0.56007        0.89433
   483.0        1.03452        0.56102        0.89465
   484.0        1.03155        0.56198        0.89497
   485.0        1.02860        0.56293        0.89528
   486.0        1.02568        0.56387        0.89560
   487.0        1.02277        0.56482        0.89591
   488.0        1.01988        0.56577        0.89622
   489.0        1.01700        0.56671        0.89653
   490.0        1.01415        0.56765        0.89684
   491.0        1.01131        0.56859        0.89715
   492.0        1.00849        0.56952        0.89745
   493.0        1.00569        0.57045        0.89776
   494.0        1.00291        0.57138        0.89806
   495.0        1.00014        0.57231        0.89837
   496.0        0.99739        0.57324        0.89867
   497.0        0.99466        0.57417        0.89897
   498.0        0.99194        0.57509        0.89927
   499.0        0.98925        0.57601        0.89956
   500.0        0.98656        0.57693        0.89986
   501.0        0.98402        0.57777        0.90015
   502.0        0.98149        0.57862        0.90045
   503.0        0.97897        0.57946        0.90074
   504.0        0.97647        0.58030        0.90103
   505.0        0.97399        0.58114        0.90132
   506.0        0.97151        0.58197        0.90161
   507.0        0.96906        0.58281        0.90189
   508.0        0.96661        0.58364        0.90218
   509.0        0.96418        0.58447        0.90246
   510.0        0.96177        0.58530        0.90275
   511.0        0.95937        0.58613        0.90303
   512.0        0.95698        0.58695        0.90331
   513.0        0.95461        0.58777        0.90359
   514.0        0.95225        0.58859        0.90387
   515.0        0.94990        0.58941        0.90414
   516.0        0.94757        0.59023        0.90442
   517.0        0.94525        0.59105        0.90469
   518.0        0.94295        0.59186        0.90496
   519.0        0.94065        0.59267        0.90524
   520.0        0.93837        0.59348        0.90551
   521.0        0.93611        0.59429        0.90577
   522.0        0.93386        0.59510        0.90604
   523.0        0.93161        0.59590        0.90631
   524.0        0.92938        0.59670        0.90657
   525.0        0.92717        0.59750        0.90684
   526.0        0.92496        0.59830        0.90710
   527.0        0.92277        0.59910        0.90736
   528.0        0.92059        0.59990        0.90762
   529.0        0.91843        0.60069        0.90788
   530.0        0.91627        0.60148        0.90814
   531.0        0.91413        0.60227        0.90839
   532.0        0.91200        0.60306        0.90864
   533.0        0.90989        0.60385        0.90889
   534.0        0.90778        0.60463        0.90915
   535.0        0.90569        0.60542        0.90940
   536.0        0.90360        0.60620        0.90964
   537.0        0.90153        0.60698        0.90989
   538.0        0.89947        0.60776        0.91014
   539.0        0.89742        0.60853        0.91038
   540.0        0.89538        0.60931        0.91063
   541.0        0.89336        0.61008        0.91087
   542.0        0.89134        0.61085        0.91111
   543.0        0.88933        0.61162        0.91135
   544.0        0.88734        0.61238        0.91159
   545.0        0.88536        0.61315        0.91183
   546.0        0.88338        0.61391        0.91207
   547.0        0.88142        0.61467        0.91231
   548.0        0.87947        0.61543        0.91254
   549.0        0.87753        0.61619        0.91278
   550.0        0.87560        0.61694        0.91301
   551.0        0.87369        0.61769        0.91325
   552.0        0.87178        0.61844        0.91348
   553.0        0.86988        0.61919        0.91371
   554.0        0.86799        0.61994        0.91394
   555.0        0.86611        0.62068        0.91417
   556.0        0.86425        0.62143        0.91440
   557.0        0.86239        0.62217        0.91463
   558.0        0.86054        0.62291        0.91485
   559.0        0.85870        0.62365        0.91508
   560.0        0.85687        0.62438        0.91530
   561.0        0.85505        0.62512        0.91553
   562.0        0.85324        0.62585        0.91575
   563.0        0.85144        0.62658        0.91597
   564.0        0.84965        0.62731        0.91619
   565.0        0.84787        0.62804        0.91641
   566.0        0.84609        0.62876        0.91663
   567.0        0.84433        0.62949        0.91685
   568.0        0.84257        0.63021        0.91706
   569.0        0.84082        0.63093        0.91728
   570.0        0.83908        0.63164        0.91749
   571.0        0.83734        0.63236        0.91771
   572.0        0.83562        0.63307        0.91792
   573.0        0.83390        0.63378        0.91813
   574.0        0.83219        0.63449        0.91834
   575.0        0.83050        0.63520        0.91855
   576.0        0.82881        0.63591        0.91876
   577.0        0.82712        0.63661        0.91897
   578.0        0.82545        0.63732        0.91918
   579.0        0.82378        0.63802        0.91939
   580.0        0.82213        0.63872        0.91959
   581.0        0.82048        0.63942        0.91980
   582.0        0.81884        0.64011        0.92000
   583.0        0.81720        0.64081        0.92021
   584.0        0.81558        0.64150        0.92041
   585.0        0.81396        0.64219        0.92062
   586.0        0.81235        0.64288        0.92082
   587.0        0.81075        0.64357        0.92102
   588.0        0.80916        0.64426        0.92122
   589.0        0.80757        0.64494        0.92142
   590.0        0.80599        0.64563        0.92162
   591.0        0.80443        0.64631        0.92182
   592.0        0.80286        0.64699        0.92201
   593.0        0.80131        0.64767        0.92221
   594.0        0.79976        0.64835        0.92241
   595.0        0.79822        0.64902        0.92260
   596.0        0.79669        0.64969        0.92280
   597.0        0.79516        0.65037        0.92299
   598.0        0.79364        0.65104        0.92318
   599.0        0.79213        0.65171        0.92338
   600.0        0.79063        0.65237        0.92357
   601.0        0.78914        0.65304        0.92376
   602.0        0.78765        0.65370        0.92395
   603.0        0.78617        0.65436        0.92414
   604.0        0.78470        0.65502        0.92432
   605.0        0.78323        0.65567        0.92451
   606.0        0.78178        0.65633        0.92470
   607.0        0.78032        0.65698        0.92488
   608.0        0.77888        0.65763        0.92507
   609.0        0.77744        0.65828        0.92525
   610.0        0.77598        0.65892        0.92543
   611.0        0.77452        0.65955        0.92561
   612.0        0.77307        0.66019        0.92579
   613.0        0.77163        0.66082        0.92597
   614.0        0.77019        0.66145        0.92614
   615.0        0.76876        0.66207        0.92632
   616.0        0.76734        0.66270        0.92650
   617.0        0.76592        0.66332        0.92667
   618.0        0.76451        0.66395        0.92684
   619.0        0.76311        0.66457        0.92702
   620.0        0.76171        0.66519        0.92719
   621.0        0.76032        0.66581        0.92736
   622.0        0.75894        0.66642        0.92753
   623.0        0.75756        0.66704        0.92770
   624.0        0.75618        0.66765        0.92787
   625.0        0.75482        0.66827        0.92804
   626.0        0.75346        0.66888        0.92821
   627.0        0.75210        0.66949        0.92838
   628.0        0.75076        0.67010        0.92855
   629.0        0.74941        0.67070        0.92871
   630.0        0.74808        0.67131        0.92888
   631.0        0.74675        0.67191        0.92905
   632.0        0.74542        0.67252        0.92921
   633.0        0.74411        0.67312        0.92937
   634.0        0.74279        0.67372        0.92954
   635.0        0.74149        0.67432        0.92970
   636.0        0.74018        0.67491        0.92987
   637.0        0.73889        0.67551        0.93003
   638.0        0.73760        0.67610        0.93019
   639.0        0.73632        0.67669        0.93035
   640.0        0.73504        0.67729        0.93051
   641.0        0.73376        0.67788        0.93067
   642.0        0.73250        0.67846        0.93083
   643.0        0.73123        0.67905        0.93099
   644.0        0.72998        0.67964        0.93115
   645.0        0.72873        0.68022        0.93131
   646.0        0.72748        0.68080        0.93147
   647.0        0.72624        0.68138        0.93162
   648.0        0.72501        0.68196        0.93178
   649.0        0.72378        0.68254        0.93194
   650.0        0.72256        0.68311        0.93209
   651.0        0.72134        0.68369        0.93224
   652.0        0.72013        0.68426        0.93240
   653.0        0.71893        0.68483        0.93255
   654.0        0.71772        0.68540        0.93271
   655.0        0.71653        0.68597        0.93286
   656.0        0.71534        0.68654        0.93301
   657.0        0.71415        0.68710        0.93316
   658.0        0.71297        0.68767        0.93331
   659.0        0.71179        0.68823        0.93346
   660.0        0.71062        0.68879        0.93361
   661.0        0.70945        0.68935        0.93376
   662.0        0.70829        0.68991        0.93391
   663.0        0.70713        0.69047        0.93406
   664.0        0.70598        0.69103        0.93420
   665.0        0.70484        0.69158        0.93435
   666.0        0.70369        0.69214        0.93450
   667.0        0.70256        0.69269        0.93464
   668.0        0.70142        0.69324        0.93479
   669.0        0.70029        0.69379        0.93493
   670.0        0.69917        0.69434        0.93508
   671.0        0.69805        0.69489        0.93522
   672.0        0.69694        0.69543        0.93536
   673.0        0.69583        0.69598        0.93551
   674.0        0.69472        0.69652        0.93565
   675.0        0.69362        0.69706        0.93579
   676.0        0.69252        0.69760        0.93593
   677.0        0.69143        0.69814        0.93607
   678.0        0.69034        0.69868        0.93621
   679.0        0.68926        0.69922        0.93635
   680.0        0.68818        0.69975        0.93649
   681.0        0.68713        0.70027        0.93663
   682.0        0.68610        0.70075        0.93677
   683.0        0.68508        0.70124        0.93691
   684.0        0.68406        0.70173        0.93706
   685.0        0.68304        0.70221        0.93719
   686.0        0.68203        0.70270        0.93733
   687.0        0.68102        0.70318        0.93747
   688.0        0.68002        0.70366        0.93760
   689.0        0.67902        0.70414        0.93774
   690.0        0.67803        0.70463        0.93787
   691.0        0.67704        0.70510        0.93800
   692.0        0.67605        0.70558        0.93814
   693.0        0.67507        0.70606        0.93827
   694.0        0.67409        0.70654        0.93840
   695.0        0.67311        0.70701        0.93853
   696.0        0.67214        0.70749        0.93866
   697.0        0.67117        0.70796        0.93879
   698.0        0.67021        0.70843        0.93892
   699.0        0.66924        0.70890        0.93905
   700.0        0.66829        0.70937        0.93918
   701.0        0.66733        0.70984        0.93930
   702.0        0.66638        0.71031        0.93943
   703.0        0.66544        0.71077        0.93956
   704.0        0.66449        0.71124        0.93968
   705.0        0.66356        0.71170        0.93981
   706.0        0.66262        0.71217        0.93993
   707.0        0.66169        0.71263        0.94006
   708.0        0.66076        0.71309        0.94018
   709.0        0.65983        0.71355        0.94031
   710.0        0.65891        0.71401        0.94043
   711.0        0.65799        0.71447        0.94055
   712.0        0.65708        0.71493        0.94068
   713.0        0.65617        0.71538        0.94080
   714.0        0.65526        0.71584        0.94092
   715.0        0.65435        0.71629        0.94104
   716.0        0.65345        0.71674        0.94116
   717.0        0.65255        0.71720        0.94128
   718.0        0.65166        0.71765        0.94140
   719.0        0.65077        0.71810        0.94152
   720.0        0.64988        0.71855        0.94164
   721.0        0.64899        0.71899        0.94176
   722.0        0.64811        0.71944        0.94188
   723.0        0.64723        0.71988        0.94200
   724.0        0.64636        0.72033        0.94212
   725.0        0.64548        0.72077        0.94223
   726.0        0.64461        0.72122        0.94235
   727.0        0.64375        0.72166        0.94247
   728.0        0.64288        0.72210        0.94258
   729.0        0.64202        0.72254        0.94270
   730.0        0.64117        0.72298        0.94281
   731.0        0.64031        0.72342        0.94293
   732.0        0.63946        0.72385        0.94304
   733.0        0.63861        0.72429        0.94316
   734.0        0.63777        0.72472        0.94327
   735.0        0.63692        0.72516        0.94339
   736.0        0.63609        0.72559        0.94350
   737.0        0.63525        0.72602        0.94361
   738.0        0.63442        0.72645        0.94372
   739.0        0.63359        0.72688        0.94384
   740.0        0.63276        0.72731        0.94395
   741.0        0.63194        0.72774        0.94406
   742.0        0.63111        0.72816        0.94417
   743.0        0.63030        0.72859        0.94428
   744.0        0.62948        0.72901        0.94439
   745.0        0.62867        0.72944        0.94450
   746.0        0.62786        0.72986        0.94461
   747.0        0.62705        0.73028        0.94472
   748.0        0.62625        0.73070        0.94483
   749.0        0.62545        0.73112        0.94494
   750.0        0.62465        0.73154        0.94505
   751.0        0.62385        0.73196        0.94516
   752.0        0.62306        0.73237        0.94527
   753.0        0.62227        0.73279        0.94537
   754.0        0.62148        0.73320        0.94548
   755.0        0.62069        0.73362        0.94559
   756.0        0.61990        0.73403        0.94569
   757.0        0.61912        0.73444        0.94580
   758.0        0.61834        0.73485        0.94591
   759.0        0.61757        0.73525        0.94601
   760.0        0.61679        0.73566        0.94612
   761.0        0.61603        0.73606        0.94622
   762.0        0.61526        0.73646        0.94632
   763.0        0.61449        0.73687        0.94643
   764.0        0.61373        0.73727        0.94653
   765.0        0.61298        0.73767        0.94664
   766.0        0.61222        0.73806        0.94674
   767.0        0.61146        0.73846        0.94684
   768.0        0.61071        0.73886        0.94694
   769.0        0.60996        0.73926        0.94705
   770.0        0.60922        0.73965        0.94715
   771.0        0.60847        0.74005        0.94725
   772.0        0.60773        0.74044        0.94735
   773.0        0.60699        0.74083        0.94746
   774.0        0.60625        0.74122        0.94756
   775.0        0.60552        0.74161        0.94766
   776.0        0.60479        0.74201        0.94776
   777.0        0.60406        0.74239        0.94786
   778.0        0.60333        0.74278        0.94796
   779.0        0.60260        0.74317        0.94806
   780.0        0.60188        0.74356        0.94816
   781.0        0.60116        0.74394        0.94826
   782.0        0.60044        0.74433        0.94836
   783.0        0.59972        0.74471        0.94846
   784.0        0.59900        0.74509        0.94855
   785.0        0.59828        0.74547        0.94865
   786.0        0.59757        0.74585        0.94875
   787.0        0.59686        0.74623        0.94885
   788.0        0.59615        0.74661        0.94894
   789.0        0.59545        0.74698        0.94904
   790.0        0.59474        0.74736        0.94913
   791.0        0.59404        0.74774        0.94923
   792.0        0.59334        0.74811        0.94933
   793.0        0.59264        0.74849        0.94942
   794.0        0.59195        0.74886        0.94952
   795.0        0.59125        0.74923        0.94961
   796.0        0.59057        0.74961        0.94971
   797.0        0.58988        0.74998        0.94980
   798.0        0.58919        0.75035        0.94989
   799.0        0.58851        0.75071        0.94999
   800.0        0.58782        0.75108        0.95008
   801.0        0.58715        0.75145        0.95017
   802.0        0.58647        0.75182        0.95027
   803.0        0.58580        0.75218        0.95036
   804.0        0.58512        0.75255        0.95045
   805.0        0.58445        0.75291        0.95054
   806.0        0.58379        0.75327        0.95063
   807.0        0.58312        0.75363        0.95072
   808.0        0.58246        0.75400        0.95081
   809.0        0.58179        0.75436        0.95090
   810.0        0.58114        0.75472        0.95099
   811.0        0.58048        0.75507        0.95108
   812.0        0.57982        0.75543        0.95117
   813.0        0.57917        0.75579        0.95126
   814.0        0.57852        0.75615        0.95135
   815.0        0.57787        0.75650        0.95143
   816.0        0.57722        0.75686        0.95152
   817.0        0.57658        0.75721        0.95161
   818.0        0.57593        0.75757        0.95170
   819.0        0.57529        0.75792        0.95178
   820.0        0.57465        0.75827        0.95187
   821.0        0.57402        0.75862        0.95196
   822.0        0.57338        0.75897        0.95204
   823.0        0.57275        0.75932        0.95213
   824.0        0.57212        0.75967        0.95222
   825.0        0.57148        0.76002        0.95230
   826.0        0.57086        0.76037        0.95239
   827.0        0.57023        0.76072        0.95247
   828.0        0.56961        0.76106        0.95256
   829.0        0.56899        0.76141        0.95264
   830.0        0.56837        0.76175        0.95272
   831.0        0.56775        0.76210        0.95281
   832.0        0.56713        0.76244        0.95289
   833.0        0.56652        0.76278        0.95298
   834.0        0.56590        0.76312        0.95306
   835.0        0.56529        0.76347        0.95314
   836.0        0.56468        0.76381        0.95323
   837.0        0.56408        0.76415        0.95331
   838.0        0.56347        0.76448        0.95339
   839.0        0.56287        0.76482        0.95347
   840.0        0.56226        0.76516        0.95355
   841.0        0.56166        0.76550        0.95364
   842.0        0.56107        0.76583        0.95372
   843.0        0.56047        0.76617        0.95380
   844.0        0.55987        0.76650        0.95388
   845.0        0.55928        0.76684        0.95396
   846.0        0.55869        0.76717        0.95404
   847.0        0.55810        0.76750        0.95412
   848.0        0.55751        0.76784        0.95420
   849.0        0.55693        0.76817        0.95428
   850.0        0.55634        0.76850        0.95436
   851.0        0.55576        0.76883        0.95444
   852.0        0.55518        0.76916        0.95452
   853.0        0.55460        0.76949        0.95460
   854.0        0.55402        0.76981        0.95468
   855.0        0.55344        0.77014        0.95475
   856.0        0.55287        0.77047        0.95483
   857.0        0.55230        0.77079        0.95491
   858.0        0.55172        0.77112        0.95499
   859.0        0.55115        0.77144        0.95507
   860.0        0.55059        0.77176        0.95514
   861.0        0.55002        0.77209        0.95522
   862.0        0.54946        0.77241        0.95530
   863.0        0.54889        0.77273        0.95538
   864.0        0.54833        0.77305        0.95545
   865.0        0.54777        0.77337        0.95553
   866.0        0.54721        0.77369        0.95561
   867.0        0.54666        0.77401        0.95568
   868.0        0.54610        0.77433        0.95576
   869.0        0.54555        0.77465        0.95583
   870.0        0.54500        0.77496        0.95591
   871.0        0.54445        0.77528        0.95598
   872.0        0.54390        0.77560        0.95606
   873.0        0.54335        0.77591        0.95613
   874.0        0.54280        0.77623        0.95621
   875.0        0.54226        0.77654        0.95628
   876.0        0.54172        0.77685        0.95636
   877.0        0.54118        0.77717        0.95643
   878.0        0.54064        0.77748        0.95651
   879.0        0.54010        0.77779        0.95658
   880.0        0.53956        0.77810        0.95665
   881.0        0.53903        0.77841        0.95673
   882.0        0.53849        0.77872        0.95680
   883.0        0.53796        0.77903        0.95687
   884.0        0.53743        0.77933        0.95694
   885.0        0.53690        0.77964        0.95702
   886.0        0.53637        0.77995        0.95709
   887.0        0.53585        0.78025        0.95716
   888.0        0.53532        0.78056        0.95723
   889.0        0.53480        0.78086        0.95731
   890.0        0.53428        0.78117        0.95738
   891.0        0.53376        0.78147        0.95745
   892.0        0.53324        0.78177        0.95752
   893.0        0.53272        0.78208        0.95759
   894.0        0.53220        0.78238        0.95766
   895.0        0.53169        0.78268        0.95773
   896.0        0.53118        0.78298        0.95780
   897.0        0.53066        0.78328        0.95787
   898.0        0.53015        0.78357        0.95795
   899.0        0.52964        0.78387        0.95803
   900.0        0.52912        0.78416        0.95811
   901.0        0.52861        0.78446        0.95819
   902.0        0.52811        0.78475        0.95827
   903.0        0.52760        0.78505        0.95835
   904.0        0.52709        0.78534        0.95843
   905.0        0.52659        0.78563        0.95851
   906.0        0.52608        0.78592        0.95859
   907.0        0.52558        0.78622        0.95867
   908.0        0.52508        0.78651        0.95875
   909.0        0.52458        0.78680        0.95882
   910.0        0.52408        0.78708        0.95890
   911.0        0.52358        0.78737        0.95898
   912.0        0.52309        0.78766        0.95906
   913.0        0.52259        0.78795        0.95914
   914.0        0.52210        0.78824        0.95921
   915.0        0.52161        0.78852        0.95929
   916.0        0.52112        0.78881        0.95937
   917.0        0.52063        0.78909        0.95945
   918.0        0.52014        0.78938        0.95952
   919.0        0.51965        0.78966        0.95960
   920.0        0.51917        0.78995        0.95967
   921.0        0.51869        0.79023        0.95975
   922.0        0.51820        0.79051        0.95983
   923.0        0.51772        0.79080        0.95990
   924.0        0.51724        0.79108        0.95998
   925.0        0.51676        0.79136        0.96005
   926.0        0.51628        0.79164        0.96013
   927.0        0.51581        0.79192        0.96020
   928.0        0.51533        0.79220        0.96027
   929.0        0.51486        0.79248        0.96035
   930.0        0.51439        0.79275        0.96042
   931.0        0.51392        0.79303        0.96050
   932.0        0.51345        0.79331        0.96057
   933.0        0.51298        0.79358        0.96064
   934.0        0.51251        0.79386        0.96072
   935.0        0.51204        0.79414        0.96079
   936.0        0.51158        0.79441        0.96086
   937.0        0.51111        0.79469        0.96093
   938.0        0.51065        0.79496        0.96101
   939.0        0.51019        0.79523        0.96108
   940.0        0.50973        0.79550        0.96115
   941.0        0.50927        0.79578        0.96122
   942.0        0.50881        0.79605        0.96129
   943.0        0.50835        0.79632        0.96136
   944.0        0.50790        0.79659        0.96144
   945.0        0.50745        0.79686        0.96151
   946.0        0.50699        0.79713        0.96158
   947.0        0.50654        0.79740        0.96165
   948.0        0.50609        0.79767        0.96172
   949.0        0.50564        0.79793        0.96179
   950.0        0.50519        0.79820        0.96186
   951.0        0.50474        0.79847        0.96192
   952.0        0.50430        0.79874        0.96199
   953.0        0.50385        0.79900        0.96206
   954.0        0.50341        0.79927        0.96213
   955.0        0.50297        0.79953        0.96219
   956.0        0.50253        0.79980        0.96226
   957.0        0.50209        0.80006        0.96233
   958.0        0.50165        0.80032        0.96239
   959.0        0.50121        0.80059        0.96246
   960.0        0.50078        0.80085        0.96252
   961.0        0.50034        0.80111        0.96259
   962.0        0.49991        0.80137        0.96265
   963.0        0.49947        0.80163        0.96272
   964.0        0.49904        0.80190        0.96279
   965.0        0.49861        0.80215        0.96285
   966.0        0.49818        0.80241        0.96292
   967.0        0.49775        0.80267        0.96298
   968.0        0.49732        0.80293        0.96304
   969.0        0.49690        0.80319        0.96311
   970.0        0.49647        0.80345        0.96317
   971.0        0.49605        0.80370        0.96324
   972.0        0.49562        0.80396        0.96330
   973.0        0.49520        0.80422        0.96336
   974.0        0.49478        0.80447        0.96343
   975.0        0.49436        0.80473        0.96349
   976.0        0.49394        0.80498        0.96355
   977.0        0.49352        0.80524        0.96362
   978.0        0.49310        0.80549        0.96368
   979.0        0.49269        0.80574        0.96374
   980.0        0.49227        0.80599        0.96380
   981.0        0.49186        0.80625        0.96387
   982.0        0.49144        0.80650        0.96392
   983.0        0.49103        0.80675        0.96398
   984.0        0.49062        0.80700        0.96404
   985.0        0.49022        0.80725        0.96410
   986.0        0.48981        0.80750        0.96415
   987.0        0.48940        0.80775        0.96421
   988.0        0.48900        0.80800        0.96427
   989.0        0.48859        0.80825        0.96432
   990.0        0.48819        0.80850        0.96438
   991.0        0.48779        0.80875        0.96444
   992.0        0.48738        0.80899        0.96449
   993.0        0.48698        0.80924        0.96455
   994.0        0.48658        0.80949        0.96461
   995.0        0.48618        0.80973        0.96466
   996.0        0.48579        0.80998        0.96472
   997.0        0.48539        0.81022        0.96477
   998.0        0.48499        0.81047        0.96483
   999.0        0.48460        0.81071        0.96488
  1000.0        0.48420        0.81096        0.96494
