 blood               
 Density =    1.060000      Aeff =    12.93043      Zeff =    7.115872    
     1.0     4034.82471        0.00041        0.00856
     2.0      613.53784        0.00222        0.03253
     3.0      196.70763        0.00550        0.06926
     4.0       84.85379        0.01025        0.11425
     5.0       43.73557        0.01643        0.16423
     6.0       25.49666        0.02400        0.21579
     7.0       15.98043        0.03352        0.26623
     8.0       10.81957        0.04444        0.31393
     9.0        7.61831        0.05763        0.35792
    10.0        5.58721        0.07286        0.39893
    11.0        4.23542        0.09014        0.43636
    12.0        3.30295        0.10939        0.47059
    13.0        2.62830        0.13119        0.50250
    14.0        2.13427        0.15498        0.53156
    15.0        1.76667        0.18047        0.55830
    16.0        1.48713        0.20759        0.58329
    17.0        1.27126        0.23603        0.60667
    18.0        1.10180        0.26554        0.62850
    19.0        0.96676        0.29571        0.64866
    20.0        0.85753        0.32603        0.66695
    21.0        0.76843        0.35645        0.68408
    22.0        0.69509        0.38682        0.70012
    23.0        0.63418        0.41690        0.71518
    24.0        0.58310        0.44645        0.72944
    25.0        0.53963        0.47563        0.74271
    26.0        0.50235        0.50418        0.75525
    27.0        0.47012        0.53138        0.76663
    28.0        0.44233        0.55749        0.77746
    29.0        0.41825        0.58249        0.78753
    30.0        0.39732        0.60637        0.79696
    31.0        0.37898        0.62913        0.80588
    32.0        0.36285        0.65071        0.81422
    33.0        0.34861        0.67112        0.82206
    34.0        0.33601        0.69040        0.82943
    35.0        0.32480        0.70858        0.83639
    36.0        0.31481        0.72569        0.84293
    37.0        0.30567        0.74160        0.84900
    38.0        0.29734        0.75648        0.85469
    39.0        0.28982        0.77044        0.86007
    40.0        0.28301        0.78353        0.86519
    41.0        0.27681        0.79581        0.87004
    42.0        0.27116        0.80731        0.87467
    43.0        0.26600        0.81808        0.87906
    44.0        0.26128        0.82817        0.88321
    45.0        0.25691        0.83759        0.88716
    46.0        0.25289        0.84642        0.89092
    47.0        0.24914        0.85467        0.89446
    48.0        0.24549        0.86230        0.89776
    49.0        0.24209        0.86944        0.90091
    50.0        0.23892        0.87615        0.90390
    51.0        0.23596        0.88248        0.90677
    52.0        0.23318        0.88843        0.90952
    53.0        0.23059        0.89401        0.91215
    54.0        0.22815        0.89926        0.91467
    55.0        0.22586        0.90419        0.91709
    56.0        0.22371        0.90882        0.91940
    57.0        0.22168        0.91318        0.92163
    58.0        0.21977        0.91728        0.92376
    59.0        0.21794        0.92114        0.92580
    60.0        0.21621        0.92478        0.92776
    61.0        0.21457        0.92821        0.92965
    62.0        0.21301        0.93145        0.93146
    63.0        0.21153        0.93450        0.93321
    64.0        0.21012        0.93739        0.93489
    65.0        0.20878        0.94011        0.93650
    66.0        0.20750        0.94269        0.93807
    67.0        0.20628        0.94513        0.93957
    68.0        0.20512        0.94744        0.94102
    69.0        0.20392        0.94961        0.94239
    70.0        0.20269        0.95164        0.94369
    71.0        0.20151        0.95357        0.94495
    72.0        0.20038        0.95541        0.94617
    73.0        0.19929        0.95715        0.94735
    74.0        0.19824        0.95880        0.94848
    75.0        0.19722        0.96038        0.94958
    76.0        0.19624        0.96188        0.95065
    77.0        0.19528        0.96330        0.95168
    78.0        0.19435        0.96465        0.95268
    79.0        0.19344        0.96594        0.95365
    80.0        0.19257        0.96717        0.95458
    81.0        0.19172        0.96835        0.95549
    82.0        0.19090        0.96947        0.95637
    83.0        0.19011        0.97054        0.95723
    84.0        0.18933        0.97156        0.95806
    85.0        0.18858        0.97253        0.95886
    86.0        0.18785        0.97347        0.95964
    87.0        0.18714        0.97436        0.96040
    88.0        0.18644        0.97521        0.96114
    89.0        0.18577        0.97603        0.96186
    90.0        0.18511        0.97681        0.96256
    91.0        0.18447        0.97756        0.96324
    92.0        0.18384        0.97828        0.96390
    93.0        0.18323        0.97896        0.96454
    94.0        0.18264        0.97962        0.96517
    95.0        0.18206        0.98026        0.96578
    96.0        0.18149        0.98087        0.96637
    97.0        0.18093        0.98145        0.96694
    98.0        0.18039        0.98201        0.96751
    99.0        0.17986        0.98255        0.96805
   100.0        0.17934        0.98307        0.96859
   101.0        0.17874        0.98355        0.96909
   102.0        0.17816        0.98402        0.96958
   103.0        0.17758        0.98447        0.97007
   104.0        0.17702        0.98490        0.97053
   105.0        0.17646        0.98531        0.97099
   106.0        0.17592        0.98571        0.97144
   107.0        0.17539        0.98610        0.97188
   108.0        0.17486        0.98648        0.97230
   109.0        0.17435        0.98684        0.97272
   110.0        0.17384        0.98718        0.97312
   111.0        0.17334        0.98752        0.97352
   112.0        0.17285        0.98784        0.97391
   113.0        0.17237        0.98816        0.97429
   114.0        0.17190        0.98846        0.97466
   115.0        0.17143        0.98875        0.97503
   116.0        0.17098        0.98903        0.97538
   117.0        0.17053        0.98931        0.97573
   118.0        0.17008        0.98957        0.97607
   119.0        0.16964        0.98983        0.97640
   120.0        0.16921        0.99008        0.97673
   121.0        0.16879        0.99031        0.97705
   122.0        0.16837        0.99055        0.97736
   123.0        0.16796        0.99077        0.97767
   124.0        0.16755        0.99099        0.97796
   125.0        0.16715        0.99120        0.97826
   126.0        0.16676        0.99140        0.97854
   127.0        0.16637        0.99160        0.97883
   128.0        0.16599        0.99179        0.97910
   129.0        0.16561        0.99198        0.97937
   130.0        0.16523        0.99216        0.97964
   131.0        0.16487        0.99234        0.97990
   132.0        0.16450        0.99251        0.98015
   133.0        0.16414        0.99267        0.98040
   134.0        0.16376        0.99283        0.98064
   135.0        0.16336        0.99299        0.98088
   136.0        0.16296        0.99313        0.98111
   137.0        0.16257        0.99328        0.98133
   138.0        0.16219        0.99342        0.98156
   139.0        0.16180        0.99356        0.98177
   140.0        0.16143        0.99369        0.98199
   141.0        0.16106        0.99382        0.98220
   142.0        0.16069        0.99395        0.98240
   143.0        0.16033        0.99407        0.98260
   144.0        0.15997        0.99419        0.98280
   145.0        0.15961        0.99431        0.98300
   146.0        0.15926        0.99442        0.98319
   147.0        0.15891        0.99453        0.98338
   148.0        0.15857        0.99464        0.98356
   149.0        0.15823        0.99474        0.98374
   150.0        0.15789        0.99484        0.98392
   151.0        0.15756        0.99494        0.98410
   152.0        0.15723        0.99504        0.98427
   153.0        0.15690        0.99513        0.98444
   154.0        0.15658        0.99523        0.98461
   155.0        0.15626        0.99531        0.98477
   156.0        0.15595        0.99540        0.98493
   157.0        0.15563        0.99549        0.98509
   158.0        0.15532        0.99557        0.98525
   159.0        0.15502        0.99565        0.98540
   160.0        0.15471        0.99573        0.98555
   161.0        0.15441        0.99581        0.98570
   162.0        0.15411        0.99588        0.98585
   163.0        0.15382        0.99596        0.98599
   164.0        0.15352        0.99603        0.98613
   165.0        0.15323        0.99610        0.98627
   166.0        0.15295        0.99617        0.98641
   167.0        0.15266        0.99623        0.98655
   168.0        0.15238        0.99630        0.98668
   169.0        0.15210        0.99636        0.98681
   170.0        0.15182        0.99643        0.98694
   171.0        0.15155        0.99649        0.98707
   172.0        0.15126        0.99655        0.98719
   173.0        0.15095        0.99660        0.98731
   174.0        0.15064        0.99666        0.98743
   175.0        0.15034        0.99671        0.98754
   176.0        0.15004        0.99677        0.98766
   177.0        0.14974        0.99682        0.98777
   178.0        0.14944        0.99687        0.98788
   179.0        0.14915        0.99692        0.98799
   180.0        0.14885        0.99697        0.98810
   181.0        0.14857        0.99702        0.98821
   182.0        0.14828        0.99707        0.98831
   183.0        0.14799        0.99711        0.98842
   184.0        0.14771        0.99716        0.98852
   185.0        0.14743        0.99720        0.98862
   186.0        0.14716        0.99725        0.98872
   187.0        0.14688        0.99729        0.98882
   188.0        0.14661        0.99733        0.98891
   189.0        0.14634        0.99737        0.98901
   190.0        0.14607        0.99741        0.98910
   191.0        0.14580        0.99745        0.98920
   192.0        0.14554        0.99749        0.98929
   193.0        0.14527        0.99752        0.98938
   194.0        0.14501        0.99756        0.98947
   195.0        0.14475        0.99760        0.98955
   196.0        0.14450        0.99763        0.98964
   197.0        0.14424        0.99767        0.98973
   198.0        0.14399        0.99770        0.98981
   199.0        0.14374        0.99773        0.98990
   200.0        0.14349        0.99777        0.98998
   201.0        0.14324        0.99780        0.99006
   202.0        0.14300        0.99783        0.99014
   203.0        0.14275        0.99786        0.99022
   204.0        0.14251        0.99789        0.99030
   205.0        0.14227        0.99791        0.99037
   206.0        0.14203        0.99794        0.99045
   207.0        0.14180        0.99797        0.99053
   208.0        0.14156        0.99800        0.99060
   209.0        0.14133        0.99802        0.99067
   210.0        0.14110        0.99805        0.99075
   211.0        0.14087        0.99807        0.99082
   212.0        0.14064        0.99810        0.99089
   213.0        0.14041        0.99812        0.99096
   214.0        0.14019        0.99815        0.99103
   215.0        0.13996        0.99817        0.99110
   216.0        0.13974        0.99819        0.99116
   217.0        0.13952        0.99822        0.99123
   218.0        0.13930        0.99824        0.99130
   219.0        0.13908        0.99826        0.99136
   220.0        0.13887        0.99828        0.99143
   221.0        0.13865        0.99831        0.99149
   222.0        0.13844        0.99833        0.99155
   223.0        0.13822        0.99835        0.99161
   224.0        0.13801        0.99837        0.99168
   225.0        0.13780        0.99839        0.99174
   226.0        0.13760        0.99841        0.99180
   227.0        0.13739        0.99843        0.99186
   228.0        0.13718        0.99845        0.99191
   229.0        0.13698        0.99846        0.99197
   230.0        0.13678        0.99848        0.99203
   231.0        0.13657        0.99850        0.99209
   232.0        0.13637        0.99852        0.99214
   233.0        0.13617        0.99854        0.99220
   234.0        0.13598        0.99855        0.99225
   235.0        0.13578        0.99857        0.99231
   236.0        0.13558        0.99859        0.99236
   237.0        0.13539        0.99860        0.99241
   238.0        0.13520        0.99862        0.99247
   239.0        0.13500        0.99864        0.99252
   240.0        0.13481        0.99865        0.99257
   241.0        0.13462        0.99867        0.99262
   242.0        0.13443        0.99868        0.99267
   243.0        0.13425        0.99870        0.99272
   244.0        0.13406        0.99871        0.99277
   245.0        0.13387        0.99873        0.99282
   246.0        0.13369        0.99874        0.99286
   247.0        0.13351        0.99875        0.99291
   248.0        0.13332        0.99877        0.99296
   249.0        0.13314        0.99878        0.99301
   250.0        0.13296        0.99880        0.99305
   251.0        0.13278        0.99881        0.99310
   252.0        0.13260        0.99882        0.99314
   253.0        0.13243        0.99883        0.99319
   254.0        0.13225        0.99885        0.99323
   255.0        0.13208        0.99886        0.99327
   256.0        0.13190        0.99887        0.99332
   257.0        0.13173        0.99888        0.99336
   258.0        0.13156        0.99890        0.99340
   259.0        0.13138        0.99891        0.99345
   260.0        0.13121        0.99892        0.99349
   261.0        0.13104        0.99893        0.99353
   262.0        0.13088        0.99894        0.99357
   263.0        0.13071        0.99895        0.99361
   264.0        0.13054        0.99896        0.99365
   265.0        0.13037        0.99897        0.99369
   266.0        0.13021        0.99899        0.99373
   267.0        0.13003        0.99900        0.99377
   268.0        0.12985        0.99901        0.99380
   269.0        0.12966        0.99902        0.99384
   270.0        0.12947        0.99903        0.99388
   271.0        0.12929        0.99904        0.99391
   272.0        0.12910        0.99904        0.99395
   273.0        0.12892        0.99905        0.99398
   274.0        0.12873        0.99906        0.99402
   275.0        0.12855        0.99907        0.99405
   276.0        0.12837        0.99908        0.99409
   277.0        0.12819        0.99909        0.99412
   278.0        0.12801        0.99910        0.99416
   279.0        0.12783        0.99911        0.99419
   280.0        0.12766        0.99912        0.99422
   281.0        0.12748        0.99913        0.99426
   282.0        0.12731        0.99913        0.99429
   283.0        0.12713        0.99914        0.99432
   284.0        0.12696        0.99915        0.99435
   285.0        0.12678        0.99916        0.99438
   286.0        0.12661        0.99917        0.99442
   287.0        0.12644        0.99917        0.99445
   288.0        0.12627        0.99918        0.99448
   289.0        0.12610        0.99919        0.99451
   290.0        0.12593        0.99920        0.99454
   291.0        0.12577        0.99920        0.99457
   292.0        0.12560        0.99921        0.99460
   293.0        0.12543        0.99922        0.99463
   294.0        0.12527        0.99923        0.99466
   295.0        0.12510        0.99923        0.99469
   296.0        0.12494        0.99924        0.99471
   297.0        0.12478        0.99925        0.99474
   298.0        0.12462        0.99925        0.99477
   299.0        0.12445        0.99926        0.99480
   300.0        0.12429        0.99927        0.99483
   301.0        0.12413        0.99927        0.99485
   302.0        0.12398        0.99928        0.99488
   303.0        0.12382        0.99929        0.99491
   304.0        0.12366        0.99929        0.99494
   305.0        0.12350        0.99930        0.99496
   306.0        0.12335        0.99930        0.99499
   307.0        0.12319        0.99931        0.99501
   308.0        0.12304        0.99932        0.99504
   309.0        0.12288        0.99932        0.99507
   310.0        0.12273        0.99933        0.99509
   311.0        0.12258        0.99933        0.99512
   312.0        0.12243        0.99934        0.99514
   313.0        0.12228        0.99934        0.99517
   314.0        0.12213        0.99935        0.99519
   315.0        0.12198        0.99935        0.99522
   316.0        0.12183        0.99936        0.99524
   317.0        0.12168        0.99936        0.99526
   318.0        0.12153        0.99937        0.99529
   319.0        0.12138        0.99937        0.99531
   320.0        0.12124        0.99938        0.99534
   321.0        0.12109        0.99938        0.99536
   322.0        0.12095        0.99939        0.99538
   323.0        0.12080        0.99939        0.99541
   324.0        0.12066        0.99940        0.99543
   325.0        0.12052        0.99940        0.99545
   326.0        0.12037        0.99941        0.99547
   327.0        0.12023        0.99941        0.99550
   328.0        0.12009        0.99942        0.99552
   329.0        0.11995        0.99942        0.99554
   330.0        0.11981        0.99943        0.99556
   331.0        0.11967        0.99943        0.99558
   332.0        0.11953        0.99944        0.99560
   333.0        0.11939        0.99944        0.99562
   334.0        0.11926        0.99944        0.99565
   335.0        0.11912        0.99945        0.99567
   336.0        0.11898        0.99945        0.99569
   337.0        0.11885        0.99946        0.99571
   338.0        0.11871        0.99946        0.99573
   339.0        0.11858        0.99946        0.99575
   340.0        0.11844        0.99947        0.99577
   341.0        0.11831        0.99947        0.99579
   342.0        0.11818        0.99948        0.99581
   343.0        0.11804        0.99948        0.99583
   344.0        0.11791        0.99948        0.99585
   345.0        0.11778        0.99949        0.99587
   346.0        0.11765        0.99949        0.99589
   347.0        0.11752        0.99950        0.99590
   348.0        0.11739        0.99950        0.99592
   349.0        0.11726        0.99950        0.99594
   350.0        0.11713        0.99951        0.99596
   351.0        0.11700        0.99951        0.99598
   352.0        0.11688        0.99951        0.99600
   353.0        0.11675        0.99952        0.99602
   354.0        0.11662        0.99952        0.99603
   355.0        0.11650        0.99952        0.99605
   356.0        0.11637        0.99953        0.99607
   357.0        0.11624        0.99953        0.99609
   358.0        0.11612        0.99953        0.99611
   359.0        0.11600        0.99954        0.99612
   360.0        0.11587        0.99954        0.99614
   361.0        0.11575        0.99954        0.99616
   362.0        0.11563        0.99955        0.99617
   363.0        0.11550        0.99955        0.99619
   364.0        0.11538        0.99955        0.99621
   365.0        0.11526        0.99956        0.99622
   366.0        0.11514        0.99956        0.99624
   367.0        0.11502        0.99956        0.99626
   368.0        0.11490        0.99957        0.99627
   369.0        0.11478        0.99957        0.99629
   370.0        0.11466        0.99957        0.99631
   371.0        0.11454        0.99957        0.99632
   372.0        0.11442        0.99958        0.99634
   373.0        0.11431        0.99958        0.99635
   374.0        0.11419        0.99958        0.99637
   375.0        0.11407        0.99959        0.99639
   376.0        0.11396        0.99959        0.99640
   377.0        0.11384        0.99959        0.99642
   378.0        0.11372        0.99959        0.99643
   379.0        0.11361        0.99960        0.99645
   380.0        0.11350        0.99960        0.99646
   381.0        0.11338        0.99960        0.99648
   382.0        0.11327        0.99961        0.99649
   383.0        0.11315        0.99961        0.99651
   384.0        0.11304        0.99961        0.99652
   385.0        0.11293        0.99961        0.99654
   386.0        0.11282        0.99962        0.99655
   387.0        0.11270        0.99962        0.99656
   388.0        0.11259        0.99962        0.99658
   389.0        0.11248        0.99962        0.99659
   390.0        0.11237        0.99963        0.99661
   391.0        0.11226        0.99963        0.99662
   392.0        0.11215        0.99963        0.99663
   393.0        0.11204        0.99963        0.99665
   394.0        0.11193        0.99964        0.99666
   395.0        0.11183        0.99964        0.99668
   396.0        0.11172        0.99964        0.99669
   397.0        0.11161        0.99964        0.99670
   398.0        0.11150        0.99964        0.99672
   399.0        0.11140        0.99965        0.99673
   400.0        0.11129        0.99965        0.99674
   401.0        0.11118        0.99965        0.99676
   402.0        0.11108        0.99965        0.99677
   403.0        0.11097        0.99966        0.99678
   404.0        0.11087        0.99966        0.99679
   405.0        0.11076        0.99966        0.99681
   406.0        0.11066        0.99966        0.99682
   407.0        0.11055        0.99966        0.99683
   408.0        0.11045        0.99967        0.99684
   409.0        0.11035        0.99967        0.99686
   410.0        0.11024        0.99967        0.99687
   411.0        0.11014        0.99967        0.99688
   412.0        0.11004        0.99967        0.99689
   413.0        0.10994        0.99967        0.99691
   414.0        0.10984        0.99968        0.99692
   415.0        0.10974        0.99968        0.99693
   416.0        0.10963        0.99968        0.99694
   417.0        0.10953        0.99968        0.99695
   418.0        0.10943        0.99968        0.99697
   419.0        0.10933        0.99969        0.99698
   420.0        0.10923        0.99969        0.99699
   421.0        0.10914        0.99969        0.99700
   422.0        0.10904        0.99969        0.99701
   423.0        0.10894        0.99969        0.99702
   424.0        0.10884        0.99969        0.99703
   425.0        0.10874        0.99970        0.99705
   426.0        0.10864        0.99970        0.99706
   427.0        0.10855        0.99970        0.99707
   428.0        0.10844        0.99970        0.99708
   429.0        0.10834        0.99970        0.99709
   430.0        0.10823        0.99970        0.99710
   431.0        0.10813        0.99971        0.99711
   432.0        0.10802        0.99971        0.99712
   433.0        0.10792        0.99971        0.99713
   434.0        0.10781        0.99971        0.99714
   435.0        0.10771        0.99971        0.99715
   436.0        0.10760        0.99971        0.99716
   437.0        0.10750        0.99972        0.99717
   438.0        0.10740        0.99972        0.99718
   439.0        0.10729        0.99972        0.99719
   440.0        0.10719        0.99972        0.99720
   441.0        0.10709        0.99972        0.99721
   442.0        0.10699        0.99972        0.99722
   443.0        0.10689        0.99972        0.99723
   444.0        0.10679        0.99973        0.99724
   445.0        0.10668        0.99973        0.99725
   446.0        0.10658        0.99973        0.99726
   447.0        0.10648        0.99973        0.99727
   448.0        0.10638        0.99973        0.99728
   449.0        0.10628        0.99973        0.99729
   450.0        0.10619        0.99973        0.99730
   451.0        0.10609        0.99974        0.99731
   452.0        0.10599        0.99974        0.99732
   453.0        0.10589        0.99974        0.99733
   454.0        0.10579        0.99974        0.99734
   455.0        0.10569        0.99974        0.99735
   456.0        0.10560        0.99974        0.99736
   457.0        0.10550        0.99974        0.99737
   458.0        0.10540        0.99975        0.99737
   459.0        0.10531        0.99975        0.99738
   460.0        0.10521        0.99975        0.99739
   461.0        0.10511        0.99975        0.99740
   462.0        0.10502        0.99975        0.99741
   463.0        0.10492        0.99975        0.99742
   464.0        0.10483        0.99975        0.99743
   465.0        0.10473        0.99975        0.99744
   466.0        0.10464        0.99976        0.99745
   467.0        0.10455        0.99976        0.99745
   468.0        0.10445        0.99976        0.99746
   469.0        0.10436        0.99976        0.99747
   470.0        0.10426        0.99976        0.99748
   471.0        0.10417        0.99976        0.99749
   472.0        0.10408        0.99976        0.99750
   473.0        0.10399        0.99976        0.99750
   474.0        0.10389        0.99976        0.99751
   475.0        0.10380        0.99977        0.99752
   476.0        0.10371        0.99977        0.99753
   477.0        0.10362        0.99977        0.99754
   478.0        0.10353        0.99977        0.99755
   479.0        0.10344        0.99977        0.99755
   480.0        0.10335        0.99977        0.99756
   481.0        0.10326        0.99977        0.99757
   482.0        0.10317        0.99977        0.99758
   483.0        0.10308        0.99978        0.99759
   484.0        0.10299        0.99978        0.99759
   485.0        0.10290        0.99978        0.99760
   486.0        0.10281        0.99978        0.99761
   487.0        0.10272        0.99978        0.99762
   488.0        0.10263        0.99978        0.99762
   489.0        0.10255        0.99978        0.99763
   490.0        0.10246        0.99978        0.99764
   491.0        0.10237        0.99978        0.99765
   492.0        0.10228        0.99978        0.99765
   493.0        0.10220        0.99979        0.99766
   494.0        0.10211        0.99979        0.99767
   495.0        0.10202        0.99979        0.99768
   496.0        0.10194        0.99979        0.99768
   497.0        0.10185        0.99979        0.99769
   498.0        0.10176        0.99979        0.99770
   499.0        0.10168        0.99979        0.99771
   500.0        0.10159        0.99979        0.99771
   501.0        0.10151        0.99979        0.99772
   502.0        0.10142        0.99979        0.99773
   503.0        0.10134        0.99980        0.99773
   504.0        0.10125        0.99980        0.99774
   505.0        0.10117        0.99980        0.99775
   506.0        0.10109        0.99980        0.99776
   507.0        0.10100        0.99980        0.99776
   508.0        0.10092        0.99980        0.99777
   509.0        0.10084        0.99980        0.99778
   510.0        0.10075        0.99980        0.99778
   511.0        0.10067        0.99980        0.99779
   512.0        0.10059        0.99980        0.99780
   513.0        0.10051        0.99980        0.99780
   514.0        0.10042        0.99980        0.99781
   515.0        0.10034        0.99981        0.99782
   516.0        0.10026        0.99981        0.99782
   517.0        0.10018        0.99981        0.99783
   518.0        0.10010        0.99981        0.99784
   519.0        0.10002        0.99981        0.99784
   520.0        0.09994        0.99981        0.99785
   521.0        0.09986        0.99981        0.99786
   522.0        0.09978        0.99981        0.99786
   523.0        0.09970        0.99981        0.99787
   524.0        0.09962        0.99981        0.99788
   525.0        0.09954        0.99981        0.99788
   526.0        0.09946        0.99981        0.99789
   527.0        0.09938        0.99981        0.99790
   528.0        0.09930        0.99982        0.99790
   529.0        0.09922        0.99982        0.99791
   530.0        0.09914        0.99982        0.99791
   531.0        0.09906        0.99982        0.99792
   532.0        0.09899        0.99982        0.99793
   533.0        0.09891        0.99982        0.99793
   534.0        0.09883        0.99982        0.99794
   535.0        0.09875        0.99982        0.99794
   536.0        0.09868        0.99982        0.99795
   537.0        0.09860        0.99982        0.99796
   538.0        0.09852        0.99982        0.99796
   539.0        0.09845        0.99982        0.99797
   540.0        0.09837        0.99982        0.99797
   541.0        0.09829        0.99982        0.99798
   542.0        0.09822        0.99983        0.99799
   543.0        0.09814        0.99983        0.99799
   544.0        0.09807        0.99983        0.99800
   545.0        0.09799        0.99983        0.99800
   546.0        0.09792        0.99983        0.99801
   547.0        0.09784        0.99983        0.99802
   548.0        0.09777        0.99983        0.99802
   549.0        0.09769        0.99983        0.99803
   550.0        0.09762        0.99983        0.99803
   551.0        0.09754        0.99983        0.99804
   552.0        0.09747        0.99983        0.99804
   553.0        0.09739        0.99983        0.99805
   554.0        0.09732        0.99983        0.99806
   555.0        0.09725        0.99983        0.99806
   556.0        0.09717        0.99983        0.99807
   557.0        0.09710        0.99984        0.99807
   558.0        0.09703        0.99984        0.99808
   559.0        0.09696        0.99984        0.99808
   560.0        0.09688        0.99984        0.99809
   561.0        0.09681        0.99984        0.99809
   562.0        0.09674        0.99984        0.99810
   563.0        0.09667        0.99984        0.99810
   564.0        0.09659        0.99984        0.99811
   565.0        0.09652        0.99984        0.99811
   566.0        0.09645        0.99984        0.99812
   567.0        0.09638        0.99984        0.99812
   568.0        0.09631        0.99984        0.99813
   569.0        0.09623        0.99984        0.99814
   570.0        0.09616        0.99984        0.99814
   571.0        0.09608        0.99984        0.99815
   572.0        0.09600        0.99984        0.99815
   573.0        0.09593        0.99985        0.99816
   574.0        0.09585        0.99985        0.99816
   575.0        0.09578        0.99985        0.99817
   576.0        0.09571        0.99985        0.99817
   577.0        0.09563        0.99985        0.99818
   578.0        0.09556        0.99985        0.99818
   579.0        0.09548        0.99985        0.99818
   580.0        0.09541        0.99985        0.99819
   581.0        0.09534        0.99985        0.99819
   582.0        0.09526        0.99985        0.99820
   583.0        0.09519        0.99985        0.99820
   584.0        0.09512        0.99985        0.99821
   585.0        0.09504        0.99985        0.99821
   586.0        0.09497        0.99985        0.99822
   587.0        0.09490        0.99985        0.99822
   588.0        0.09483        0.99985        0.99823
   589.0        0.09476        0.99985        0.99823
   590.0        0.09468        0.99985        0.99824
   591.0        0.09461        0.99985        0.99824
   592.0        0.09454        0.99986        0.99825
   593.0        0.09447        0.99986        0.99825
   594.0        0.09440        0.99986        0.99826
   595.0        0.09433        0.99986        0.99826
   596.0        0.09426        0.99986        0.99826
   597.0        0.09419        0.99986        0.99827
   598.0        0.09412        0.99986        0.99827
   599.0        0.09405        0.99986        0.99828
   600.0        0.09398        0.99986        0.99828
   601.0        0.09391        0.99986        0.99829
   602.0        0.09384        0.99986        0.99829
   603.0        0.09377        0.99986        0.99830
   604.0        0.09370        0.99986        0.99830
   605.0        0.09363        0.99986        0.99830
   606.0        0.09356        0.99986        0.99831
   607.0        0.09349        0.99986        0.99831
   608.0        0.09342        0.99986        0.99832
   609.0        0.09335        0.99986        0.99832
   610.0        0.09328        0.99986        0.99833
   611.0        0.09322        0.99986        0.99833
   612.0        0.09315        0.99987        0.99833
   613.0        0.09308        0.99987        0.99834
   614.0        0.09301        0.99987        0.99834
   615.0        0.09294        0.99987        0.99835
   616.0        0.09288        0.99987        0.99835
   617.0        0.09281        0.99987        0.99836
   618.0        0.09274        0.99987        0.99836
   619.0        0.09268        0.99987        0.99836
   620.0        0.09261        0.99987        0.99837
   621.0        0.09254        0.99987        0.99837
   622.0        0.09248        0.99987        0.99838
   623.0        0.09241        0.99987        0.99838
   624.0        0.09234        0.99987        0.99838
   625.0        0.09228        0.99987        0.99839
   626.0        0.09221        0.99987        0.99839
   627.0        0.09215        0.99987        0.99840
   628.0        0.09208        0.99987        0.99840
   629.0        0.09201        0.99987        0.99840
   630.0        0.09195        0.99987        0.99841
   631.0        0.09188        0.99987        0.99841
   632.0        0.09182        0.99987        0.99842
   633.0        0.09175        0.99987        0.99842
   634.0        0.09169        0.99987        0.99842
   635.0        0.09163        0.99988        0.99843
   636.0        0.09156        0.99988        0.99843
   637.0        0.09150        0.99988        0.99843
   638.0        0.09143        0.99988        0.99844
   639.0        0.09137        0.99988        0.99844
   640.0        0.09131        0.99988        0.99845
   641.0        0.09124        0.99988        0.99845
   642.0        0.09118        0.99988        0.99845
   643.0        0.09111        0.99988        0.99846
   644.0        0.09105        0.99988        0.99846
   645.0        0.09099        0.99988        0.99846
   646.0        0.09093        0.99988        0.99847
   647.0        0.09086        0.99988        0.99847
   648.0        0.09080        0.99988        0.99848
   649.0        0.09074        0.99988        0.99848
   650.0        0.09068        0.99988        0.99848
   651.0        0.09061        0.99988        0.99849
   652.0        0.09055        0.99988        0.99849
   653.0        0.09049        0.99988        0.99849
   654.0        0.09043        0.99988        0.99850
   655.0        0.09037        0.99988        0.99850
   656.0        0.09030        0.99988        0.99850
   657.0        0.09024        0.99988        0.99851
   658.0        0.09018        0.99988        0.99851
   659.0        0.09012        0.99988        0.99851
   660.0        0.09006        0.99988        0.99852
   661.0        0.09000        0.99988        0.99852
   662.0        0.08994        0.99989        0.99853
   663.0        0.08988        0.99989        0.99853
   664.0        0.08982        0.99989        0.99853
   665.0        0.08976        0.99989        0.99854
   666.0        0.08970        0.99989        0.99854
   667.0        0.08964        0.99989        0.99854
   668.0        0.08958        0.99989        0.99855
   669.0        0.08952        0.99989        0.99855
   670.0        0.08946        0.99989        0.99855
   671.0        0.08940        0.99989        0.99856
   672.0        0.08934        0.99989        0.99856
   673.0        0.08928        0.99989        0.99856
   674.0        0.08922        0.99989        0.99857
   675.0        0.08916        0.99989        0.99857
   676.0        0.08910        0.99989        0.99857
   677.0        0.08904        0.99989        0.99858
   678.0        0.08898        0.99989        0.99858
   679.0        0.08893        0.99989        0.99858
   680.0        0.08887        0.99989        0.99859
   681.0        0.08881        0.99989        0.99859
   682.0        0.08875        0.99989        0.99859
   683.0        0.08869        0.99989        0.99860
   684.0        0.08864        0.99989        0.99860
   685.0        0.08858        0.99989        0.99860
   686.0        0.08852        0.99989        0.99860
   687.0        0.08846        0.99989        0.99861
   688.0        0.08840        0.99989        0.99861
   689.0        0.08835        0.99989        0.99861
   690.0        0.08829        0.99989        0.99862
   691.0        0.08823        0.99989        0.99862
   692.0        0.08818        0.99989        0.99862
   693.0        0.08812        0.99989        0.99863
   694.0        0.08806        0.99989        0.99863
   695.0        0.08801        0.99990        0.99863
   696.0        0.08795        0.99990        0.99864
   697.0        0.08789        0.99990        0.99864
   698.0        0.08784        0.99990        0.99864
   699.0        0.08778        0.99990        0.99864
   700.0        0.08773        0.99990        0.99865
   701.0        0.08767        0.99990        0.99865
   702.0        0.08761        0.99990        0.99865
   703.0        0.08756        0.99990        0.99866
   704.0        0.08750        0.99990        0.99866
   705.0        0.08745        0.99990        0.99866
   706.0        0.08739        0.99990        0.99867
   707.0        0.08734        0.99990        0.99867
   708.0        0.08728        0.99990        0.99867
   709.0        0.08723        0.99990        0.99867
   710.0        0.08717        0.99990        0.99868
   711.0        0.08712        0.99990        0.99868
   712.0        0.08706        0.99990        0.99868
   713.0        0.08701        0.99990        0.99869
   714.0        0.08695        0.99990        0.99869
   715.0        0.08690        0.99990        0.99869
   716.0        0.08685        0.99990        0.99869
   717.0        0.08679        0.99990        0.99870
   718.0        0.08674        0.99990        0.99870
   719.0        0.08668        0.99990        0.99870
   720.0        0.08663        0.99990        0.99871
   721.0        0.08658        0.99990        0.99871
   722.0        0.08652        0.99990        0.99871
   723.0        0.08647        0.99990        0.99871
   724.0        0.08642        0.99990        0.99872
   725.0        0.08636        0.99990        0.99872
   726.0        0.08631        0.99990        0.99872
   727.0        0.08626        0.99990        0.99872
   728.0        0.08620        0.99990        0.99873
   729.0        0.08615        0.99990        0.99873
   730.0        0.08610        0.99990        0.99873
   731.0        0.08605        0.99990        0.99874
   732.0        0.08599        0.99991        0.99874
   733.0        0.08594        0.99991        0.99874
   734.0        0.08589        0.99991        0.99874
   735.0        0.08584        0.99991        0.99875
   736.0        0.08578        0.99991        0.99875
   737.0        0.08573        0.99991        0.99875
   738.0        0.08568        0.99991        0.99875
   739.0        0.08563        0.99991        0.99876
   740.0        0.08558        0.99991        0.99876
   741.0        0.08553        0.99991        0.99876
   742.0        0.08547        0.99991        0.99876
   743.0        0.08542        0.99991        0.99877
   744.0        0.08537        0.99991        0.99877
   745.0        0.08532        0.99991        0.99877
   746.0        0.08527        0.99991        0.99877
   747.0        0.08522        0.99991        0.99878
   748.0        0.08517        0.99991        0.99878
   749.0        0.08512        0.99991        0.99878
   750.0        0.08507        0.99991        0.99878
   751.0        0.08502        0.99991        0.99879
   752.0        0.08497        0.99991        0.99879
   753.0        0.08492        0.99991        0.99879
   754.0        0.08486        0.99991        0.99879
   755.0        0.08481        0.99991        0.99880
   756.0        0.08476        0.99991        0.99880
   757.0        0.08470        0.99991        0.99880
   758.0        0.08465        0.99991        0.99880
   759.0        0.08460        0.99991        0.99881
   760.0        0.08454        0.99991        0.99881
   761.0        0.08449        0.99991        0.99881
   762.0        0.08444        0.99991        0.99881
   763.0        0.08439        0.99991        0.99882
   764.0        0.08433        0.99991        0.99882
   765.0        0.08428        0.99991        0.99882
   766.0        0.08423        0.99991        0.99882
   767.0        0.08418        0.99991        0.99883
   768.0        0.08412        0.99991        0.99883
   769.0        0.08407        0.99991        0.99883
   770.0        0.08402        0.99991        0.99883
   771.0        0.08397        0.99991        0.99884
   772.0        0.08392        0.99991        0.99884
   773.0        0.08386        0.99991        0.99884
   774.0        0.08381        0.99991        0.99884
   775.0        0.08376        0.99991        0.99884
   776.0        0.08371        0.99991        0.99885
   777.0        0.08366        0.99992        0.99885
   778.0        0.08361        0.99992        0.99885
   779.0        0.08356        0.99992        0.99885
   780.0        0.08351        0.99992        0.99886
   781.0        0.08346        0.99992        0.99886
   782.0        0.08340        0.99992        0.99886
   783.0        0.08335        0.99992        0.99886
   784.0        0.08330        0.99992        0.99886
   785.0        0.08325        0.99992        0.99887
   786.0        0.08320        0.99992        0.99887
   787.0        0.08315        0.99992        0.99887
   788.0        0.08310        0.99992        0.99887
   789.0        0.08305        0.99992        0.99888
   790.0        0.08300        0.99992        0.99888
   791.0        0.08295        0.99992        0.99888
   792.0        0.08290        0.99992        0.99888
   793.0        0.08285        0.99992        0.99888
   794.0        0.08280        0.99992        0.99889
   795.0        0.08275        0.99992        0.99889
   796.0        0.08270        0.99992        0.99889
   797.0        0.08265        0.99992        0.99889
   798.0        0.08260        0.99992        0.99889
   799.0        0.08256        0.99992        0.99890
   800.0        0.08251        0.99992        0.99890
   801.0        0.08246        0.99992        0.99890
   802.0        0.08241        0.99992        0.99890
   803.0        0.08236        0.99992        0.99891
   804.0        0.08231        0.99992        0.99891
   805.0        0.08226        0.99992        0.99891
   806.0        0.08221        0.99992        0.99891
   807.0        0.08217        0.99992        0.99891
   808.0        0.08212        0.99992        0.99892
   809.0        0.08207        0.99992        0.99892
   810.0        0.08202        0.99992        0.99892
   811.0        0.08197        0.99992        0.99892
   812.0        0.08192        0.99992        0.99892
   813.0        0.08188        0.99992        0.99893
   814.0        0.08183        0.99992        0.99893
   815.0        0.08178        0.99992        0.99893
   816.0        0.08173        0.99992        0.99893
   817.0        0.08169        0.99992        0.99893
   818.0        0.08164        0.99992        0.99894
   819.0        0.08159        0.99992        0.99894
   820.0        0.08154        0.99992        0.99894
   821.0        0.08150        0.99992        0.99894
   822.0        0.08145        0.99992        0.99894
   823.0        0.08140        0.99992        0.99895
   824.0        0.08135        0.99992        0.99895
   825.0        0.08131        0.99992        0.99895
   826.0        0.08126        0.99992        0.99895
   827.0        0.08121        0.99992        0.99895
   828.0        0.08117        0.99992        0.99896
   829.0        0.08112        0.99992        0.99896
   830.0        0.08107        0.99992        0.99896
   831.0        0.08103        0.99992        0.99896
   832.0        0.08098        0.99992        0.99896
   833.0        0.08094        0.99992        0.99896
   834.0        0.08089        0.99992        0.99897
   835.0        0.08084        0.99993        0.99897
   836.0        0.08080        0.99993        0.99897
   837.0        0.08075        0.99993        0.99897
   838.0        0.08071        0.99993        0.99897
   839.0        0.08066        0.99993        0.99898
   840.0        0.08061        0.99993        0.99898
   841.0        0.08057        0.99993        0.99898
   842.0        0.08052        0.99993        0.99898
   843.0        0.08048        0.99993        0.99898
   844.0        0.08043        0.99993        0.99899
   845.0        0.08039        0.99993        0.99899
   846.0        0.08034        0.99993        0.99899
   847.0        0.08030        0.99993        0.99899
   848.0        0.08025        0.99993        0.99899
   849.0        0.08021        0.99993        0.99899
   850.0        0.08016        0.99993        0.99900
   851.0        0.08012        0.99993        0.99900
   852.0        0.08007        0.99993        0.99900
   853.0        0.08003        0.99993        0.99900
   854.0        0.07998        0.99993        0.99900
   855.0        0.07994        0.99993        0.99900
   856.0        0.07989        0.99993        0.99901
   857.0        0.07985        0.99993        0.99901
   858.0        0.07981        0.99993        0.99901
   859.0        0.07976        0.99993        0.99901
   860.0        0.07972        0.99993        0.99901
   861.0        0.07967        0.99993        0.99902
   862.0        0.07963        0.99993        0.99902
   863.0        0.07959        0.99993        0.99902
   864.0        0.07954        0.99993        0.99902
   865.0        0.07950        0.99993        0.99902
   866.0        0.07945        0.99993        0.99902
   867.0        0.07941        0.99993        0.99903
   868.0        0.07937        0.99993        0.99903
   869.0        0.07932        0.99993        0.99903
   870.0        0.07928        0.99993        0.99903
   871.0        0.07924        0.99993        0.99903
   872.0        0.07919        0.99993        0.99903
   873.0        0.07915        0.99993        0.99904
   874.0        0.07911        0.99993        0.99904
   875.0        0.07907        0.99993        0.99904
   876.0        0.07902        0.99993        0.99904
   877.0        0.07898        0.99993        0.99904
   878.0        0.07894        0.99993        0.99904
   879.0        0.07889        0.99993        0.99905
   880.0        0.07885        0.99993        0.99905
   881.0        0.07881        0.99993        0.99905
   882.0        0.07877        0.99993        0.99905
   883.0        0.07872        0.99993        0.99905
   884.0        0.07868        0.99993        0.99905
   885.0        0.07864        0.99993        0.99906
   886.0        0.07860        0.99993        0.99906
   887.0        0.07855        0.99993        0.99906
   888.0        0.07851        0.99993        0.99906
   889.0        0.07847        0.99993        0.99906
   890.0        0.07843        0.99993        0.99906
   891.0        0.07839        0.99993        0.99907
   892.0        0.07835        0.99993        0.99907
   893.0        0.07830        0.99993        0.99907
   894.0        0.07826        0.99993        0.99907
   895.0        0.07822        0.99993        0.99907
   896.0        0.07818        0.99993        0.99907
   897.0        0.07814        0.99993        0.99907
   898.0        0.07810        0.99993        0.99908
   899.0        0.07805        0.99993        0.99908
   900.0        0.07801        0.99993        0.99908
   901.0        0.07797        0.99993        0.99908
   902.0        0.07793        0.99993        0.99908
   903.0        0.07789        0.99993        0.99908
   904.0        0.07785        0.99993        0.99909
   905.0        0.07781        0.99993        0.99909
   906.0        0.07777        0.99993        0.99909
   907.0        0.07773        0.99993        0.99909
   908.0        0.07769        0.99993        0.99909
   909.0        0.07765        0.99993        0.99909
   910.0        0.07760        0.99994        0.99910
   911.0        0.07756        0.99994        0.99910
   912.0        0.07752        0.99994        0.99910
   913.0        0.07748        0.99994        0.99910
   914.0        0.07744        0.99994        0.99910
   915.0        0.07740        0.99994        0.99910
   916.0        0.07736        0.99994        0.99910
   917.0        0.07732        0.99994        0.99911
   918.0        0.07728        0.99994        0.99911
   919.0        0.07724        0.99994        0.99911
   920.0        0.07720        0.99994        0.99911
   921.0        0.07716        0.99994        0.99911
   922.0        0.07712        0.99994        0.99911
   923.0        0.07708        0.99994        0.99911
   924.0        0.07704        0.99994        0.99912
   925.0        0.07700        0.99994        0.99912
   926.0        0.07696        0.99994        0.99912
   927.0        0.07693        0.99994        0.99912
   928.0        0.07689        0.99994        0.99912
   929.0        0.07685        0.99994        0.99912
   930.0        0.07681        0.99994        0.99912
   931.0        0.07677        0.99994        0.99913
   932.0        0.07673        0.99994        0.99913
   933.0        0.07669        0.99994        0.99913
   934.0        0.07665        0.99994        0.99913
   935.0        0.07661        0.99994        0.99913
   936.0        0.07657        0.99994        0.99913
   937.0        0.07653        0.99994        0.99913
   938.0        0.07650        0.99994        0.99914
   939.0        0.07646        0.99994        0.99914
   940.0        0.07642        0.99994        0.99914
   941.0        0.07638        0.99994        0.99914
   942.0        0.07634        0.99994        0.99914
   943.0        0.07630        0.99994        0.99914
   944.0        0.07626        0.99994        0.99914
   945.0        0.07623        0.99994        0.99915
   946.0        0.07619        0.99994        0.99915
   947.0        0.07615        0.99994        0.99915
   948.0        0.07611        0.99994        0.99915
   949.0        0.07607        0.99994        0.99915
   950.0        0.07603        0.99994        0.99915
   951.0        0.07600        0.99994        0.99915
   952.0        0.07596        0.99994        0.99916
   953.0        0.07592        0.99994        0.99916
   954.0        0.07588        0.99994        0.99916
   955.0        0.07585        0.99994        0.99916
   956.0        0.07581        0.99994        0.99916
   957.0        0.07577        0.99994        0.99916
   958.0        0.07573        0.99994        0.99916
   959.0        0.07569        0.99994        0.99916
   960.0        0.07566        0.99994        0.99917
   961.0        0.07562        0.99994        0.99917
   962.0        0.07558        0.99994        0.99917
   963.0        0.07555        0.99994        0.99917
   964.0        0.07551        0.99994        0.99917
   965.0        0.07547        0.99994        0.99917
   966.0        0.07543        0.99994        0.99917
   967.0        0.07540        0.99994        0.99918
   968.0        0.07536        0.99994        0.99918
   969.0        0.07532        0.99994        0.99918
   970.0        0.07529        0.99994        0.99918
   971.0        0.07525        0.99994        0.99918
   972.0        0.07521        0.99994        0.99918
   973.0        0.07518        0.99994        0.99918
   974.0        0.07514        0.99994        0.99918
   975.0        0.07510        0.99994        0.99919
   976.0        0.07507        0.99994        0.99919
   977.0        0.07503        0.99994        0.99919
   978.0        0.07499        0.99994        0.99919
   979.0        0.07496        0.99994        0.99919
   980.0        0.07492        0.99994        0.99919
   981.0        0.07488        0.99994        0.99919
   982.0        0.07485        0.99994        0.99919
   983.0        0.07481        0.99994        0.99920
   984.0        0.07477        0.99994        0.99920
   985.0        0.07474        0.99994        0.99920
   986.0        0.07470        0.99994        0.99920
   987.0        0.07467        0.99994        0.99920
   988.0        0.07463        0.99994        0.99920
   989.0        0.07459        0.99994        0.99920
   990.0        0.07456        0.99994        0.99920
   991.0        0.07452        0.99994        0.99921
   992.0        0.07449        0.99994        0.99921
   993.0        0.07445        0.99994        0.99921
   994.0        0.07442        0.99994        0.99921
   995.0        0.07438        0.99994        0.99921
   996.0        0.07435        0.99994        0.99921
   997.0        0.07431        0.99994        0.99921
   998.0        0.07427        0.99994        0.99921
   999.0        0.07424        0.99994        0.99921
  1000.0        0.07420        0.99994        0.99922
