 bone                
 Density =    2.200000      Aeff =    20.99179      Zeff =    10.83470    
     1.0     7998.64746        0.00056        0.00616
     2.0     1253.29993        0.00265        0.02357
     3.0      722.64246        0.00395        0.04477
     4.0      327.08765        0.00591        0.08726
     5.0      408.87537        0.00534        0.09191
     6.0      250.95471        0.00776        0.11601
     7.0      163.78534        0.01055        0.14209
     8.0      113.34227        0.01368        0.16876
     9.0       81.92615        0.01716        0.19518
    10.0       60.78619        0.02118        0.22210
    11.0       46.32302        0.02565        0.24804
    12.0       36.17892        0.03051        0.27415
    13.0       28.83727        0.03582        0.30024
    14.0       23.39365        0.04152        0.32570
    15.0       19.27199        0.04765        0.35060
    16.0       16.01441        0.05443        0.37510
    17.0       13.47154        0.06169        0.39910
    18.0       11.45600        0.06940        0.42257
    19.0        9.83407        0.07761        0.44508
    20.0        8.51190        0.08630        0.46652
    21.0        7.42776        0.09547        0.48718
    22.0        6.52997        0.10509        0.50698
    23.0        5.78016        0.11516        0.52590
    24.0        5.14889        0.12569        0.54412
    25.0        4.60699        0.13686        0.56148
    26.0        4.14009        0.14864        0.57805
    27.0        3.73947        0.16070        0.59352
    28.0        3.39426        0.17317        0.60837
    29.0        3.09526        0.18602        0.62248
    30.0        2.83493        0.19925        0.63598
    31.0        2.60707        0.21280        0.64887
    32.0        2.40675        0.22662        0.66105
    33.0        2.22998        0.24069        0.67265
    34.0        2.07343        0.25500        0.68371
    35.0        1.93428        0.26952        0.69429
    36.0        1.81017        0.28422        0.70440
    37.0        1.69877        0.29892        0.71389
    38.0        1.59826        0.31371        0.72290
    39.0        1.50767        0.32858        0.73152
    40.0        1.42588        0.34348        0.73981
    41.0        1.35176        0.35842        0.74775
    42.0        1.28440        0.37329        0.75536
    43.0        1.22311        0.38809        0.76264
    44.0        1.16724        0.40282        0.76962
    45.0        1.11615        0.41743        0.77631
    46.0        1.06938        0.43192        0.78274
    47.0        1.02640        0.44622        0.78887
    48.0        0.98654        0.46018        0.79461
    49.0        0.94977        0.47392        0.80012
    50.0        0.91582        0.48747        0.80540
    51.0        0.88394        0.50107        0.81050
    52.0        0.85443        0.51445        0.81541
    53.0        0.82708        0.52758        0.82015
    54.0        0.80168        0.54046        0.82473
    55.0        0.77807        0.55309        0.82914
    56.0        0.75608        0.56545        0.83340
    57.0        0.73557        0.57754        0.83751
    58.0        0.71641        0.58934        0.84149
    59.0        0.69849        0.60087        0.84533
    60.0        0.68171        0.61212        0.84903
    61.0        0.66597        0.62308        0.85260
    62.0        0.65114        0.63373        0.85605
    63.0        0.63721        0.64410        0.85937
    64.0        0.62410        0.65420        0.86259
    65.0        0.61176        0.66403        0.86569
    66.0        0.60012        0.67358        0.86871
    67.0        0.58914        0.68286        0.87163
    68.0        0.57877        0.69189        0.87446
    69.0        0.56881        0.70057        0.87714
    70.0        0.55922        0.70892        0.87969
    71.0        0.55013        0.71703        0.88217
    72.0        0.54149        0.72490        0.88458
    73.0        0.53329        0.73253        0.88692
    74.0        0.52549        0.73994        0.88919
    75.0        0.51807        0.74712        0.89139
    76.0        0.51100        0.75409        0.89354
    77.0        0.50424        0.76084        0.89561
    78.0        0.49780        0.76739        0.89763
    79.0        0.49165        0.77373        0.89958
    80.0        0.48578        0.77988        0.90148
    81.0        0.48015        0.78585        0.90334
    82.0        0.47477        0.79164        0.90514
    83.0        0.46962        0.79725        0.90690
    84.0        0.46468        0.80268        0.90860
    85.0        0.45994        0.80794        0.91025
    86.0        0.45537        0.81304        0.91186
    87.0        0.45098        0.81797        0.91342
    88.0        0.44677        0.82275        0.91494
    89.0        0.44272        0.82739        0.91642
    90.0        0.43882        0.83188        0.91787
    91.0        0.43508        0.83623        0.91927
    92.0        0.43146        0.84045        0.92064
    93.0        0.42799        0.84454        0.92198
    94.0        0.42463        0.84851        0.92328
    95.0        0.42140        0.85235        0.92454
    96.0        0.41828        0.85608        0.92578
    97.0        0.41527        0.85969        0.92698
    98.0        0.41236        0.86319        0.92816
    99.0        0.40954        0.86659        0.92931
   100.0        0.40682        0.86988        0.93043
   101.0        0.40399        0.87301        0.93148
   102.0        0.40125        0.87605        0.93252
   103.0        0.39859        0.87899        0.93353
   104.0        0.39600        0.88186        0.93451
   105.0        0.39350        0.88463        0.93547
   106.0        0.39107        0.88733        0.93641
   107.0        0.38870        0.88995        0.93734
   108.0        0.38641        0.89249        0.93824
   109.0        0.38417        0.89495        0.93913
   110.0        0.38200        0.89735        0.93999
   111.0        0.37989        0.89968        0.94084
   112.0        0.37783        0.90194        0.94167
   113.0        0.37583        0.90414        0.94248
   114.0        0.37388        0.90628        0.94327
   115.0        0.37198        0.90835        0.94405
   116.0        0.37013        0.91037        0.94481
   117.0        0.36832        0.91233        0.94555
   118.0        0.36656        0.91424        0.94628
   119.0        0.36484        0.91610        0.94700
   120.0        0.36316        0.91790        0.94770
   121.0        0.36153        0.91966        0.94839
   122.0        0.35993        0.92136        0.94906
   123.0        0.35836        0.92302        0.94972
   124.0        0.35684        0.92464        0.95037
   125.0        0.35535        0.92621        0.95100
   126.0        0.35389        0.92774        0.95162
   127.0        0.35246        0.92923        0.95223
   128.0        0.35106        0.93069        0.95283
   129.0        0.34970        0.93210        0.95342
   130.0        0.34836        0.93347        0.95400
   131.0        0.34705        0.93481        0.95456
   132.0        0.34577        0.93612        0.95512
   133.0        0.34451        0.93739        0.95566
   134.0        0.34324        0.93862        0.95619
   135.0        0.34196        0.93982        0.95670
   136.0        0.34072        0.94099        0.95721
   137.0        0.33949        0.94212        0.95771
   138.0        0.33829        0.94323        0.95820
   139.0        0.33711        0.94431        0.95867
   140.0        0.33595        0.94537        0.95915
   141.0        0.33482        0.94640        0.95961
   142.0        0.33370        0.94740        0.96006
   143.0        0.33261        0.94838        0.96051
   144.0        0.33153        0.94934        0.96095
   145.0        0.33047        0.95027        0.96138
   146.0        0.32943        0.95118        0.96180
   147.0        0.32841        0.95207        0.96222
   148.0        0.32740        0.95293        0.96263
   149.0        0.32641        0.95378        0.96303
   150.0        0.32544        0.95461        0.96343
   151.0        0.32448        0.95542        0.96382
   152.0        0.32350        0.95620        0.96420
   153.0        0.32253        0.95697        0.96457
   154.0        0.32158        0.95771        0.96494
   155.0        0.32063        0.95844        0.96530
   156.0        0.31971        0.95916        0.96565
   157.0        0.31879        0.95986        0.96600
   158.0        0.31789        0.96054        0.96634
   159.0        0.31701        0.96121        0.96668
   160.0        0.31613        0.96186        0.96701
   161.0        0.31527        0.96250        0.96734
   162.0        0.31442        0.96312        0.96766
   163.0        0.31358        0.96373        0.96798
   164.0        0.31275        0.96433        0.96829
   165.0        0.31194        0.96491        0.96860
   166.0        0.31113        0.96548        0.96891
   167.0        0.31034        0.96604        0.96920
   168.0        0.30956        0.96659        0.96950
   169.0        0.30878        0.96713        0.96979
   170.0        0.30802        0.96765        0.97007
   171.0        0.30727        0.96816        0.97036
   172.0        0.30650        0.96866        0.97063
   173.0        0.30571        0.96915        0.97090
   174.0        0.30493        0.96963        0.97116
   175.0        0.30417        0.97010        0.97142
   176.0        0.30341        0.97055        0.97168
   177.0        0.30266        0.97100        0.97193
   178.0        0.30191        0.97144        0.97218
   179.0        0.30118        0.97187        0.97243
   180.0        0.30046        0.97229        0.97267
   181.0        0.29974        0.97271        0.97291
   182.0        0.29903        0.97311        0.97315
   183.0        0.29833        0.97351        0.97338
   184.0        0.29764        0.97390        0.97361
   185.0        0.29696        0.97428        0.97384
   186.0        0.29628        0.97466        0.97406
   187.0        0.29561        0.97502        0.97428
   188.0        0.29495        0.97538        0.97450
   189.0        0.29430        0.97573        0.97471
   190.0        0.29365        0.97607        0.97493
   191.0        0.29301        0.97641        0.97513
   192.0        0.29237        0.97674        0.97534
   193.0        0.29175        0.97707        0.97555
   194.0        0.29112        0.97738        0.97575
   195.0        0.29051        0.97770        0.97594
   196.0        0.28990        0.97800        0.97614
   197.0        0.28930        0.97831        0.97633
   198.0        0.28870        0.97860        0.97653
   199.0        0.28811        0.97889        0.97671
   200.0        0.28753        0.97918        0.97690
   201.0        0.28695        0.97945        0.97708
   202.0        0.28638        0.97972        0.97727
   203.0        0.28581        0.97998        0.97745
   204.0        0.28525        0.98024        0.97762
   205.0        0.28469        0.98049        0.97780
   206.0        0.28414        0.98074        0.97797
   207.0        0.28360        0.98099        0.97814
   208.0        0.28306        0.98123        0.97831
   209.0        0.28252        0.98146        0.97848
   210.0        0.28199        0.98170        0.97864
   211.0        0.28146        0.98192        0.97880
   212.0        0.28094        0.98215        0.97897
   213.0        0.28042        0.98237        0.97912
   214.0        0.27991        0.98259        0.97928
   215.0        0.27938        0.98280        0.97943
   216.0        0.27885        0.98301        0.97959
   217.0        0.27833        0.98322        0.97974
   218.0        0.27781        0.98342        0.97988
   219.0        0.27730        0.98362        0.98003
   220.0        0.27679        0.98381        0.98017
   221.0        0.27628        0.98400        0.98032
   222.0        0.27578        0.98419        0.98046
   223.0        0.27529        0.98438        0.98060
   224.0        0.27479        0.98456        0.98074
   225.0        0.27431        0.98474        0.98087
   226.0        0.27382        0.98492        0.98101
   227.0        0.27334        0.98510        0.98114
   228.0        0.27286        0.98527        0.98128
   229.0        0.27239        0.98544        0.98141
   230.0        0.27192        0.98561        0.98154
   231.0        0.27145        0.98577        0.98166
   232.0        0.27099        0.98593        0.98179
   233.0        0.27053        0.98609        0.98191
   234.0        0.27008        0.98625        0.98204
   235.0        0.26962        0.98640        0.98216
   236.0        0.26918        0.98655        0.98228
   237.0        0.26873        0.98670        0.98240
   238.0        0.26829        0.98685        0.98252
   239.0        0.26785        0.98700        0.98264
   240.0        0.26741        0.98714        0.98275
   241.0        0.26698        0.98728        0.98287
   242.0        0.26655        0.98742        0.98298
   243.0        0.26612        0.98756        0.98310
   244.0        0.26570        0.98769        0.98321
   245.0        0.26528        0.98782        0.98332
   246.0        0.26486        0.98795        0.98343
   247.0        0.26445        0.98808        0.98353
   248.0        0.26404        0.98821        0.98364
   249.0        0.26363        0.98834        0.98375
   250.0        0.26322        0.98846        0.98385
   251.0        0.26282        0.98858        0.98395
   252.0        0.26242        0.98870        0.98406
   253.0        0.26202        0.98882        0.98416
   254.0        0.26162        0.98894        0.98426
   255.0        0.26123        0.98905        0.98436
   256.0        0.26084        0.98916        0.98446
   257.0        0.26045        0.98928        0.98455
   258.0        0.26007        0.98939        0.98465
   259.0        0.25968        0.98949        0.98475
   260.0        0.25930        0.98960        0.98484
   261.0        0.25893        0.98971        0.98493
   262.0        0.25855        0.98981        0.98503
   263.0        0.25818        0.98991        0.98512
   264.0        0.25781        0.99002        0.98521
   265.0        0.25744        0.99011        0.98530
   266.0        0.25708        0.99021        0.98539
   267.0        0.25670        0.99031        0.98548
   268.0        0.25630        0.99040        0.98556
   269.0        0.25591        0.99050        0.98565
   270.0        0.25552        0.99059        0.98573
   271.0        0.25513        0.99068        0.98581
   272.0        0.25475        0.99077        0.98590
   273.0        0.25436        0.99086        0.98598
   274.0        0.25398        0.99095        0.98606
   275.0        0.25361        0.99103        0.98614
   276.0        0.25323        0.99112        0.98622
   277.0        0.25286        0.99120        0.98630
   278.0        0.25248        0.99129        0.98638
   279.0        0.25211        0.99137        0.98645
   280.0        0.25175        0.99145        0.98653
   281.0        0.25138        0.99153        0.98661
   282.0        0.25102        0.99161        0.98668
   283.0        0.25066        0.99168        0.98676
   284.0        0.25030        0.99176        0.98683
   285.0        0.24994        0.99184        0.98690
   286.0        0.24959        0.99191        0.98698
   287.0        0.24924        0.99199        0.98705
   288.0        0.24889        0.99206        0.98712
   289.0        0.24854        0.99213        0.98719
   290.0        0.24819        0.99220        0.98726
   291.0        0.24785        0.99227        0.98733
   292.0        0.24750        0.99234        0.98740
   293.0        0.24716        0.99241        0.98747
   294.0        0.24682        0.99248        0.98753
   295.0        0.24648        0.99255        0.98760
   296.0        0.24615        0.99261        0.98767
   297.0        0.24582        0.99268        0.98773
   298.0        0.24548        0.99274        0.98780
   299.0        0.24515        0.99281        0.98786
   300.0        0.24483        0.99287        0.98793
   301.0        0.24450        0.99293        0.98799
   302.0        0.24418        0.99299        0.98805
   303.0        0.24385        0.99304        0.98812
   304.0        0.24353        0.99310        0.98818
   305.0        0.24321        0.99316        0.98824
   306.0        0.24290        0.99321        0.98830
   307.0        0.24258        0.99327        0.98836
   308.0        0.24227        0.99332        0.98842
   309.0        0.24195        0.99337        0.98848
   310.0        0.24164        0.99343        0.98854
   311.0        0.24133        0.99348        0.98860
   312.0        0.24103        0.99353        0.98866
   313.0        0.24072        0.99358        0.98872
   314.0        0.24042        0.99363        0.98877
   315.0        0.24011        0.99368        0.98883
   316.0        0.23979        0.99373        0.98889
   317.0        0.23948        0.99378        0.98894
   318.0        0.23917        0.99383        0.98900
   319.0        0.23886        0.99388        0.98905
   320.0        0.23855        0.99393        0.98910
   321.0        0.23825        0.99397        0.98916
   322.0        0.23794        0.99402        0.98921
   323.0        0.23764        0.99406        0.98926
   324.0        0.23734        0.99411        0.98932
   325.0        0.23704        0.99415        0.98937
   326.0        0.23674        0.99420        0.98942
   327.0        0.23644        0.99424        0.98947
   328.0        0.23615        0.99429        0.98952
   329.0        0.23585        0.99433        0.98957
   330.0        0.23556        0.99437        0.98962
   331.0        0.23527        0.99441        0.98967
   332.0        0.23498        0.99445        0.98972
   333.0        0.23469        0.99450        0.98977
   334.0        0.23440        0.99454        0.98982
   335.0        0.23412        0.99458        0.98987
   336.0        0.23383        0.99462        0.98991
   337.0        0.23355        0.99466        0.98996
   338.0        0.23327        0.99470        0.99001
   339.0        0.23298        0.99473        0.99005
   340.0        0.23270        0.99477        0.99010
   341.0        0.23243        0.99481        0.99015
   342.0        0.23215        0.99485        0.99019
   343.0        0.23187        0.99488        0.99024
   344.0        0.23160        0.99492        0.99028
   345.0        0.23133        0.99496        0.99033
   346.0        0.23105        0.99499        0.99037
   347.0        0.23078        0.99503        0.99042
   348.0        0.23051        0.99507        0.99046
   349.0        0.23024        0.99510        0.99050
   350.0        0.22998        0.99513        0.99055
   351.0        0.22971        0.99517        0.99059
   352.0        0.22945        0.99520        0.99063
   353.0        0.22918        0.99524        0.99067
   354.0        0.22892        0.99527        0.99071
   355.0        0.22866        0.99530        0.99076
   356.0        0.22840        0.99534        0.99080
   357.0        0.22814        0.99537        0.99084
   358.0        0.22788        0.99540        0.99088
   359.0        0.22762        0.99543        0.99092
   360.0        0.22737        0.99546        0.99096
   361.0        0.22711        0.99549        0.99100
   362.0        0.22686        0.99552        0.99104
   363.0        0.22660        0.99556        0.99108
   364.0        0.22635        0.99559        0.99112
   365.0        0.22610        0.99562        0.99115
   366.0        0.22585        0.99565        0.99119
   367.0        0.22560        0.99567        0.99123
   368.0        0.22536        0.99570        0.99127
   369.0        0.22511        0.99573        0.99131
   370.0        0.22486        0.99576        0.99134
   371.0        0.22462        0.99579        0.99138
   372.0        0.22437        0.99582        0.99142
   373.0        0.22413        0.99585        0.99145
   374.0        0.22389        0.99587        0.99149
   375.0        0.22365        0.99590        0.99153
   376.0        0.22341        0.99593        0.99156
   377.0        0.22317        0.99595        0.99160
   378.0        0.22293        0.99598        0.99163
   379.0        0.22270        0.99601        0.99167
   380.0        0.22246        0.99603        0.99170
   381.0        0.22223        0.99606        0.99174
   382.0        0.22199        0.99608        0.99177
   383.0        0.22176        0.99611        0.99181
   384.0        0.22153        0.99613        0.99184
   385.0        0.22130        0.99616        0.99187
   386.0        0.22107        0.99618        0.99191
   387.0        0.22084        0.99621        0.99194
   388.0        0.22061        0.99623        0.99197
   389.0        0.22038        0.99626        0.99201
   390.0        0.22015        0.99628        0.99204
   391.0        0.21993        0.99630        0.99207
   392.0        0.21970        0.99633        0.99210
   393.0        0.21948        0.99635        0.99214
   394.0        0.21926        0.99637        0.99217
   395.0        0.21903        0.99640        0.99220
   396.0        0.21881        0.99642        0.99223
   397.0        0.21859        0.99644        0.99226
   398.0        0.21837        0.99646        0.99229
   399.0        0.21815        0.99649        0.99232
   400.0        0.21793        0.99651        0.99235
   401.0        0.21772        0.99653        0.99238
   402.0        0.21750        0.99655        0.99241
   403.0        0.21728        0.99657        0.99244
   404.0        0.21707        0.99659        0.99247
   405.0        0.21686        0.99660        0.99250
   406.0        0.21664        0.99662        0.99253
   407.0        0.21643        0.99664        0.99256
   408.0        0.21622        0.99666        0.99259
   409.0        0.21601        0.99668        0.99262
   410.0        0.21580        0.99670        0.99265
   411.0        0.21559        0.99672        0.99268
   412.0        0.21538        0.99674        0.99271
   413.0        0.21517        0.99675        0.99273
   414.0        0.21497        0.99677        0.99276
   415.0        0.21476        0.99679        0.99279
   416.0        0.21455        0.99681        0.99282
   417.0        0.21435        0.99682        0.99284
   418.0        0.21415        0.99684        0.99287
   419.0        0.21394        0.99686        0.99290
   420.0        0.21374        0.99688        0.99293
   421.0        0.21354        0.99689        0.99295
   422.0        0.21334        0.99691        0.99298
   423.0        0.21314        0.99693        0.99301
   424.0        0.21294        0.99694        0.99303
   425.0        0.21274        0.99696        0.99306
   426.0        0.21254        0.99698        0.99308
   427.0        0.21234        0.99699        0.99311
   428.0        0.21214        0.99701        0.99314
   429.0        0.21193        0.99702        0.99316
   430.0        0.21172        0.99704        0.99319
   431.0        0.21151        0.99706        0.99321
   432.0        0.21130        0.99707        0.99323
   433.0        0.21110        0.99709        0.99326
   434.0        0.21089        0.99710        0.99328
   435.0        0.21069        0.99712        0.99331
   436.0        0.21048        0.99713        0.99333
   437.0        0.21028        0.99715        0.99336
   438.0        0.21008        0.99716        0.99338
   439.0        0.20988        0.99718        0.99340
   440.0        0.20967        0.99719        0.99343
   441.0        0.20947        0.99721        0.99345
   442.0        0.20927        0.99722        0.99347
   443.0        0.20907        0.99723        0.99350
   444.0        0.20888        0.99725        0.99352
   445.0        0.20868        0.99726        0.99354
   446.0        0.20848        0.99728        0.99357
   447.0        0.20828        0.99729        0.99359
   448.0        0.20809        0.99730        0.99361
   449.0        0.20789        0.99732        0.99363
   450.0        0.20770        0.99733        0.99365
   451.0        0.20750        0.99734        0.99368
   452.0        0.20731        0.99736        0.99370
   453.0        0.20712        0.99737        0.99372
   454.0        0.20693        0.99738        0.99374
   455.0        0.20673        0.99740        0.99376
   456.0        0.20654        0.99741        0.99379
   457.0        0.20635        0.99742        0.99381
   458.0        0.20616        0.99743        0.99383
   459.0        0.20597        0.99745        0.99385
   460.0        0.20579        0.99746        0.99387
   461.0        0.20560        0.99747        0.99389
   462.0        0.20541        0.99749        0.99391
   463.0        0.20522        0.99750        0.99393
   464.0        0.20504        0.99751        0.99395
   465.0        0.20485        0.99752        0.99397
   466.0        0.20467        0.99753        0.99399
   467.0        0.20448        0.99755        0.99401
   468.0        0.20430        0.99756        0.99403
   469.0        0.20412        0.99757        0.99405
   470.0        0.20393        0.99758        0.99407
   471.0        0.20375        0.99759        0.99409
   472.0        0.20357        0.99760        0.99411
   473.0        0.20339        0.99762        0.99413
   474.0        0.20321        0.99763        0.99415
   475.0        0.20303        0.99764        0.99417
   476.0        0.20285        0.99765        0.99419
   477.0        0.20266        0.99766        0.99421
   478.0        0.20248        0.99767        0.99423
   479.0        0.20229        0.99768        0.99425
   480.0        0.20211        0.99769        0.99427
   481.0        0.20193        0.99770        0.99429
   482.0        0.20174        0.99772        0.99430
   483.0        0.20156        0.99773        0.99432
   484.0        0.20138        0.99774        0.99434
   485.0        0.20120        0.99775        0.99436
   486.0        0.20102        0.99776        0.99438
   487.0        0.20084        0.99777        0.99439
   488.0        0.20066        0.99778        0.99441
   489.0        0.20048        0.99779        0.99443
   490.0        0.20030        0.99780        0.99445
   491.0        0.20013        0.99781        0.99447
   492.0        0.19995        0.99782        0.99448
   493.0        0.19977        0.99783        0.99450
   494.0        0.19960        0.99784        0.99452
   495.0        0.19942        0.99785        0.99454
   496.0        0.19925        0.99786        0.99455
   497.0        0.19907        0.99787        0.99457
   498.0        0.19890        0.99788        0.99459
   499.0        0.19873        0.99789        0.99460
   500.0        0.19855        0.99790        0.99462
   501.0        0.19838        0.99791        0.99464
   502.0        0.19821        0.99792        0.99465
   503.0        0.19804        0.99792        0.99467
   504.0        0.19787        0.99793        0.99469
   505.0        0.19770        0.99794        0.99470
   506.0        0.19753        0.99795        0.99472
   507.0        0.19736        0.99796        0.99474
   508.0        0.19719        0.99797        0.99475
   509.0        0.19702        0.99798        0.99477
   510.0        0.19685        0.99799        0.99478
   511.0        0.19669        0.99800        0.99480
   512.0        0.19652        0.99801        0.99482
   513.0        0.19635        0.99801        0.99483
   514.0        0.19619        0.99802        0.99485
   515.0        0.19602        0.99803        0.99486
   516.0        0.19586        0.99804        0.99488
   517.0        0.19569        0.99805        0.99489
   518.0        0.19553        0.99806        0.99491
   519.0        0.19537        0.99807        0.99492
   520.0        0.19520        0.99807        0.99494
   521.0        0.19504        0.99808        0.99495
   522.0        0.19488        0.99809        0.99497
   523.0        0.19472        0.99810        0.99498
   524.0        0.19455        0.99811        0.99500
   525.0        0.19439        0.99811        0.99501
   526.0        0.19423        0.99812        0.99503
   527.0        0.19407        0.99813        0.99504
   528.0        0.19392        0.99814        0.99506
   529.0        0.19376        0.99815        0.99507
   530.0        0.19360        0.99815        0.99509
   531.0        0.19344        0.99816        0.99510
   532.0        0.19328        0.99817        0.99512
   533.0        0.19313        0.99818        0.99513
   534.0        0.19297        0.99818        0.99515
   535.0        0.19281        0.99819        0.99516
   536.0        0.19266        0.99820        0.99517
   537.0        0.19250        0.99821        0.99519
   538.0        0.19235        0.99821        0.99520
   539.0        0.19219        0.99822        0.99522
   540.0        0.19204        0.99823        0.99523
   541.0        0.19188        0.99824        0.99524
   542.0        0.19173        0.99824        0.99526
   543.0        0.19158        0.99825        0.99527
   544.0        0.19143        0.99826        0.99528
   545.0        0.19127        0.99827        0.99530
   546.0        0.19112        0.99827        0.99531
   547.0        0.19097        0.99828        0.99532
   548.0        0.19082        0.99829        0.99534
   549.0        0.19067        0.99829        0.99535
   550.0        0.19052        0.99830        0.99536
   551.0        0.19037        0.99831        0.99538
   552.0        0.19022        0.99831        0.99539
   553.0        0.19007        0.99832        0.99540
   554.0        0.18993        0.99832        0.99542
   555.0        0.18978        0.99833        0.99543
   556.0        0.18963        0.99834        0.99544
   557.0        0.18948        0.99834        0.99545
   558.0        0.18934        0.99835        0.99547
   559.0        0.18919        0.99835        0.99548
   560.0        0.18904        0.99836        0.99549
   561.0        0.18890        0.99837        0.99551
   562.0        0.18875        0.99837        0.99552
   563.0        0.18861        0.99838        0.99553
   564.0        0.18846        0.99838        0.99554
   565.0        0.18832        0.99839        0.99555
   566.0        0.18818        0.99840        0.99557
   567.0        0.18803        0.99840        0.99558
   568.0        0.18789        0.99841        0.99559
   569.0        0.18774        0.99841        0.99560
   570.0        0.18759        0.99842        0.99562
   571.0        0.18744        0.99842        0.99563
   572.0        0.18729        0.99843        0.99564
   573.0        0.18715        0.99844        0.99565
   574.0        0.18700        0.99844        0.99566
   575.0        0.18685        0.99845        0.99567
   576.0        0.18671        0.99845        0.99569
   577.0        0.18656        0.99846        0.99570
   578.0        0.18642        0.99846        0.99571
   579.0        0.18627        0.99847        0.99572
   580.0        0.18613        0.99847        0.99573
   581.0        0.18598        0.99848        0.99574
   582.0        0.18584        0.99848        0.99575
   583.0        0.18569        0.99849        0.99577
   584.0        0.18555        0.99849        0.99578
   585.0        0.18541        0.99850        0.99579
   586.0        0.18527        0.99850        0.99580
   587.0        0.18512        0.99851        0.99581
   588.0        0.18498        0.99851        0.99582
   589.0        0.18484        0.99852        0.99583
   590.0        0.18470        0.99852        0.99584
   591.0        0.18456        0.99853        0.99585
   592.0        0.18442        0.99853        0.99586
   593.0        0.18428        0.99854        0.99588
   594.0        0.18414        0.99854        0.99589
   595.0        0.18400        0.99855        0.99590
   596.0        0.18386        0.99855        0.99591
   597.0        0.18372        0.99856        0.99592
   598.0        0.18358        0.99856        0.99593
   599.0        0.18345        0.99857        0.99594
   600.0        0.18331        0.99857        0.99595
   601.0        0.18317        0.99858        0.99596
   602.0        0.18303        0.99858        0.99597
   603.0        0.18290        0.99859        0.99598
   604.0        0.18276        0.99859        0.99599
   605.0        0.18263        0.99860        0.99600
   606.0        0.18249        0.99860        0.99601
   607.0        0.18236        0.99861        0.99602
   608.0        0.18222        0.99861        0.99603
   609.0        0.18209        0.99862        0.99604
   610.0        0.18195        0.99862        0.99605
   611.0        0.18182        0.99863        0.99606
   612.0        0.18168        0.99863        0.99607
   613.0        0.18155        0.99863        0.99608
   614.0        0.18142        0.99864        0.99609
   615.0        0.18129        0.99864        0.99610
   616.0        0.18115        0.99865        0.99611
   617.0        0.18102        0.99865        0.99612
   618.0        0.18089        0.99866        0.99613
   619.0        0.18076        0.99866        0.99614
   620.0        0.18063        0.99867        0.99615
   621.0        0.18050        0.99867        0.99616
   622.0        0.18037        0.99867        0.99617
   623.0        0.18024        0.99868        0.99618
   624.0        0.18011        0.99868        0.99619
   625.0        0.17998        0.99869        0.99620
   626.0        0.17985        0.99869        0.99621
   627.0        0.17972        0.99870        0.99622
   628.0        0.17959        0.99870        0.99623
   629.0        0.17946        0.99870        0.99623
   630.0        0.17933        0.99871        0.99624
   631.0        0.17921        0.99871        0.99625
   632.0        0.17908        0.99872        0.99626
   633.0        0.17895        0.99872        0.99627
   634.0        0.17883        0.99872        0.99628
   635.0        0.17870        0.99873        0.99629
   636.0        0.17857        0.99873        0.99630
   637.0        0.17845        0.99874        0.99631
   638.0        0.17832        0.99874        0.99632
   639.0        0.17820        0.99874        0.99633
   640.0        0.17807        0.99875        0.99633
   641.0        0.17795        0.99875        0.99634
   642.0        0.17782        0.99876        0.99635
   643.0        0.17770        0.99876        0.99636
   644.0        0.17757        0.99876        0.99637
   645.0        0.17745        0.99877        0.99638
   646.0        0.17733        0.99877        0.99639
   647.0        0.17720        0.99878        0.99640
   648.0        0.17708        0.99878        0.99640
   649.0        0.17696        0.99878        0.99641
   650.0        0.17684        0.99879        0.99642
   651.0        0.17671        0.99879        0.99643
   652.0        0.17659        0.99879        0.99644
   653.0        0.17647        0.99880        0.99645
   654.0        0.17635        0.99880        0.99645
   655.0        0.17623        0.99880        0.99646
   656.0        0.17611        0.99881        0.99647
   657.0        0.17599        0.99881        0.99648
   658.0        0.17587        0.99882        0.99649
   659.0        0.17575        0.99882        0.99650
   660.0        0.17563        0.99882        0.99650
   661.0        0.17551        0.99883        0.99651
   662.0        0.17539        0.99883        0.99652
   663.0        0.17527        0.99883        0.99653
   664.0        0.17515        0.99884        0.99654
   665.0        0.17504        0.99884        0.99655
   666.0        0.17492        0.99884        0.99655
   667.0        0.17480        0.99885        0.99656
   668.0        0.17468        0.99885        0.99657
   669.0        0.17457        0.99885        0.99658
   670.0        0.17445        0.99886        0.99659
   671.0        0.17433        0.99886        0.99659
   672.0        0.17422        0.99886        0.99660
   673.0        0.17410        0.99887        0.99661
   674.0        0.17399        0.99887        0.99662
   675.0        0.17387        0.99887        0.99662
   676.0        0.17375        0.99888        0.99663
   677.0        0.17364        0.99888        0.99664
   678.0        0.17353        0.99888        0.99665
   679.0        0.17341        0.99889        0.99665
   680.0        0.17330        0.99889        0.99666
   681.0        0.17318        0.99889        0.99667
   682.0        0.17307        0.99890        0.99668
   683.0        0.17295        0.99890        0.99669
   684.0        0.17284        0.99890        0.99669
   685.0        0.17273        0.99891        0.99670
   686.0        0.17262        0.99891        0.99671
   687.0        0.17250        0.99891        0.99672
   688.0        0.17239        0.99892        0.99672
   689.0        0.17228        0.99892        0.99673
   690.0        0.17217        0.99892        0.99674
   691.0        0.17206        0.99893        0.99674
   692.0        0.17194        0.99893        0.99675
   693.0        0.17183        0.99893        0.99676
   694.0        0.17172        0.99893        0.99677
   695.0        0.17161        0.99894        0.99677
   696.0        0.17150        0.99894        0.99678
   697.0        0.17139        0.99894        0.99679
   698.0        0.17128        0.99895        0.99679
   699.0        0.17117        0.99895        0.99680
   700.0        0.17106        0.99895        0.99681
   701.0        0.17095        0.99896        0.99682
   702.0        0.17084        0.99896        0.99682
   703.0        0.17073        0.99896        0.99683
   704.0        0.17063        0.99896        0.99684
   705.0        0.17052        0.99897        0.99684
   706.0        0.17041        0.99897        0.99685
   707.0        0.17030        0.99897        0.99686
   708.0        0.17019        0.99898        0.99686
   709.0        0.17009        0.99898        0.99687
   710.0        0.16998        0.99898        0.99688
   711.0        0.16987        0.99898        0.99689
   712.0        0.16977        0.99899        0.99689
   713.0        0.16966        0.99899        0.99690
   714.0        0.16955        0.99899        0.99691
   715.0        0.16945        0.99899        0.99691
   716.0        0.16934        0.99900        0.99692
   717.0        0.16924        0.99900        0.99693
   718.0        0.16913        0.99900        0.99693
   719.0        0.16902        0.99900        0.99694
   720.0        0.16892        0.99901        0.99695
   721.0        0.16882        0.99901        0.99695
   722.0        0.16871        0.99901        0.99696
   723.0        0.16861        0.99901        0.99696
   724.0        0.16850        0.99902        0.99697
   725.0        0.16840        0.99902        0.99698
   726.0        0.16829        0.99902        0.99698
   727.0        0.16819        0.99902        0.99699
   728.0        0.16809        0.99903        0.99700
   729.0        0.16798        0.99903        0.99700
   730.0        0.16788        0.99903        0.99701
   731.0        0.16778        0.99903        0.99702
   732.0        0.16768        0.99904        0.99702
   733.0        0.16757        0.99904        0.99703
   734.0        0.16747        0.99904        0.99704
   735.0        0.16737        0.99904        0.99704
   736.0        0.16727        0.99904        0.99705
   737.0        0.16717        0.99905        0.99705
   738.0        0.16707        0.99905        0.99706
   739.0        0.16696        0.99905        0.99707
   740.0        0.16686        0.99905        0.99707
   741.0        0.16676        0.99906        0.99708
   742.0        0.16666        0.99906        0.99708
   743.0        0.16656        0.99906        0.99709
   744.0        0.16646        0.99906        0.99710
   745.0        0.16636        0.99907        0.99710
   746.0        0.16626        0.99907        0.99711
   747.0        0.16616        0.99907        0.99711
   748.0        0.16606        0.99907        0.99712
   749.0        0.16597        0.99907        0.99713
   750.0        0.16587        0.99908        0.99713
   751.0        0.16577        0.99908        0.99714
   752.0        0.16567        0.99908        0.99714
   753.0        0.16557        0.99908        0.99715
   754.0        0.16547        0.99909        0.99716
   755.0        0.16537        0.99909        0.99716
   756.0        0.16527        0.99909        0.99717
   757.0        0.16516        0.99909        0.99717
   758.0        0.16506        0.99909        0.99718
   759.0        0.16496        0.99910        0.99718
   760.0        0.16486        0.99910        0.99719
   761.0        0.16476        0.99910        0.99720
   762.0        0.16466        0.99910        0.99720
   763.0        0.16456        0.99910        0.99721
   764.0        0.16446        0.99911        0.99721
   765.0        0.16436        0.99911        0.99722
   766.0        0.16426        0.99911        0.99722
   767.0        0.16416        0.99911        0.99723
   768.0        0.16406        0.99911        0.99724
   769.0        0.16396        0.99912        0.99724
   770.0        0.16386        0.99912        0.99725
   771.0        0.16376        0.99912        0.99725
   772.0        0.16366        0.99912        0.99726
   773.0        0.16356        0.99912        0.99726
   774.0        0.16346        0.99913        0.99727
   775.0        0.16336        0.99913        0.99727
   776.0        0.16327        0.99913        0.99728
   777.0        0.16317        0.99913        0.99728
   778.0        0.16307        0.99913        0.99729
   779.0        0.16297        0.99914        0.99729
   780.0        0.16287        0.99914        0.99730
   781.0        0.16278        0.99914        0.99731
   782.0        0.16268        0.99914        0.99731
   783.0        0.16258        0.99914        0.99732
   784.0        0.16248        0.99915        0.99732
   785.0        0.16238        0.99915        0.99733
   786.0        0.16228        0.99915        0.99733
   787.0        0.16218        0.99915        0.99734
   788.0        0.16208        0.99915        0.99734
   789.0        0.16198        0.99916        0.99735
   790.0        0.16188        0.99916        0.99735
   791.0        0.16179        0.99916        0.99736
   792.0        0.16169        0.99916        0.99736
   793.0        0.16159        0.99916        0.99737
   794.0        0.16149        0.99917        0.99737
   795.0        0.16140        0.99917        0.99738
   796.0        0.16130        0.99917        0.99738
   797.0        0.16120        0.99917        0.99739
   798.0        0.16110        0.99917        0.99739
   799.0        0.16101        0.99917        0.99740
   800.0        0.16091        0.99918        0.99740
   801.0        0.16081        0.99918        0.99741
   802.0        0.16072        0.99918        0.99741
   803.0        0.16062        0.99918        0.99742
   804.0        0.16053        0.99918        0.99742
   805.0        0.16043        0.99919        0.99743
   806.0        0.16034        0.99919        0.99743
   807.0        0.16024        0.99919        0.99744
   808.0        0.16015        0.99919        0.99744
   809.0        0.16005        0.99919        0.99745
   810.0        0.15996        0.99919        0.99745
   811.0        0.15986        0.99920        0.99746
   812.0        0.15977        0.99920        0.99746
   813.0        0.15967        0.99920        0.99746
   814.0        0.15958        0.99920        0.99747
   815.0        0.15949        0.99920        0.99747
   816.0        0.15939        0.99920        0.99748
   817.0        0.15930        0.99921        0.99748
   818.0        0.15920        0.99921        0.99749
   819.0        0.15911        0.99921        0.99749
   820.0        0.15902        0.99921        0.99750
   821.0        0.15893        0.99921        0.99750
   822.0        0.15883        0.99921        0.99751
   823.0        0.15874        0.99922        0.99751
   824.0        0.15865        0.99922        0.99752
   825.0        0.15856        0.99922        0.99752
   826.0        0.15846        0.99922        0.99752
   827.0        0.15837        0.99922        0.99753
   828.0        0.15828        0.99922        0.99753
   829.0        0.15819        0.99923        0.99754
   830.0        0.15810        0.99923        0.99754
   831.0        0.15801        0.99923        0.99755
   832.0        0.15792        0.99923        0.99755
   833.0        0.15783        0.99923        0.99756
   834.0        0.15773        0.99923        0.99756
   835.0        0.15764        0.99924        0.99757
   836.0        0.15755        0.99924        0.99757
   837.0        0.15746        0.99924        0.99757
   838.0        0.15737        0.99924        0.99758
   839.0        0.15728        0.99924        0.99758
   840.0        0.15719        0.99924        0.99759
   841.0        0.15710        0.99925        0.99759
   842.0        0.15702        0.99925        0.99760
   843.0        0.15693        0.99925        0.99760
   844.0        0.15684        0.99925        0.99760
   845.0        0.15675        0.99925        0.99761
   846.0        0.15666        0.99925        0.99761
   847.0        0.15657        0.99925        0.99762
   848.0        0.15648        0.99926        0.99762
   849.0        0.15639        0.99926        0.99763
   850.0        0.15631        0.99926        0.99763
   851.0        0.15622        0.99926        0.99763
   852.0        0.15613        0.99926        0.99764
   853.0        0.15604        0.99926        0.99764
   854.0        0.15596        0.99927        0.99765
   855.0        0.15587        0.99927        0.99765
   856.0        0.15578        0.99927        0.99766
   857.0        0.15569        0.99927        0.99766
   858.0        0.15561        0.99927        0.99766
   859.0        0.15552        0.99927        0.99767
   860.0        0.15543        0.99927        0.99767
   861.0        0.15535        0.99928        0.99768
   862.0        0.15526        0.99928        0.99768
   863.0        0.15517        0.99928        0.99768
   864.0        0.15509        0.99928        0.99769
   865.0        0.15500        0.99928        0.99769
   866.0        0.15492        0.99928        0.99770
   867.0        0.15483        0.99928        0.99770
   868.0        0.15475        0.99929        0.99770
   869.0        0.15466        0.99929        0.99771
   870.0        0.15458        0.99929        0.99771
   871.0        0.15449        0.99929        0.99772
   872.0        0.15441        0.99929        0.99772
   873.0        0.15432        0.99929        0.99772
   874.0        0.15424        0.99929        0.99773
   875.0        0.15415        0.99930        0.99773
   876.0        0.15407        0.99930        0.99774
   877.0        0.15398        0.99930        0.99774
   878.0        0.15390        0.99930        0.99774
   879.0        0.15382        0.99930        0.99775
   880.0        0.15373        0.99930        0.99775
   881.0        0.15365        0.99930        0.99776
   882.0        0.15357        0.99930        0.99776
   883.0        0.15348        0.99931        0.99776
   884.0        0.15340        0.99931        0.99777
   885.0        0.15332        0.99931        0.99777
   886.0        0.15323        0.99931        0.99777
   887.0        0.15315        0.99931        0.99778
   888.0        0.15307        0.99931        0.99778
   889.0        0.15299        0.99931        0.99779
   890.0        0.15290        0.99931        0.99779
   891.0        0.15282        0.99932        0.99779
   892.0        0.15274        0.99932        0.99780
   893.0        0.15266        0.99932        0.99780
   894.0        0.15258        0.99932        0.99781
   895.0        0.15250        0.99932        0.99781
   896.0        0.15241        0.99932        0.99781
   897.0        0.15233        0.99932        0.99782
   898.0        0.15225        0.99932        0.99782
   899.0        0.15217        0.99933        0.99782
   900.0        0.15209        0.99933        0.99783
   901.0        0.15201        0.99933        0.99783
   902.0        0.15193        0.99933        0.99783
   903.0        0.15185        0.99933        0.99784
   904.0        0.15177        0.99933        0.99784
   905.0        0.15169        0.99933        0.99785
   906.0        0.15161        0.99933        0.99785
   907.0        0.15153        0.99934        0.99785
   908.0        0.15145        0.99934        0.99786
   909.0        0.15137        0.99934        0.99786
   910.0        0.15129        0.99934        0.99786
   911.0        0.15121        0.99934        0.99787
   912.0        0.15113        0.99934        0.99787
   913.0        0.15105        0.99934        0.99787
   914.0        0.15097        0.99934        0.99788
   915.0        0.15089        0.99935        0.99788
   916.0        0.15081        0.99935        0.99788
   917.0        0.15073        0.99935        0.99789
   918.0        0.15066        0.99935        0.99789
   919.0        0.15058        0.99935        0.99790
   920.0        0.15050        0.99935        0.99790
   921.0        0.15042        0.99935        0.99790
   922.0        0.15034        0.99935        0.99791
   923.0        0.15027        0.99935        0.99791
   924.0        0.15019        0.99936        0.99791
   925.0        0.15011        0.99936        0.99792
   926.0        0.15003        0.99936        0.99792
   927.0        0.14996        0.99936        0.99792
   928.0        0.14988        0.99936        0.99793
   929.0        0.14980        0.99936        0.99793
   930.0        0.14972        0.99936        0.99793
   931.0        0.14965        0.99936        0.99794
   932.0        0.14957        0.99936        0.99794
   933.0        0.14949        0.99937        0.99794
   934.0        0.14942        0.99937        0.99795
   935.0        0.14934        0.99937        0.99795
   936.0        0.14926        0.99937        0.99795
   937.0        0.14919        0.99937        0.99796
   938.0        0.14911        0.99937        0.99796
   939.0        0.14904        0.99937        0.99796
   940.0        0.14896        0.99937        0.99797
   941.0        0.14888        0.99937        0.99797
   942.0        0.14881        0.99938        0.99797
   943.0        0.14873        0.99938        0.99798
   944.0        0.14866        0.99938        0.99798
   945.0        0.14858        0.99938        0.99798
   946.0        0.14851        0.99938        0.99799
   947.0        0.14843        0.99938        0.99799
   948.0        0.14836        0.99938        0.99799
   949.0        0.14828        0.99938        0.99800
   950.0        0.14821        0.99938        0.99800
   951.0        0.14813        0.99938        0.99800
   952.0        0.14806        0.99939        0.99801
   953.0        0.14799        0.99939        0.99801
   954.0        0.14791        0.99939        0.99801
   955.0        0.14784        0.99939        0.99801
   956.0        0.14776        0.99939        0.99802
   957.0        0.14769        0.99939        0.99802
   958.0        0.14762        0.99939        0.99802
   959.0        0.14754        0.99939        0.99803
   960.0        0.14747        0.99939        0.99803
   961.0        0.14740        0.99940        0.99803
   962.0        0.14732        0.99940        0.99804
   963.0        0.14725        0.99940        0.99804
   964.0        0.14718        0.99940        0.99804
   965.0        0.14710        0.99940        0.99805
   966.0        0.14703        0.99940        0.99805
   967.0        0.14696        0.99940        0.99805
   968.0        0.14689        0.99940        0.99805
   969.0        0.14681        0.99940        0.99806
   970.0        0.14674        0.99940        0.99806
   971.0        0.14667        0.99941        0.99806
   972.0        0.14660        0.99941        0.99807
   973.0        0.14653        0.99941        0.99807
   974.0        0.14645        0.99941        0.99807
   975.0        0.14638        0.99941        0.99808
   976.0        0.14631        0.99941        0.99808
   977.0        0.14624        0.99941        0.99808
   978.0        0.14617        0.99941        0.99809
   979.0        0.14610        0.99941        0.99809
   980.0        0.14602        0.99941        0.99809
   981.0        0.14595        0.99942        0.99809
   982.0        0.14588        0.99942        0.99810
   983.0        0.14581        0.99942        0.99810
   984.0        0.14574        0.99942        0.99810
   985.0        0.14567        0.99942        0.99811
   986.0        0.14560        0.99942        0.99811
   987.0        0.14553        0.99942        0.99811
   988.0        0.14546        0.99942        0.99811
   989.0        0.14539        0.99942        0.99812
   990.0        0.14532        0.99942        0.99812
   991.0        0.14525        0.99942        0.99812
   992.0        0.14518        0.99943        0.99813
   993.0        0.14511        0.99943        0.99813
   994.0        0.14504        0.99943        0.99813
   995.0        0.14497        0.99943        0.99813
   996.0        0.14490        0.99943        0.99814
   997.0        0.14483        0.99943        0.99814
   998.0        0.14476        0.99943        0.99814
   999.0        0.14469        0.99943        0.99815
  1000.0        0.14462        0.99943        0.99815
