 brain               
 Density =    1.030000      Aeff =    12.66740      Zeff =    7.018648    
     1.0     3814.79761        0.00041        0.00898
     2.0      579.33246        0.00225        0.03407
     3.0      188.44237        0.00549        0.07200
     4.0       81.37592        0.01025        0.11818
     5.0       41.98380        0.01643        0.16912
     6.0       24.49326        0.02404        0.22132
     7.0       15.36140        0.03364        0.27210
     8.0       10.29446        0.04509        0.32021
     9.0        7.24788        0.05854        0.36443
    10.0        5.31640        0.07408        0.40551
    11.0        4.03034        0.09174        0.44298
    12.0        3.14347        0.11139        0.47716
    13.0        2.50211        0.13364        0.50898
    14.0        2.03258        0.15791        0.53797
    15.0        1.68329        0.18390        0.56464
    16.0        1.41784        0.21151        0.58953
    17.0        1.21287        0.24044        0.61281
    18.0        1.05199        0.27041        0.63449
    19.0        0.92372        0.30100        0.65447
    20.0        0.81994        0.33174        0.67260
    21.0        0.73529        0.36253        0.68957
    22.0        0.66564        0.39323        0.70545
    23.0        0.60779        0.42359        0.72034
    24.0        0.55929        0.45336        0.73443
    25.0        0.51802        0.48268        0.74752
    26.0        0.48264        0.51131        0.75988
    27.0        0.45206        0.53857        0.77110
    28.0        0.42570        0.56470        0.78178
    29.0        0.40285        0.58966        0.79169
    30.0        0.38298        0.61347        0.80097
    31.0        0.36558        0.63613        0.80975
    32.0        0.35027        0.65758        0.81795
    33.0        0.33674        0.67782        0.82565
    34.0        0.32476        0.69692        0.83288
    35.0        0.31411        0.71491        0.83971
    36.0        0.30461        0.73181        0.84613
    37.0        0.29592        0.74753        0.85209
    38.0        0.28801        0.76222        0.85768
    39.0        0.28087        0.77600        0.86296
    40.0        0.27439        0.78890        0.86800
    41.0        0.26850        0.80098        0.87276
    42.0        0.26313        0.81229        0.87730
    43.0        0.25823        0.82287        0.88161
    44.0        0.25374        0.83277        0.88568
    45.0        0.24958        0.84201        0.88956
    46.0        0.24575        0.85066        0.89324
    47.0        0.24219        0.85873        0.89671
    48.0        0.23872        0.86620        0.89996
    49.0        0.23547        0.87319        0.90304
    50.0        0.23245        0.87974        0.90597
    51.0        0.22962        0.88593        0.90879
    52.0        0.22697        0.89173        0.91148
    53.0        0.22450        0.89718        0.91405
    54.0        0.22217        0.90230        0.91653
    55.0        0.21999        0.90710        0.91890
    56.0        0.21793        0.91162        0.92116
    57.0        0.21600        0.91587        0.92334
    58.0        0.21416        0.91986        0.92543
    59.0        0.21241        0.92361        0.92743
    60.0        0.21076        0.92715        0.92935
    61.0        0.20919        0.93049        0.93120
    62.0        0.20769        0.93363        0.93298
    63.0        0.20627        0.93660        0.93469
    64.0        0.20493        0.93941        0.93633
    65.0        0.20364        0.94205        0.93791
    66.0        0.20241        0.94456        0.93944
    67.0        0.20124        0.94693        0.94091
    68.0        0.20012        0.94917        0.94233
    69.0        0.19897        0.95127        0.94367
    70.0        0.19780        0.95325        0.94494
    71.0        0.19666        0.95512        0.94618
    72.0        0.19558        0.95690        0.94737
    73.0        0.19453        0.95859        0.94853
    74.0        0.19352        0.96019        0.94964
    75.0        0.19254        0.96172        0.95072
    76.0        0.19160        0.96317        0.95176
    77.0        0.19067        0.96455        0.95277
    78.0        0.18977        0.96586        0.95375
    79.0        0.18890        0.96711        0.95469
    80.0        0.18806        0.96830        0.95561
    81.0        0.18724        0.96944        0.95650
    82.0        0.18645        0.97052        0.95736
    83.0        0.18568        0.97156        0.95820
    84.0        0.18493        0.97254        0.95901
    85.0        0.18420        0.97349        0.95980
    86.0        0.18350        0.97439        0.96056
    87.0        0.18281        0.97525        0.96130
    88.0        0.18214        0.97608        0.96203
    89.0        0.18149        0.97687        0.96273
    90.0        0.18085        0.97763        0.96341
    91.0        0.18023        0.97835        0.96407
    92.0        0.17963        0.97904        0.96472
    93.0        0.17904        0.97971        0.96535
    94.0        0.17846        0.98035        0.96596
    95.0        0.17790        0.98096        0.96656
    96.0        0.17735        0.98155        0.96713
    97.0        0.17681        0.98211        0.96770
    98.0        0.17628        0.98265        0.96825
    99.0        0.17577        0.98317        0.96878
   100.0        0.17526        0.98367        0.96931
   101.0        0.17468        0.98414        0.96980
   102.0        0.17411        0.98459        0.97028
   103.0        0.17356        0.98502        0.97075
   104.0        0.17301        0.98544        0.97121
   105.0        0.17247        0.98584        0.97166
   106.0        0.17194        0.98623        0.97209
   107.0        0.17143        0.98661        0.97252
   108.0        0.17092        0.98697        0.97294
   109.0        0.17042        0.98731        0.97334
   110.0        0.16992        0.98765        0.97374
   111.0        0.16944        0.98797        0.97413
   112.0        0.16897        0.98829        0.97451
   113.0        0.16850        0.98859        0.97488
   114.0        0.16804        0.98888        0.97525
   115.0        0.16759        0.98916        0.97560
   116.0        0.16714        0.98944        0.97595
   117.0        0.16670        0.98970        0.97629
   118.0        0.16627        0.98995        0.97662
   119.0        0.16585        0.99020        0.97695
   120.0        0.16543        0.99044        0.97726
   121.0        0.16502        0.99067        0.97758
   122.0        0.16461        0.99090        0.97788
   123.0        0.16421        0.99111        0.97818
   124.0        0.16381        0.99132        0.97847
   125.0        0.16342        0.99153        0.97876
   126.0        0.16304        0.99172        0.97904
   127.0        0.16266        0.99191        0.97931
   128.0        0.16229        0.99210        0.97958
   129.0        0.16192        0.99228        0.97985
   130.0        0.16156        0.99245        0.98011
   131.0        0.16120        0.99262        0.98036
   132.0        0.16084        0.99279        0.98061
   133.0        0.16049        0.99295        0.98085
   134.0        0.16012        0.99310        0.98109
   135.0        0.15973        0.99325        0.98132
   136.0        0.15934        0.99339        0.98154
   137.0        0.15896        0.99353        0.98176
   138.0        0.15859        0.99367        0.98198
   139.0        0.15822        0.99380        0.98219
   140.0        0.15785        0.99393        0.98240
   141.0        0.15749        0.99405        0.98261
   142.0        0.15713        0.99418        0.98281
   143.0        0.15677        0.99429        0.98301
   144.0        0.15642        0.99441        0.98320
   145.0        0.15608        0.99452        0.98339
   146.0        0.15574        0.99463        0.98358
   147.0        0.15540        0.99474        0.98376
   148.0        0.15506        0.99484        0.98394
   149.0        0.15473        0.99494        0.98412
   150.0        0.15440        0.99504        0.98430
   151.0        0.15408        0.99513        0.98447
   152.0        0.15376        0.99523        0.98464
   153.0        0.15344        0.99532        0.98480
   154.0        0.15312        0.99541        0.98496
   155.0        0.15281        0.99549        0.98513
   156.0        0.15250        0.99558        0.98528
   157.0        0.15220        0.99566        0.98544
   158.0        0.15190        0.99574        0.98559
   159.0        0.15160        0.99582        0.98574
   160.0        0.15130        0.99589        0.98589
   161.0        0.15101        0.99597        0.98603
   162.0        0.15072        0.99604        0.98618
   163.0        0.15043        0.99611        0.98632
   164.0        0.15014        0.99618        0.98645
   165.0        0.14986        0.99625        0.98659
   166.0        0.14958        0.99631        0.98673
   167.0        0.14930        0.99638        0.98686
   168.0        0.14903        0.99644        0.98699
   169.0        0.14875        0.99650        0.98712
   170.0        0.14848        0.99656        0.98724
   171.0        0.14822        0.99662        0.98737
   172.0        0.14793        0.99668        0.98749
   173.0        0.14763        0.99673        0.98760
   174.0        0.14733        0.99679        0.98772
   175.0        0.14703        0.99684        0.98783
   176.0        0.14674        0.99689        0.98794
   177.0        0.14645        0.99694        0.98805
   178.0        0.14616        0.99699        0.98816
   179.0        0.14587        0.99704        0.98827
   180.0        0.14559        0.99709        0.98838
   181.0        0.14530        0.99713        0.98848
   182.0        0.14502        0.99718        0.98858
   183.0        0.14475        0.99722        0.98868
   184.0        0.14447        0.99727        0.98878
   185.0        0.14420        0.99731        0.98888
   186.0        0.14393        0.99735        0.98898
   187.0        0.14366        0.99739        0.98908
   188.0        0.14339        0.99743        0.98917
   189.0        0.14313        0.99747        0.98926
   190.0        0.14286        0.99751        0.98936
   191.0        0.14260        0.99755        0.98945
   192.0        0.14234        0.99758        0.98954
   193.0        0.14209        0.99762        0.98962
   194.0        0.14183        0.99766        0.98971
   195.0        0.14158        0.99769        0.98980
   196.0        0.14133        0.99772        0.98988
   197.0        0.14108        0.99776        0.98997
   198.0        0.14084        0.99779        0.99005
   199.0        0.14059        0.99782        0.99013
   200.0        0.14035        0.99785        0.99021
   201.0        0.14011        0.99788        0.99029
   202.0        0.13987        0.99791        0.99037
   203.0        0.13963        0.99794        0.99045
   204.0        0.13939        0.99797        0.99052
   205.0        0.13916        0.99800        0.99060
   206.0        0.13893        0.99802        0.99067
   207.0        0.13869        0.99805        0.99075
   208.0        0.13847        0.99807        0.99082
   209.0        0.13824        0.99810        0.99089
   210.0        0.13801        0.99812        0.99096
   211.0        0.13779        0.99815        0.99103
   212.0        0.13756        0.99817        0.99110
   213.0        0.13734        0.99820        0.99117
   214.0        0.13712        0.99822        0.99124
   215.0        0.13690        0.99824        0.99130
   216.0        0.13669        0.99827        0.99137
   217.0        0.13647        0.99829        0.99144
   218.0        0.13626        0.99831        0.99150
   219.0        0.13604        0.99833        0.99156
   220.0        0.13583        0.99835        0.99163
   221.0        0.13562        0.99837        0.99169
   222.0        0.13541        0.99839        0.99175
   223.0        0.13520        0.99841        0.99181
   224.0        0.13500        0.99843        0.99187
   225.0        0.13479        0.99845        0.99193
   226.0        0.13459        0.99847        0.99199
   227.0        0.13439        0.99849        0.99205
   228.0        0.13419        0.99851        0.99210
   229.0        0.13399        0.99852        0.99216
   230.0        0.13379        0.99854        0.99222
   231.0        0.13359        0.99856        0.99227
   232.0        0.13339        0.99858        0.99233
   233.0        0.13320        0.99859        0.99238
   234.0        0.13301        0.99861        0.99243
   235.0        0.13281        0.99863        0.99249
   236.0        0.13262        0.99864        0.99254
   237.0        0.13243        0.99866        0.99259
   238.0        0.13224        0.99867        0.99264
   239.0        0.13205        0.99869        0.99269
   240.0        0.13187        0.99870        0.99274
   241.0        0.13168        0.99872        0.99279
   242.0        0.13150        0.99873        0.99284
   243.0        0.13131        0.99875        0.99289
   244.0        0.13113        0.99876        0.99294
   245.0        0.13095        0.99878        0.99298
   246.0        0.13077        0.99879        0.99303
   247.0        0.13059        0.99880        0.99308
   248.0        0.13041        0.99882        0.99312
   249.0        0.13024        0.99883        0.99317
   250.0        0.13006        0.99884        0.99321
   251.0        0.12988        0.99886        0.99326
   252.0        0.12971        0.99887        0.99330
   253.0        0.12954        0.99888        0.99335
   254.0        0.12936        0.99889        0.99339
   255.0        0.12919        0.99890        0.99343
   256.0        0.12902        0.99892        0.99347
   257.0        0.12885        0.99893        0.99352
   258.0        0.12868        0.99894        0.99356
   259.0        0.12852        0.99895        0.99360
   260.0        0.12835        0.99896        0.99364
   261.0        0.12818        0.99897        0.99368
   262.0        0.12802        0.99898        0.99372
   263.0        0.12786        0.99899        0.99376
   264.0        0.12769        0.99901        0.99380
   265.0        0.12753        0.99902        0.99384
   266.0        0.12737        0.99903        0.99387
   267.0        0.12720        0.99904        0.99391
   268.0        0.12701        0.99905        0.99395
   269.0        0.12683        0.99906        0.99398
   270.0        0.12665        0.99906        0.99402
   271.0        0.12647        0.99907        0.99405
   272.0        0.12628        0.99908        0.99409
   273.0        0.12611        0.99909        0.99412
   274.0        0.12593        0.99910        0.99416
   275.0        0.12575        0.99911        0.99419
   276.0        0.12557        0.99912        0.99423
   277.0        0.12540        0.99913        0.99426
   278.0        0.12522        0.99914        0.99429
   279.0        0.12505        0.99914        0.99432
   280.0        0.12487        0.99915        0.99436
   281.0        0.12470        0.99916        0.99439
   282.0        0.12453        0.99917        0.99442
   283.0        0.12436        0.99918        0.99445
   284.0        0.12419        0.99918        0.99448
   285.0        0.12402        0.99919        0.99451
   286.0        0.12385        0.99920        0.99455
   287.0        0.12369        0.99921        0.99458
   288.0        0.12352        0.99922        0.99461
   289.0        0.12335        0.99922        0.99464
   290.0        0.12319        0.99923        0.99467
   291.0        0.12303        0.99924        0.99469
   292.0        0.12286        0.99924        0.99472
   293.0        0.12270        0.99925        0.99475
   294.0        0.12254        0.99926        0.99478
   295.0        0.12238        0.99926        0.99481
   296.0        0.12222        0.99927        0.99484
   297.0        0.12206        0.99928        0.99487
   298.0        0.12190        0.99928        0.99489
   299.0        0.12174        0.99929        0.99492
   300.0        0.12159        0.99930        0.99495
   301.0        0.12143        0.99930        0.99497
   302.0        0.12128        0.99931        0.99500
   303.0        0.12112        0.99932        0.99503
   304.0        0.12097        0.99932        0.99505
   305.0        0.12081        0.99933        0.99508
   306.0        0.12066        0.99933        0.99511
   307.0        0.12051        0.99934        0.99513
   308.0        0.12036        0.99934        0.99516
   309.0        0.12021        0.99935        0.99518
   310.0        0.12006        0.99935        0.99521
   311.0        0.11991        0.99936        0.99523
   312.0        0.11976        0.99936        0.99526
   313.0        0.11961        0.99937        0.99528
   314.0        0.11947        0.99938        0.99530
   315.0        0.11932        0.99938        0.99533
   316.0        0.11918        0.99939        0.99535
   317.0        0.11903        0.99939        0.99538
   318.0        0.11889        0.99940        0.99540
   319.0        0.11874        0.99940        0.99542
   320.0        0.11860        0.99940        0.99544
   321.0        0.11846        0.99941        0.99547
   322.0        0.11832        0.99941        0.99549
   323.0        0.11817        0.99942        0.99551
   324.0        0.11803        0.99942        0.99553
   325.0        0.11789        0.99943        0.99556
   326.0        0.11775        0.99943        0.99558
   327.0        0.11762        0.99944        0.99560
   328.0        0.11748        0.99944        0.99562
   329.0        0.11734        0.99945        0.99564
   330.0        0.11720        0.99945        0.99566
   331.0        0.11707        0.99945        0.99569
   332.0        0.11693        0.99946        0.99571
   333.0        0.11680        0.99946        0.99573
   334.0        0.11666        0.99947        0.99575
   335.0        0.11653        0.99947        0.99577
   336.0        0.11639        0.99947        0.99579
   337.0        0.11626        0.99948        0.99581
   338.0        0.11613        0.99948        0.99583
   339.0        0.11600        0.99949        0.99585
   340.0        0.11587        0.99949        0.99587
   341.0        0.11573        0.99949        0.99589
   342.0        0.11560        0.99950        0.99591
   343.0        0.11547        0.99950        0.99593
   344.0        0.11535        0.99951        0.99594
   345.0        0.11522        0.99951        0.99596
   346.0        0.11509        0.99951        0.99598
   347.0        0.11496        0.99952        0.99600
   348.0        0.11484        0.99952        0.99602
   349.0        0.11471        0.99952        0.99604
   350.0        0.11458        0.99953        0.99606
   351.0        0.11446        0.99953        0.99607
   352.0        0.11433        0.99953        0.99609
   353.0        0.11421        0.99954        0.99611
   354.0        0.11408        0.99954        0.99613
   355.0        0.11396        0.99954        0.99614
   356.0        0.11384        0.99955        0.99616
   357.0        0.11372        0.99955        0.99618
   358.0        0.11359        0.99955        0.99620
   359.0        0.11347        0.99956        0.99621
   360.0        0.11335        0.99956        0.99623
   361.0        0.11323        0.99956        0.99625
   362.0        0.11311        0.99957        0.99626
   363.0        0.11299        0.99957        0.99628
   364.0        0.11287        0.99957        0.99630
   365.0        0.11275        0.99957        0.99631
   366.0        0.11264        0.99958        0.99633
   367.0        0.11252        0.99958        0.99635
   368.0        0.11240        0.99958        0.99636
   369.0        0.11228        0.99959        0.99638
   370.0        0.11217        0.99959        0.99639
   371.0        0.11205        0.99959        0.99641
   372.0        0.11194        0.99960        0.99642
   373.0        0.11182        0.99960        0.99644
   374.0        0.11171        0.99960        0.99645
   375.0        0.11159        0.99960        0.99647
   376.0        0.11148        0.99961        0.99649
   377.0        0.11136        0.99961        0.99650
   378.0        0.11125        0.99961        0.99651
   379.0        0.11114        0.99961        0.99653
   380.0        0.11103        0.99962        0.99654
   381.0        0.11092        0.99962        0.99656
   382.0        0.11080        0.99962        0.99657
   383.0        0.11069        0.99962        0.99659
   384.0        0.11058        0.99963        0.99660
   385.0        0.11047        0.99963        0.99662
   386.0        0.11036        0.99963        0.99663
   387.0        0.11025        0.99963        0.99664
   388.0        0.11015        0.99964        0.99666
   389.0        0.11004        0.99964        0.99667
   390.0        0.10993        0.99964        0.99669
   391.0        0.10982        0.99964        0.99670
   392.0        0.10971        0.99965        0.99671
   393.0        0.10961        0.99965        0.99673
   394.0        0.10950        0.99965        0.99674
   395.0        0.10939        0.99965        0.99675
   396.0        0.10929        0.99965        0.99677
   397.0        0.10918        0.99966        0.99678
   398.0        0.10908        0.99966        0.99679
   399.0        0.10897        0.99966        0.99681
   400.0        0.10887        0.99966        0.99682
   401.0        0.10877        0.99967        0.99683
   402.0        0.10866        0.99967        0.99684
   403.0        0.10856        0.99967        0.99686
   404.0        0.10846        0.99967        0.99687
   405.0        0.10835        0.99967        0.99688
   406.0        0.10825        0.99968        0.99689
   407.0        0.10815        0.99968        0.99691
   408.0        0.10805        0.99968        0.99692
   409.0        0.10795        0.99968        0.99693
   410.0        0.10785        0.99968        0.99694
   411.0        0.10775        0.99968        0.99695
   412.0        0.10765        0.99969        0.99697
   413.0        0.10755        0.99969        0.99698
   414.0        0.10745        0.99969        0.99699
   415.0        0.10735        0.99969        0.99700
   416.0        0.10725        0.99969        0.99701
   417.0        0.10715        0.99970        0.99702
   418.0        0.10705        0.99970        0.99704
   419.0        0.10696        0.99970        0.99705
   420.0        0.10686        0.99970        0.99706
   421.0        0.10676        0.99970        0.99707
   422.0        0.10667        0.99970        0.99708
   423.0        0.10657        0.99971        0.99709
   424.0        0.10647        0.99971        0.99710
   425.0        0.10638        0.99971        0.99711
   426.0        0.10628        0.99971        0.99713
   427.0        0.10619        0.99971        0.99714
   428.0        0.10609        0.99971        0.99715
   429.0        0.10598        0.99972        0.99716
   430.0        0.10588        0.99972        0.99717
   431.0        0.10578        0.99972        0.99718
   432.0        0.10567        0.99972        0.99719
   433.0        0.10557        0.99972        0.99720
   434.0        0.10547        0.99972        0.99721
   435.0        0.10537        0.99972        0.99722
   436.0        0.10527        0.99973        0.99723
   437.0        0.10516        0.99973        0.99724
   438.0        0.10506        0.99973        0.99725
   439.0        0.10496        0.99973        0.99726
   440.0        0.10486        0.99973        0.99727
   441.0        0.10476        0.99973        0.99728
   442.0        0.10466        0.99973        0.99729
   443.0        0.10456        0.99974        0.99730
   444.0        0.10446        0.99974        0.99731
   445.0        0.10437        0.99974        0.99732
   446.0        0.10427        0.99974        0.99733
   447.0        0.10417        0.99974        0.99734
   448.0        0.10407        0.99974        0.99735
   449.0        0.10397        0.99974        0.99735
   450.0        0.10388        0.99975        0.99736
   451.0        0.10378        0.99975        0.99737
   452.0        0.10368        0.99975        0.99738
   453.0        0.10359        0.99975        0.99739
   454.0        0.10349        0.99975        0.99740
   455.0        0.10340        0.99975        0.99741
   456.0        0.10330        0.99975        0.99742
   457.0        0.10321        0.99975        0.99743
   458.0        0.10311        0.99976        0.99744
   459.0        0.10302        0.99976        0.99744
   460.0        0.10292        0.99976        0.99745
   461.0        0.10283        0.99976        0.99746
   462.0        0.10274        0.99976        0.99747
   463.0        0.10264        0.99976        0.99748
   464.0        0.10255        0.99976        0.99749
   465.0        0.10246        0.99976        0.99750
   466.0        0.10237        0.99977        0.99750
   467.0        0.10227        0.99977        0.99751
   468.0        0.10218        0.99977        0.99752
   469.0        0.10209        0.99977        0.99753
   470.0        0.10200        0.99977        0.99754
   471.0        0.10191        0.99977        0.99755
   472.0        0.10182        0.99977        0.99755
   473.0        0.10173        0.99977        0.99756
   474.0        0.10164        0.99977        0.99757
   475.0        0.10155        0.99978        0.99758
   476.0        0.10146        0.99978        0.99759
   477.0        0.10137        0.99978        0.99759
   478.0        0.10128        0.99978        0.99760
   479.0        0.10119        0.99978        0.99761
   480.0        0.10110        0.99978        0.99762
   481.0        0.10101        0.99978        0.99763
   482.0        0.10093        0.99978        0.99763
   483.0        0.10084        0.99978        0.99764
   484.0        0.10075        0.99979        0.99765
   485.0        0.10066        0.99979        0.99766
   486.0        0.10058        0.99979        0.99766
   487.0        0.10049        0.99979        0.99767
   488.0        0.10040        0.99979        0.99768
   489.0        0.10032        0.99979        0.99769
   490.0        0.10023        0.99979        0.99769
   491.0        0.10015        0.99979        0.99770
   492.0        0.10006        0.99979        0.99771
   493.0        0.09998        0.99979        0.99772
   494.0        0.09989        0.99980        0.99772
   495.0        0.09981        0.99980        0.99773
   496.0        0.09972        0.99980        0.99774
   497.0        0.09964        0.99980        0.99775
   498.0        0.09955        0.99980        0.99775
   499.0        0.09947        0.99980        0.99776
   500.0        0.09939        0.99980        0.99777
   501.0        0.09930        0.99980        0.99777
   502.0        0.09922        0.99980        0.99778
   503.0        0.09914        0.99980        0.99779
   504.0        0.09905        0.99980        0.99779
   505.0        0.09897        0.99981        0.99780
   506.0        0.09889        0.99981        0.99781
   507.0        0.09881        0.99981        0.99782
   508.0        0.09873        0.99981        0.99782
   509.0        0.09865        0.99981        0.99783
   510.0        0.09856        0.99981        0.99784
   511.0        0.09848        0.99981        0.99784
   512.0        0.09840        0.99981        0.99785
   513.0        0.09832        0.99981        0.99786
   514.0        0.09824        0.99981        0.99786
   515.0        0.09816        0.99981        0.99787
   516.0        0.09808        0.99981        0.99788
   517.0        0.09800        0.99981        0.99788
   518.0        0.09792        0.99982        0.99789
   519.0        0.09784        0.99982        0.99789
   520.0        0.09777        0.99982        0.99790
   521.0        0.09769        0.99982        0.99791
   522.0        0.09761        0.99982        0.99791
   523.0        0.09753        0.99982        0.99792
   524.0        0.09745        0.99982        0.99793
   525.0        0.09737        0.99982        0.99793
   526.0        0.09730        0.99982        0.99794
   527.0        0.09722        0.99982        0.99794
   528.0        0.09714        0.99982        0.99795
   529.0        0.09707        0.99982        0.99796
   530.0        0.09699        0.99982        0.99796
   531.0        0.09691        0.99983        0.99797
   532.0        0.09684        0.99983        0.99798
   533.0        0.09676        0.99983        0.99798
   534.0        0.09668        0.99983        0.99799
   535.0        0.09661        0.99983        0.99799
   536.0        0.09653        0.99983        0.99800
   537.0        0.09646        0.99983        0.99800
   538.0        0.09638        0.99983        0.99801
   539.0        0.09631        0.99983        0.99802
   540.0        0.09623        0.99983        0.99802
   541.0        0.09616        0.99983        0.99803
   542.0        0.09608        0.99983        0.99803
   543.0        0.09601        0.99983        0.99804
   544.0        0.09594        0.99983        0.99805
   545.0        0.09586        0.99983        0.99805
   546.0        0.09579        0.99984        0.99806
   547.0        0.09571        0.99984        0.99806
   548.0        0.09564        0.99984        0.99807
   549.0        0.09557        0.99984        0.99807
   550.0        0.09550        0.99984        0.99808
   551.0        0.09542        0.99984        0.99808
   552.0        0.09535        0.99984        0.99809
   553.0        0.09528        0.99984        0.99810
   554.0        0.09521        0.99984        0.99810
   555.0        0.09513        0.99984        0.99811
   556.0        0.09506        0.99984        0.99811
   557.0        0.09499        0.99984        0.99812
   558.0        0.09492        0.99984        0.99812
   559.0        0.09485        0.99984        0.99813
   560.0        0.09478        0.99984        0.99813
   561.0        0.09471        0.99984        0.99814
   562.0        0.09464        0.99985        0.99814
   563.0        0.09457        0.99985        0.99815
   564.0        0.09450        0.99985        0.99815
   565.0        0.09443        0.99985        0.99816
   566.0        0.09436        0.99985        0.99816
   567.0        0.09429        0.99985        0.99817
   568.0        0.09421        0.99985        0.99817
   569.0        0.09414        0.99985        0.99818
   570.0        0.09407        0.99985        0.99818
   571.0        0.09399        0.99985        0.99819
   572.0        0.09392        0.99985        0.99819
   573.0        0.09385        0.99985        0.99820
   574.0        0.09377        0.99985        0.99820
   575.0        0.09370        0.99985        0.99821
   576.0        0.09363        0.99985        0.99821
   577.0        0.09355        0.99985        0.99822
   578.0        0.09348        0.99985        0.99822
   579.0        0.09341        0.99985        0.99823
   580.0        0.09334        0.99986        0.99823
   581.0        0.09327        0.99986        0.99824
   582.0        0.09319        0.99986        0.99824
   583.0        0.09312        0.99986        0.99825
   584.0        0.09305        0.99986        0.99825
   585.0        0.09298        0.99986        0.99826
   586.0        0.09291        0.99986        0.99826
   587.0        0.09284        0.99986        0.99826
   588.0        0.09277        0.99986        0.99827
   589.0        0.09270        0.99986        0.99827
   590.0        0.09263        0.99986        0.99828
   591.0        0.09256        0.99986        0.99828
   592.0        0.09249        0.99986        0.99829
   593.0        0.09242        0.99986        0.99829
   594.0        0.09235        0.99986        0.99830
   595.0        0.09228        0.99986        0.99830
   596.0        0.09221        0.99986        0.99831
   597.0        0.09214        0.99986        0.99831
   598.0        0.09207        0.99986        0.99831
   599.0        0.09200        0.99986        0.99832
   600.0        0.09193        0.99987        0.99832
   601.0        0.09187        0.99987        0.99833
   602.0        0.09180        0.99987        0.99833
   603.0        0.09173        0.99987        0.99834
   604.0        0.09166        0.99987        0.99834
   605.0        0.09159        0.99987        0.99834
   606.0        0.09153        0.99987        0.99835
   607.0        0.09146        0.99987        0.99835
   608.0        0.09139        0.99987        0.99836
   609.0        0.09133        0.99987        0.99836
   610.0        0.09126        0.99987        0.99836
   611.0        0.09119        0.99987        0.99837
   612.0        0.09112        0.99987        0.99837
   613.0        0.09106        0.99987        0.99838
   614.0        0.09099        0.99987        0.99838
   615.0        0.09093        0.99987        0.99839
   616.0        0.09086        0.99987        0.99839
   617.0        0.09079        0.99987        0.99839
   618.0        0.09073        0.99987        0.99840
   619.0        0.09066        0.99987        0.99840
   620.0        0.09060        0.99987        0.99841
   621.0        0.09053        0.99987        0.99841
   622.0        0.09047        0.99988        0.99841
   623.0        0.09040        0.99988        0.99842
   624.0        0.09034        0.99988        0.99842
   625.0        0.09027        0.99988        0.99843
   626.0        0.09021        0.99988        0.99843
   627.0        0.09014        0.99988        0.99843
   628.0        0.09008        0.99988        0.99844
   629.0        0.09002        0.99988        0.99844
   630.0        0.08995        0.99988        0.99844
   631.0        0.08989        0.99988        0.99845
   632.0        0.08983        0.99988        0.99845
   633.0        0.08976        0.99988        0.99846
   634.0        0.08970        0.99988        0.99846
   635.0        0.08964        0.99988        0.99846
   636.0        0.08957        0.99988        0.99847
   637.0        0.08951        0.99988        0.99847
   638.0        0.08945        0.99988        0.99847
   639.0        0.08938        0.99988        0.99848
   640.0        0.08932        0.99988        0.99848
   641.0        0.08926        0.99988        0.99849
   642.0        0.08920        0.99988        0.99849
   643.0        0.08914        0.99988        0.99849
   644.0        0.08907        0.99988        0.99850
   645.0        0.08901        0.99988        0.99850
   646.0        0.08895        0.99988        0.99850
   647.0        0.08889        0.99989        0.99851
   648.0        0.08883        0.99989        0.99851
   649.0        0.08877        0.99989        0.99851
   650.0        0.08871        0.99989        0.99852
   651.0        0.08865        0.99989        0.99852
   652.0        0.08858        0.99989        0.99853
   653.0        0.08852        0.99989        0.99853
   654.0        0.08846        0.99989        0.99853
   655.0        0.08840        0.99989        0.99854
   656.0        0.08834        0.99989        0.99854
   657.0        0.08828        0.99989        0.99854
   658.0        0.08822        0.99989        0.99855
   659.0        0.08816        0.99989        0.99855
   660.0        0.08810        0.99989        0.99855
   661.0        0.08804        0.99989        0.99856
   662.0        0.08799        0.99989        0.99856
   663.0        0.08793        0.99989        0.99856
   664.0        0.08787        0.99989        0.99857
   665.0        0.08781        0.99989        0.99857
   666.0        0.08775        0.99989        0.99857
   667.0        0.08769        0.99989        0.99858
   668.0        0.08763        0.99989        0.99858
   669.0        0.08757        0.99989        0.99858
   670.0        0.08751        0.99989        0.99859
   671.0        0.08746        0.99989        0.99859
   672.0        0.08740        0.99989        0.99859
   673.0        0.08734        0.99989        0.99860
   674.0        0.08728        0.99989        0.99860
   675.0        0.08722        0.99989        0.99860
   676.0        0.08717        0.99989        0.99861
   677.0        0.08711        0.99989        0.99861
   678.0        0.08705        0.99989        0.99861
   679.0        0.08700        0.99990        0.99862
   680.0        0.08694        0.99990        0.99862
   681.0        0.08688        0.99990        0.99862
   682.0        0.08682        0.99990        0.99862
   683.0        0.08677        0.99990        0.99863
   684.0        0.08671        0.99990        0.99863
   685.0        0.08665        0.99990        0.99863
   686.0        0.08660        0.99990        0.99864
   687.0        0.08654        0.99990        0.99864
   688.0        0.08649        0.99990        0.99864
   689.0        0.08643        0.99990        0.99865
   690.0        0.08637        0.99990        0.99865
   691.0        0.08632        0.99990        0.99865
   692.0        0.08626        0.99990        0.99866
   693.0        0.08621        0.99990        0.99866
   694.0        0.08615        0.99990        0.99866
   695.0        0.08610        0.99990        0.99866
   696.0        0.08604        0.99990        0.99867
   697.0        0.08599        0.99990        0.99867
   698.0        0.08593        0.99990        0.99867
   699.0        0.08588        0.99990        0.99868
   700.0        0.08582        0.99990        0.99868
   701.0        0.08577        0.99990        0.99868
   702.0        0.08571        0.99990        0.99869
   703.0        0.08566        0.99990        0.99869
   704.0        0.08560        0.99990        0.99869
   705.0        0.08555        0.99990        0.99869
   706.0        0.08549        0.99990        0.99870
   707.0        0.08544        0.99990        0.99870
   708.0        0.08539        0.99990        0.99870
   709.0        0.08533        0.99990        0.99871
   710.0        0.08528        0.99990        0.99871
   711.0        0.08523        0.99990        0.99871
   712.0        0.08517        0.99990        0.99871
   713.0        0.08512        0.99990        0.99872
   714.0        0.08507        0.99990        0.99872
   715.0        0.08501        0.99990        0.99872
   716.0        0.08496        0.99991        0.99872
   717.0        0.08491        0.99991        0.99873
   718.0        0.08485        0.99991        0.99873
   719.0        0.08480        0.99991        0.99873
   720.0        0.08475        0.99991        0.99874
   721.0        0.08470        0.99991        0.99874
   722.0        0.08464        0.99991        0.99874
   723.0        0.08459        0.99991        0.99874
   724.0        0.08454        0.99991        0.99875
   725.0        0.08449        0.99991        0.99875
   726.0        0.08444        0.99991        0.99875
   727.0        0.08438        0.99991        0.99875
   728.0        0.08433        0.99991        0.99876
   729.0        0.08428        0.99991        0.99876
   730.0        0.08423        0.99991        0.99876
   731.0        0.08418        0.99991        0.99877
   732.0        0.08413        0.99991        0.99877
   733.0        0.08408        0.99991        0.99877
   734.0        0.08402        0.99991        0.99877
   735.0        0.08397        0.99991        0.99878
   736.0        0.08392        0.99991        0.99878
   737.0        0.08387        0.99991        0.99878
   738.0        0.08382        0.99991        0.99878
   739.0        0.08377        0.99991        0.99879
   740.0        0.08372        0.99991        0.99879
   741.0        0.08367        0.99991        0.99879
   742.0        0.08362        0.99991        0.99879
   743.0        0.08357        0.99991        0.99880
   744.0        0.08352        0.99991        0.99880
   745.0        0.08347        0.99991        0.99880
   746.0        0.08342        0.99991        0.99880
   747.0        0.08337        0.99991        0.99881
   748.0        0.08332        0.99991        0.99881
   749.0        0.08327        0.99991        0.99881
   750.0        0.08322        0.99991        0.99881
   751.0        0.08317        0.99991        0.99882
   752.0        0.08312        0.99991        0.99882
   753.0        0.08307        0.99991        0.99882
   754.0        0.08302        0.99991        0.99882
   755.0        0.08297        0.99991        0.99883
   756.0        0.08292        0.99991        0.99883
   757.0        0.08286        0.99991        0.99883
   758.0        0.08281        0.99991        0.99883
   759.0        0.08276        0.99992        0.99883
   760.0        0.08271        0.99992        0.99884
   761.0        0.08266        0.99992        0.99884
   762.0        0.08261        0.99992        0.99884
   763.0        0.08255        0.99992        0.99884
   764.0        0.08250        0.99992        0.99885
   765.0        0.08245        0.99992        0.99885
   766.0        0.08240        0.99992        0.99885
   767.0        0.08235        0.99992        0.99885
   768.0        0.08230        0.99992        0.99886
   769.0        0.08225        0.99992        0.99886
   770.0        0.08220        0.99992        0.99886
   771.0        0.08215        0.99992        0.99886
   772.0        0.08209        0.99992        0.99886
   773.0        0.08204        0.99992        0.99887
   774.0        0.08199        0.99992        0.99887
   775.0        0.08194        0.99992        0.99887
   776.0        0.08189        0.99992        0.99887
   777.0        0.08184        0.99992        0.99888
   778.0        0.08179        0.99992        0.99888
   779.0        0.08174        0.99992        0.99888
   780.0        0.08169        0.99992        0.99888
   781.0        0.08164        0.99992        0.99888
   782.0        0.08159        0.99992        0.99889
   783.0        0.08154        0.99992        0.99889
   784.0        0.08149        0.99992        0.99889
   785.0        0.08145        0.99992        0.99889
   786.0        0.08140        0.99992        0.99890
   787.0        0.08135        0.99992        0.99890
   788.0        0.08130        0.99992        0.99890
   789.0        0.08125        0.99992        0.99890
   790.0        0.08120        0.99992        0.99890
   791.0        0.08115        0.99992        0.99891
   792.0        0.08110        0.99992        0.99891
   793.0        0.08105        0.99992        0.99891
   794.0        0.08101        0.99992        0.99891
   795.0        0.08096        0.99992        0.99891
   796.0        0.08091        0.99992        0.99892
   797.0        0.08086        0.99992        0.99892
   798.0        0.08081        0.99992        0.99892
   799.0        0.08076        0.99992        0.99892
   800.0        0.08072        0.99992        0.99892
   801.0        0.08067        0.99992        0.99893
   802.0        0.08062        0.99992        0.99893
   803.0        0.08057        0.99992        0.99893
   804.0        0.08052        0.99992        0.99893
   805.0        0.08048        0.99992        0.99893
   806.0        0.08043        0.99992        0.99894
   807.0        0.08038        0.99992        0.99894
   808.0        0.08033        0.99992        0.99894
   809.0        0.08029        0.99992        0.99894
   810.0        0.08024        0.99992        0.99894
   811.0        0.08019        0.99992        0.99895
   812.0        0.08015        0.99992        0.99895
   813.0        0.08010        0.99993        0.99895
   814.0        0.08005        0.99993        0.99895
   815.0        0.08001        0.99993        0.99895
   816.0        0.07996        0.99993        0.99896
   817.0        0.07991        0.99993        0.99896
   818.0        0.07987        0.99993        0.99896
   819.0        0.07982        0.99993        0.99896
   820.0        0.07977        0.99993        0.99896
   821.0        0.07973        0.99993        0.99897
   822.0        0.07968        0.99993        0.99897
   823.0        0.07964        0.99993        0.99897
   824.0        0.07959        0.99993        0.99897
   825.0        0.07954        0.99993        0.99897
   826.0        0.07950        0.99993        0.99898
   827.0        0.07945        0.99993        0.99898
   828.0        0.07941        0.99993        0.99898
   829.0        0.07936        0.99993        0.99898
   830.0        0.07932        0.99993        0.99898
   831.0        0.07927        0.99993        0.99899
   832.0        0.07922        0.99993        0.99899
   833.0        0.07918        0.99993        0.99899
   834.0        0.07913        0.99993        0.99899
   835.0        0.07909        0.99993        0.99899
   836.0        0.07904        0.99993        0.99899
   837.0        0.07900        0.99993        0.99900
   838.0        0.07895        0.99993        0.99900
   839.0        0.07891        0.99993        0.99900
   840.0        0.07886        0.99993        0.99900
   841.0        0.07882        0.99993        0.99900
   842.0        0.07878        0.99993        0.99901
   843.0        0.07873        0.99993        0.99901
   844.0        0.07869        0.99993        0.99901
   845.0        0.07864        0.99993        0.99901
   846.0        0.07860        0.99993        0.99901
   847.0        0.07855        0.99993        0.99901
   848.0        0.07851        0.99993        0.99902
   849.0        0.07847        0.99993        0.99902
   850.0        0.07842        0.99993        0.99902
   851.0        0.07838        0.99993        0.99902
   852.0        0.07833        0.99993        0.99902
   853.0        0.07829        0.99993        0.99902
   854.0        0.07825        0.99993        0.99903
   855.0        0.07820        0.99993        0.99903
   856.0        0.07816        0.99993        0.99903
   857.0        0.07812        0.99993        0.99903
   858.0        0.07807        0.99993        0.99903
   859.0        0.07803        0.99993        0.99904
   860.0        0.07799        0.99993        0.99904
   861.0        0.07794        0.99993        0.99904
   862.0        0.07790        0.99993        0.99904
   863.0        0.07786        0.99993        0.99904
   864.0        0.07782        0.99993        0.99904
   865.0        0.07777        0.99993        0.99905
   866.0        0.07773        0.99993        0.99905
   867.0        0.07769        0.99993        0.99905
   868.0        0.07764        0.99993        0.99905
   869.0        0.07760        0.99993        0.99905
   870.0        0.07756        0.99993        0.99905
   871.0        0.07752        0.99993        0.99906
   872.0        0.07748        0.99993        0.99906
   873.0        0.07743        0.99993        0.99906
   874.0        0.07739        0.99993        0.99906
   875.0        0.07735        0.99993        0.99906
   876.0        0.07731        0.99993        0.99906
   877.0        0.07727        0.99993        0.99907
   878.0        0.07722        0.99993        0.99907
   879.0        0.07718        0.99993        0.99907
   880.0        0.07714        0.99993        0.99907
   881.0        0.07710        0.99993        0.99907
   882.0        0.07706        0.99993        0.99907
   883.0        0.07702        0.99993        0.99907
   884.0        0.07697        0.99993        0.99908
   885.0        0.07693        0.99993        0.99908
   886.0        0.07689        0.99993        0.99908
   887.0        0.07685        0.99994        0.99908
   888.0        0.07681        0.99994        0.99908
   889.0        0.07677        0.99994        0.99908
   890.0        0.07673        0.99994        0.99909
   891.0        0.07669        0.99994        0.99909
   892.0        0.07664        0.99994        0.99909
   893.0        0.07660        0.99994        0.99909
   894.0        0.07656        0.99994        0.99909
   895.0        0.07652        0.99994        0.99909
   896.0        0.07648        0.99994        0.99910
   897.0        0.07644        0.99994        0.99910
   898.0        0.07640        0.99994        0.99910
   899.0        0.07636        0.99994        0.99910
   900.0        0.07632        0.99994        0.99910
   901.0        0.07628        0.99994        0.99910
   902.0        0.07624        0.99994        0.99910
   903.0        0.07620        0.99994        0.99911
   904.0        0.07616        0.99994        0.99911
   905.0        0.07612        0.99994        0.99911
   906.0        0.07608        0.99994        0.99911
   907.0        0.07604        0.99994        0.99911
   908.0        0.07600        0.99994        0.99911
   909.0        0.07596        0.99994        0.99911
   910.0        0.07592        0.99994        0.99912
   911.0        0.07588        0.99994        0.99912
   912.0        0.07584        0.99994        0.99912
   913.0        0.07580        0.99994        0.99912
   914.0        0.07576        0.99994        0.99912
   915.0        0.07572        0.99994        0.99912
   916.0        0.07568        0.99994        0.99913
   917.0        0.07564        0.99994        0.99913
   918.0        0.07561        0.99994        0.99913
   919.0        0.07557        0.99994        0.99913
   920.0        0.07553        0.99994        0.99913
   921.0        0.07549        0.99994        0.99913
   922.0        0.07545        0.99994        0.99913
   923.0        0.07541        0.99994        0.99914
   924.0        0.07537        0.99994        0.99914
   925.0        0.07533        0.99994        0.99914
   926.0        0.07529        0.99994        0.99914
   927.0        0.07526        0.99994        0.99914
   928.0        0.07522        0.99994        0.99914
   929.0        0.07518        0.99994        0.99914
   930.0        0.07514        0.99994        0.99915
   931.0        0.07510        0.99994        0.99915
   932.0        0.07506        0.99994        0.99915
   933.0        0.07503        0.99994        0.99915
   934.0        0.07499        0.99994        0.99915
   935.0        0.07495        0.99994        0.99915
   936.0        0.07491        0.99994        0.99915
   937.0        0.07487        0.99994        0.99915
   938.0        0.07484        0.99994        0.99916
   939.0        0.07480        0.99994        0.99916
   940.0        0.07476        0.99994        0.99916
   941.0        0.07472        0.99994        0.99916
   942.0        0.07468        0.99994        0.99916
   943.0        0.07465        0.99994        0.99916
   944.0        0.07461        0.99994        0.99916
   945.0        0.07457        0.99994        0.99917
   946.0        0.07453        0.99994        0.99917
   947.0        0.07450        0.99994        0.99917
   948.0        0.07446        0.99994        0.99917
   949.0        0.07442        0.99994        0.99917
   950.0        0.07438        0.99994        0.99917
   951.0        0.07435        0.99994        0.99917
   952.0        0.07431        0.99994        0.99917
   953.0        0.07427        0.99994        0.99918
   954.0        0.07424        0.99994        0.99918
   955.0        0.07420        0.99994        0.99918
   956.0        0.07416        0.99994        0.99918
   957.0        0.07413        0.99994        0.99918
   958.0        0.07409        0.99994        0.99918
   959.0        0.07405        0.99994        0.99918
   960.0        0.07402        0.99994        0.99919
   961.0        0.07398        0.99994        0.99919
   962.0        0.07394        0.99994        0.99919
   963.0        0.07391        0.99994        0.99919
   964.0        0.07387        0.99994        0.99919
   965.0        0.07383        0.99994        0.99919
   966.0        0.07380        0.99994        0.99919
   967.0        0.07376        0.99994        0.99919
   968.0        0.07372        0.99994        0.99920
   969.0        0.07369        0.99994        0.99920
   970.0        0.07365        0.99994        0.99920
   971.0        0.07362        0.99994        0.99920
   972.0        0.07358        0.99994        0.99920
   973.0        0.07354        0.99994        0.99920
   974.0        0.07351        0.99994        0.99920
   975.0        0.07347        0.99994        0.99920
   976.0        0.07344        0.99994        0.99921
   977.0        0.07340        0.99994        0.99921
   978.0        0.07337        0.99994        0.99921
   979.0        0.07333        0.99994        0.99921
   980.0        0.07329        0.99994        0.99921
   981.0        0.07326        0.99995        0.99921
   982.0        0.07322        0.99995        0.99921
   983.0        0.07319        0.99995        0.99921
   984.0        0.07315        0.99995        0.99922
   985.0        0.07312        0.99995        0.99922
   986.0        0.07308        0.99995        0.99922
   987.0        0.07305        0.99995        0.99922
   988.0        0.07301        0.99995        0.99922
   989.0        0.07298        0.99995        0.99922
   990.0        0.07294        0.99995        0.99922
   991.0        0.07291        0.99995        0.99922
   992.0        0.07287        0.99995        0.99923
   993.0        0.07284        0.99995        0.99923
   994.0        0.07280        0.99995        0.99923
   995.0        0.07277        0.99995        0.99923
   996.0        0.07273        0.99995        0.99923
   997.0        0.07270        0.99995        0.99923
   998.0        0.07266        0.99995        0.99923
   999.0        0.07263        0.99995        0.99923
  1000.0        0.07259        0.99995        0.99923
