 Cesium_Iodide       
 Density =    4.510000      Aeff =    129.9632      Zeff =    54.02400    
     1.0    41409.53516        0.00043        0.00134
     2.0     9519.92871        0.00247        0.00263
     3.0     3539.73145        0.00530        0.00528
     4.0     1711.37048        0.00773        0.01002
     5.0     2344.96875        0.00384        0.01792
     6.0     2875.09033        0.00626        0.01036
     7.0     1952.26563        0.00930        0.01155
     8.0     1372.40466        0.01225        0.01369
     9.0     1012.86957        0.01507        0.01638
    10.0      770.03229        0.01801        0.01936
    11.0      597.08105        0.02108        0.02263
    12.0      473.57449        0.02416        0.02626
    13.0      382.77853        0.02730        0.03021
    14.0      314.40005        0.03047        0.03432
    15.0      261.76257        0.03371        0.03860
    16.0      219.69406        0.03707        0.04324
    17.0      186.38602        0.04037        0.04828
    18.0      159.68443        0.04366        0.05337
    19.0      137.98569        0.04688        0.05879
    20.0      120.14394        0.05002        0.06462
    21.0      105.33716        0.05308        0.07083
    22.0       92.92913        0.05607        0.07745
    23.0       82.38291        0.05896        0.08459
    24.0       73.29753        0.06191        0.09194
    25.0       65.51569        0.06458        0.09982
    26.0       58.82696        0.06726        0.10802
    27.0       53.02773        0.06961        0.11712
    28.0       47.97684        0.07178        0.12691
    29.0       43.54890        0.07362        0.13777
    30.0       39.65376        0.07504        0.14997
    31.0       36.19426        0.07569        0.16443
    32.0       33.06946        0.07457        0.18419
    33.0       30.18735        0.07006        0.21647
    34.0       88.58422        0.02672        0.19460
    35.0       82.12408        0.02819        0.20014
    36.0      135.19267        0.01631        0.21134
    37.0      126.26645        0.02038        0.18217
    38.0      117.91467        0.02249        0.17774
    39.0      110.27530        0.02422        0.17740
    40.0      103.29420        0.02579        0.17876
    41.0       96.90594        0.02727        0.18113
    42.0       91.04335        0.02861        0.18447
    43.0       85.66277        0.02994        0.18804
    44.0       80.71690        0.03127        0.19168
    45.0       76.15604        0.03255        0.19584
    46.0       71.94484        0.03380        0.20029
    47.0       68.05196        0.03505        0.20463
    48.0       64.44655        0.03630        0.20910
    49.0       61.09969        0.03750        0.21392
    50.0       57.99364        0.03875        0.21852
    51.0       55.05157        0.04006        0.22312
    52.0       52.31252        0.04135        0.22786
    53.0       49.75621        0.04259        0.23307
    54.0       47.37169        0.04384        0.23821
    55.0       45.13342        0.04515        0.24323
    56.0       43.00288        0.04650        0.24832
    57.0       41.00692        0.04779        0.25377
    58.0       39.13726        0.04910        0.25927
    59.0       37.38549        0.05045        0.26459
    60.0       35.74089        0.05181        0.26993
    61.0       34.18990        0.05315        0.27548
    62.0       32.72979        0.05448        0.28123
    63.0       31.35663        0.05585        0.28676
    64.0       30.06285        0.05725        0.29222
    65.0       28.84146        0.05864        0.29756
    66.0       27.68724        0.06000        0.30286
    67.0       26.59605        0.06136        0.30825
    68.0       25.56420        0.06273        0.31360
    69.0       24.58758        0.06412        0.31892
    70.0       23.66237        0.06553        0.32421
    71.0       22.78520        0.06694        0.32951
    72.0       21.95283        0.06836        0.33482
    73.0       21.16222        0.06978        0.34019
    74.0       20.41107        0.07122        0.34552
    75.0       19.69695        0.07267        0.35082
    76.0       19.01752        0.07414        0.35609
    77.0       18.37067        0.07562        0.36133
    78.0       17.75442        0.07712        0.36655
    79.0       17.16686        0.07862        0.37177
    80.0       16.60644        0.08014        0.37695
    81.0       16.06492        0.08171        0.38210
    82.0       15.54803        0.08330        0.38721
    83.0       15.05430        0.08490        0.39231
    84.0       14.58241        0.08651        0.39740
    85.0       14.13109        0.08813        0.40249
    86.0       13.69935        0.08976        0.40755
    87.0       13.28604        0.09141        0.41252
    88.0       12.89015        0.09306        0.41740
    89.0       12.51084        0.09473        0.42225
    90.0       12.14716        0.09640        0.42702
    91.0       11.79825        0.09809        0.43172
    92.0       11.46347        0.09978        0.43638
    93.0       11.14212        0.10150        0.44101
    94.0       10.83351        0.10322        0.44559
    95.0       10.53702        0.10497        0.45014
    96.0       10.25204        0.10672        0.45464
    97.0        9.97801        0.10850        0.45911
    98.0        9.71435        0.11028        0.46357
    99.0        9.46061        0.11207        0.46798
   100.0        9.21633        0.11388        0.47236
   101.0        8.97754        0.11572        0.47653
   102.0        8.74757        0.11757        0.48065
   103.0        8.52599        0.11943        0.48474
   104.0        8.31240        0.12130        0.48880
   105.0        8.10648        0.12319        0.49282
   106.0        7.90781        0.12509        0.49682
   107.0        7.71608        0.12700        0.50081
   108.0        7.53103        0.12892        0.50477
   109.0        7.35235        0.13085        0.50868
   110.0        7.17980        0.13280        0.51256
   111.0        7.01308        0.13476        0.51640
   112.0        6.85195        0.13673        0.52021
   113.0        6.69618        0.13872        0.52398
   114.0        6.54548        0.14071        0.52775
   115.0        6.39968        0.14271        0.53151
   116.0        6.25859        0.14473        0.53523
   117.0        6.12204        0.14675        0.53891
   118.0        5.98984        0.14879        0.54256
   119.0        5.86181        0.15085        0.54617
   120.0        5.73779        0.15291        0.54975
   121.0        5.61762        0.15499        0.55329
   122.0        5.50114        0.15708        0.55680
   123.0        5.38822        0.15918        0.56028
   124.0        5.27871        0.16128        0.56373
   125.0        5.17245        0.16340        0.56717
   126.0        5.06938        0.16553        0.57056
   127.0        4.96935        0.16768        0.57393
   128.0        4.87223        0.16983        0.57726
   129.0        4.77796        0.17199        0.58056
   130.0        4.68641        0.17417        0.58383
   131.0        4.59747        0.17636        0.58706
   132.0        4.51105        0.17855        0.59027
   133.0        4.42709        0.18076        0.59344
   134.0        4.34544        0.18298        0.59660
   135.0        4.26607        0.18520        0.59972
   136.0        4.18891        0.18744        0.60282
   137.0        4.11388        0.18968        0.60588
   138.0        4.04088        0.19193        0.60892
   139.0        3.96987        0.19420        0.61192
   140.0        3.90073        0.19647        0.61489
   141.0        3.83345        0.19875        0.61784
   142.0        3.76792        0.20104        0.62076
   143.0        3.70411        0.20334        0.62366
   144.0        3.64196        0.20565        0.62652
   145.0        3.58142        0.20796        0.62936
   146.0        3.52242        0.21029        0.63217
   147.0        3.46493        0.21262        0.63495
   148.0        3.40889        0.21496        0.63771
   149.0        3.35425        0.21731        0.64044
   150.0        3.30098        0.21967        0.64314
   151.0        3.24907        0.22203        0.64581
   152.0        3.19822        0.22436        0.64836
   153.0        3.14855        0.22667        0.65085
   154.0        3.10008        0.22899        0.65332
   155.0        3.05279        0.23132        0.65577
   156.0        3.00661        0.23365        0.65819
   157.0        2.96153        0.23599        0.66059
   158.0        2.91752        0.23833        0.66296
   159.0        2.87453        0.24068        0.66532
   160.0        2.83253        0.24303        0.66766
   161.0        2.79150        0.24539        0.66997
   162.0        2.75142        0.24775        0.67225
   163.0        2.71225        0.25012        0.67452
   164.0        2.67396        0.25249        0.67677
   165.0        2.63654        0.25487        0.67900
   166.0        2.59995        0.25725        0.68121
   167.0        2.56418        0.25964        0.68339
   168.0        2.52920        0.26203        0.68555
   169.0        2.49498        0.26442        0.68770
   170.0        2.46152        0.26682        0.68982
   171.0        2.42878        0.26922        0.69192
   172.0        2.39673        0.27163        0.69401
   173.0        2.36538        0.27403        0.69608
   174.0        2.33471        0.27644        0.69813
   175.0        2.30470        0.27885        0.70016
   176.0        2.27532        0.28126        0.70218
   177.0        2.24655        0.28367        0.70418
   178.0        2.21837        0.28608        0.70616
   179.0        2.19078        0.28850        0.70812
   180.0        2.16376        0.29092        0.71007
   181.0        2.13729        0.29334        0.71199
   182.0        2.11135        0.29576        0.71390
   183.0        2.08594        0.29819        0.71579
   184.0        2.06104        0.30062        0.71767
   185.0        2.03663        0.30304        0.71952
   186.0        2.01271        0.30547        0.72136
   187.0        1.98926        0.30791        0.72318
   188.0        1.96627        0.31034        0.72499
   189.0        1.94373        0.31277        0.72678
   190.0        1.92163        0.31520        0.72855
   191.0        1.89995        0.31764        0.73031
   192.0        1.87868        0.32007        0.73206
   193.0        1.85783        0.32250        0.73379
   194.0        1.83736        0.32494        0.73550
   195.0        1.81729        0.32737        0.73720
   196.0        1.79759        0.32981        0.73888
   197.0        1.77826        0.33224        0.74056
   198.0        1.75928        0.33467        0.74221
   199.0        1.74066        0.33710        0.74386
   200.0        1.72237        0.33953        0.74549
   201.0        1.70476        0.34190        0.74710
   202.0        1.68746        0.34426        0.74870
   203.0        1.67048        0.34662        0.75028
   204.0        1.65378        0.34898        0.75186
   205.0        1.63739        0.35134        0.75342
   206.0        1.62128        0.35369        0.75496
   207.0        1.60545        0.35605        0.75650
   208.0        1.58990        0.35840        0.75801
   209.0        1.57462        0.36075        0.75952
   210.0        1.55960        0.36310        0.76101
   211.0        1.54483        0.36545        0.76249
   212.0        1.53032        0.36779        0.76396
   213.0        1.51605        0.37014        0.76542
   214.0        1.50200        0.37247        0.76685
   215.0        1.48807        0.37475        0.76822
   216.0        1.47438        0.37703        0.76959
   217.0        1.46090        0.37930        0.77094
   218.0        1.44766        0.38158        0.77228
   219.0        1.43462        0.38385        0.77361
   220.0        1.42180        0.38611        0.77493
   221.0        1.40919        0.38838        0.77623
   222.0        1.39678        0.39064        0.77753
   223.0        1.38457        0.39290        0.77881
   224.0        1.37256        0.39515        0.78008
   225.0        1.36073        0.39740        0.78134
   226.0        1.34909        0.39965        0.78260
   227.0        1.33764        0.40189        0.78384
   228.0        1.32636        0.40413        0.78507
   229.0        1.31526        0.40637        0.78629
   230.0        1.30433        0.40860        0.78750
   231.0        1.29358        0.41083        0.78870
   232.0        1.28299        0.41305        0.78989
   233.0        1.27256        0.41527        0.79107
   234.0        1.26229        0.41748        0.79224
   235.0        1.25218        0.41970        0.79340
   236.0        1.24222        0.42190        0.79455
   237.0        1.23241        0.42411        0.79570
   238.0        1.22274        0.42630        0.79683
   239.0        1.21321        0.42849        0.79796
   240.0        1.20383        0.43068        0.79908
   241.0        1.19459        0.43287        0.80019
   242.0        1.18548        0.43504        0.80129
   243.0        1.17650        0.43722        0.80238
   244.0        1.16765        0.43939        0.80347
   245.0        1.15893        0.44155        0.80454
   246.0        1.15034        0.44371        0.80561
   247.0        1.14187        0.44586        0.80667
   248.0        1.13352        0.44801        0.80772
   249.0        1.12529        0.45015        0.80876
   250.0        1.11718        0.45229        0.80979
   251.0        1.10918        0.45443        0.81082
   252.0        1.10129        0.45656        0.81184
   253.0        1.09351        0.45868        0.81284
   254.0        1.08585        0.46079        0.81385
   255.0        1.07829        0.46290        0.81484
   256.0        1.07084        0.46501        0.81582
   257.0        1.06349        0.46711        0.81680
   258.0        1.05624        0.46920        0.81777
   259.0        1.04909        0.47129        0.81873
   260.0        1.04203        0.47337        0.81969
   261.0        1.03507        0.47545        0.82063
   262.0        1.02821        0.47752        0.82157
   263.0        1.02143        0.47959        0.82250
   264.0        1.01475        0.48165        0.82343
   265.0        1.00815        0.48370        0.82435
   266.0        1.00164        0.48575        0.82526
   267.0        0.99522        0.48779        0.82617
   268.0        0.98888        0.48983        0.82707
   269.0        0.98262        0.49186        0.82796
   270.0        0.97645        0.49388        0.82884
   271.0        0.97035        0.49590        0.82972
   272.0        0.96433        0.49791        0.83059
   273.0        0.95840        0.49992        0.83145
   274.0        0.95253        0.50192        0.83231
   275.0        0.94674        0.50391        0.83316
   276.0        0.94102        0.50590        0.83401
   277.0        0.93538        0.50788        0.83485
   278.0        0.92981        0.50986        0.83568
   279.0        0.92430        0.51183        0.83651
   280.0        0.91887        0.51379        0.83733
   281.0        0.91350        0.51575        0.83814
   282.0        0.90820        0.51770        0.83895
   283.0        0.90296        0.51965        0.83975
   284.0        0.89779        0.52158        0.84055
   285.0        0.89268        0.52352        0.84134
   286.0        0.88763        0.52544        0.84212
   287.0        0.88265        0.52736        0.84290
   288.0        0.87772        0.52927        0.84367
   289.0        0.87285        0.53118        0.84444
   290.0        0.86805        0.53308        0.84520
   291.0        0.86330        0.53497        0.84596
   292.0        0.85860        0.53686        0.84671
   293.0        0.85396        0.53874        0.84746
   294.0        0.84938        0.54062        0.84820
   295.0        0.84485        0.54248        0.84893
   296.0        0.84037        0.54434        0.84966
   297.0        0.83595        0.54620        0.85038
   298.0        0.83157        0.54805        0.85110
   299.0        0.82725        0.54989        0.85182
   300.0        0.82297        0.55172        0.85253
   301.0        0.81875        0.55355        0.85323
   302.0        0.81458        0.55537        0.85393
   303.0        0.81045        0.55718        0.85463
   304.0        0.80637        0.55899        0.85532
   305.0        0.80234        0.56078        0.85600
   306.0        0.79835        0.56258        0.85668
   307.0        0.79441        0.56436        0.85736
   308.0        0.79051        0.56614        0.85803
   309.0        0.78665        0.56792        0.85870
   310.0        0.78284        0.56968        0.85936
   311.0        0.77907        0.57144        0.86001
   312.0        0.77534        0.57320        0.86067
   313.0        0.77165        0.57494        0.86131
   314.0        0.76801        0.57668        0.86196
   315.0        0.76436        0.57839        0.86258
   316.0        0.76072        0.58008        0.86319
   317.0        0.75711        0.58176        0.86380
   318.0        0.75355        0.58343        0.86440
   319.0        0.75002        0.58510        0.86500
   320.0        0.74653        0.58676        0.86559
   321.0        0.74308        0.58842        0.86618
   322.0        0.73966        0.59006        0.86677
   323.0        0.73628        0.59171        0.86735
   324.0        0.73293        0.59334        0.86793
   325.0        0.72962        0.59497        0.86851
   326.0        0.72635        0.59659        0.86908
   327.0        0.72311        0.59820        0.86964
   328.0        0.71990        0.59981        0.87021
   329.0        0.71672        0.60142        0.87077
   330.0        0.71358        0.60301        0.87132
   331.0        0.71047        0.60460        0.87187
   332.0        0.70738        0.60618        0.87242
   333.0        0.70434        0.60776        0.87297
   334.0        0.70132        0.60933        0.87351
   335.0        0.69833        0.61090        0.87405
   336.0        0.69537        0.61245        0.87458
   337.0        0.69244        0.61401        0.87511
   338.0        0.68954        0.61555        0.87564
   339.0        0.68667        0.61709        0.87617
   340.0        0.68382        0.61862        0.87669
   341.0        0.68101        0.62015        0.87721
   342.0        0.67822        0.62167        0.87772
   343.0        0.67546        0.62318        0.87823
   344.0        0.67272        0.62469        0.87874
   345.0        0.67001        0.62619        0.87925
   346.0        0.66733        0.62768        0.87975
   347.0        0.66474        0.62911        0.88025
   348.0        0.66223        0.63048        0.88074
   349.0        0.65974        0.63184        0.88123
   350.0        0.65727        0.63320        0.88172
   351.0        0.65482        0.63456        0.88221
   352.0        0.65240        0.63591        0.88269
   353.0        0.65000        0.63725        0.88317
   354.0        0.64762        0.63859        0.88364
   355.0        0.64526        0.63992        0.88412
   356.0        0.64292        0.64125        0.88459
   357.0        0.64060        0.64257        0.88505
   358.0        0.63830        0.64389        0.88552
   359.0        0.63603        0.64520        0.88598
   360.0        0.63377        0.64650        0.88644
   361.0        0.63154        0.64780        0.88689
   362.0        0.62932        0.64910        0.88734
   363.0        0.62712        0.65039        0.88779
   364.0        0.62494        0.65167        0.88824
   365.0        0.62278        0.65295        0.88869
   366.0        0.62064        0.65422        0.88913
   367.0        0.61852        0.65549        0.88956
   368.0        0.61641        0.65676        0.89000
   369.0        0.61433        0.65801        0.89043
   370.0        0.61226        0.65927        0.89086
   371.0        0.61021        0.66052        0.89129
   372.0        0.60817        0.66176        0.89172
   373.0        0.60615        0.66300        0.89214
   374.0        0.60416        0.66423        0.89256
   375.0        0.60217        0.66546        0.89298
   376.0        0.60021        0.66668        0.89339
   377.0        0.59825        0.66789        0.89381
   378.0        0.59632        0.66910        0.89422
   379.0        0.59440        0.67031        0.89462
   380.0        0.59250        0.67151        0.89503
   381.0        0.59061        0.67271        0.89543
   382.0        0.58874        0.67390        0.89583
   383.0        0.58689        0.67509        0.89623
   384.0        0.58505        0.67627        0.89662
   385.0        0.58322        0.67744        0.89701
   386.0        0.58141        0.67861        0.89740
   387.0        0.57962        0.67978        0.89779
   388.0        0.57784        0.68094        0.89818
   389.0        0.57607        0.68210        0.89856
   390.0        0.57432        0.68325        0.89894
   391.0        0.57258        0.68440        0.89932
   392.0        0.57085        0.68554        0.89970
   393.0        0.56914        0.68668        0.90007
   394.0        0.56744        0.68781        0.90044
   395.0        0.56575        0.68894        0.90081
   396.0        0.56408        0.69006        0.90118
   397.0        0.56242        0.69118        0.90155
   398.0        0.56078        0.69229        0.90191
   399.0        0.55914        0.69340        0.90227
   400.0        0.55752        0.69450        0.90263
   401.0        0.55592        0.69560        0.90299
   402.0        0.55432        0.69669        0.90334
   403.0        0.55274        0.69778        0.90370
   404.0        0.55117        0.69887        0.90405
   405.0        0.54961        0.69995        0.90440
   406.0        0.54807        0.70102        0.90474
   407.0        0.54653        0.70209        0.90509
   408.0        0.54501        0.70316        0.90543
   409.0        0.54350        0.70422        0.90577
   410.0        0.54199        0.70527        0.90611
   411.0        0.54050        0.70632        0.90645
   412.0        0.53903        0.70737        0.90678
   413.0        0.53756        0.70842        0.90712
   414.0        0.53610        0.70945        0.90745
   415.0        0.53466        0.71049        0.90778
   416.0        0.53322        0.71152        0.90811
   417.0        0.53180        0.71254        0.90843
   418.0        0.53038        0.71356        0.90876
   419.0        0.52898        0.71458        0.90908
   420.0        0.52758        0.71559        0.90940
   421.0        0.52620        0.71660        0.90972
   422.0        0.52483        0.71761        0.91004
   423.0        0.52346        0.71860        0.91035
   424.0        0.52211        0.71960        0.91067
   425.0        0.52076        0.72059        0.91098
   426.0        0.51943        0.72158        0.91129
   427.0        0.51810        0.72256        0.91160
   428.0        0.51679        0.72354        0.91191
   429.0        0.51548        0.72451        0.91222
   430.0        0.51418        0.72548        0.91252
   431.0        0.51289        0.72645        0.91282
   432.0        0.51161        0.72741        0.91312
   433.0        0.51034        0.72836        0.91342
   434.0        0.50908        0.72932        0.91372
   435.0        0.50782        0.73027        0.91402
   436.0        0.50658        0.73121        0.91431
   437.0        0.50534        0.73215        0.91461
   438.0        0.50412        0.73309        0.91490
   439.0        0.50290        0.73402        0.91519
   440.0        0.50169        0.73495        0.91548
   441.0        0.50048        0.73588        0.91576
   442.0        0.49929        0.73680        0.91605
   443.0        0.49810        0.73771        0.91633
   444.0        0.49692        0.73863        0.91662
   445.0        0.49575        0.73954        0.91690
   446.0        0.49459        0.74044        0.91718
   447.0        0.49344        0.74134        0.91746
   448.0        0.49229        0.74224        0.91773
   449.0        0.49115        0.74313        0.91801
   450.0        0.49002        0.74402        0.91828
   451.0        0.48890        0.74491        0.91855
   452.0        0.48778        0.74579        0.91882
   453.0        0.48667        0.74667        0.91909
   454.0        0.48557        0.74754        0.91936
   455.0        0.48447        0.74841        0.91963
   456.0        0.48339        0.74928        0.91989
   457.0        0.48231        0.75014        0.92016
   458.0        0.48123        0.75100        0.92042
   459.0        0.48017        0.75186        0.92068
   460.0        0.47911        0.75271        0.92094
   461.0        0.47805        0.75356        0.92120
   462.0        0.47701        0.75441        0.92145
   463.0        0.47597        0.75525        0.92171
   464.0        0.47494        0.75609        0.92196
   465.0        0.47391        0.75692        0.92222
   466.0        0.47289        0.75775        0.92247
   467.0        0.47188        0.75858        0.92272
   468.0        0.47087        0.75940        0.92297
   469.0        0.46987        0.76022        0.92322
   470.0        0.46887        0.76104        0.92346
   471.0        0.46789        0.76185        0.92371
   472.0        0.46690        0.76266        0.92395
   473.0        0.46593        0.76347        0.92420
   474.0        0.46496        0.76427        0.92444
   475.0        0.46400        0.76507        0.92468
   476.0        0.46301        0.76585        0.92491
   477.0        0.46202        0.76662        0.92514
   478.0        0.46103        0.76739        0.92537
   479.0        0.46006        0.76816        0.92560
   480.0        0.45908        0.76892        0.92582
   481.0        0.45812        0.76968        0.92605
   482.0        0.45715        0.77044        0.92627
   483.0        0.45620        0.77119        0.92650
   484.0        0.45525        0.77194        0.92672
   485.0        0.45430        0.77269        0.92694
   486.0        0.45336        0.77343        0.92716
   487.0        0.45243        0.77417        0.92738
   488.0        0.45150        0.77491        0.92760
   489.0        0.45058        0.77564        0.92781
   490.0        0.44966        0.77637        0.92803
   491.0        0.44875        0.77710        0.92824
   492.0        0.44784        0.77783        0.92846
   493.0        0.44694        0.77855        0.92867
   494.0        0.44605        0.77927        0.92888
   495.0        0.44516        0.77998        0.92909
   496.0        0.44427        0.78070        0.92930
   497.0        0.44339        0.78141        0.92951
   498.0        0.44251        0.78211        0.92972
   499.0        0.44164        0.78282        0.92992
   500.0        0.44078        0.78352        0.93013
   501.0        0.43995        0.78415        0.93034
   502.0        0.43914        0.78477        0.93054
   503.0        0.43832        0.78540        0.93074
   504.0        0.43752        0.78602        0.93094
   505.0        0.43671        0.78664        0.93114
   506.0        0.43591        0.78725        0.93134
   507.0        0.43512        0.78787        0.93154
   508.0        0.43432        0.78848        0.93174
   509.0        0.43354        0.78909        0.93194
   510.0        0.43275        0.78970        0.93213
   511.0        0.43197        0.79030        0.93233
   512.0        0.43120        0.79090        0.93252
   513.0        0.43043        0.79150        0.93272
   514.0        0.42966        0.79210        0.93291
   515.0        0.42890        0.79270        0.93310
   516.0        0.42814        0.79329        0.93329
   517.0        0.42738        0.79388        0.93348
   518.0        0.42663        0.79447        0.93367
   519.0        0.42588        0.79505        0.93386
   520.0        0.42514        0.79564        0.93405
   521.0        0.42440        0.79622        0.93423
   522.0        0.42366        0.79680        0.93442
   523.0        0.42293        0.79737        0.93460
   524.0        0.42220        0.79795        0.93479
   525.0        0.42148        0.79852        0.93497
   526.0        0.42076        0.79909        0.93515
   527.0        0.42004        0.79966        0.93533
   528.0        0.41932        0.80023        0.93551
   529.0        0.41861        0.80079        0.93569
   530.0        0.41791        0.80135        0.93587
   531.0        0.41720        0.80191        0.93605
   532.0        0.41650        0.80247        0.93623
   533.0        0.41581        0.80302        0.93641
   534.0        0.41511        0.80358        0.93658
   535.0        0.41442        0.80413        0.93676
   536.0        0.41374        0.80468        0.93693
   537.0        0.41305        0.80522        0.93710
   538.0        0.41238        0.80577        0.93728
   539.0        0.41170        0.80631        0.93745
   540.0        0.41103        0.80685        0.93762
   541.0        0.41036        0.80739        0.93779
   542.0        0.40969        0.80793        0.93796
   543.0        0.40903        0.80846        0.93813
   544.0        0.40837        0.80899        0.93830
   545.0        0.40771        0.80952        0.93846
   546.0        0.40706        0.81005        0.93863
   547.0        0.40641        0.81058        0.93880
   548.0        0.40576        0.81110        0.93896
   549.0        0.40511        0.81162        0.93913
   550.0        0.40447        0.81214        0.93929
   551.0        0.40384        0.81266        0.93945
   552.0        0.40320        0.81318        0.93962
   553.0        0.40257        0.81369        0.93978
   554.0        0.40194        0.81420        0.93994
   555.0        0.40131        0.81471        0.94010
   556.0        0.40069        0.81522        0.94026
   557.0        0.40007        0.81573        0.94042
   558.0        0.39945        0.81623        0.94058
   559.0        0.39884        0.81674        0.94074
   560.0        0.39823        0.81724        0.94089
   561.0        0.39762        0.81774        0.94105
   562.0        0.39701        0.81823        0.94121
   563.0        0.39641        0.81873        0.94136
   564.0        0.39581        0.81922        0.94151
   565.0        0.39521        0.81971        0.94167
   566.0        0.39461        0.82020        0.94182
   567.0        0.39402        0.82069        0.94197
   568.0        0.39343        0.82118        0.94213
   569.0        0.39284        0.82166        0.94228
   570.0        0.39226        0.82214        0.94243
   571.0        0.39168        0.82262        0.94258
   572.0        0.39110        0.82310        0.94273
   573.0        0.39052        0.82358        0.94288
   574.0        0.38995        0.82405        0.94302
   575.0        0.38938        0.82453        0.94317
   576.0        0.38881        0.82500        0.94332
   577.0        0.38824        0.82547        0.94346
   578.0        0.38768        0.82594        0.94361
   579.0        0.38712        0.82640        0.94375
   580.0        0.38656        0.82687        0.94390
   581.0        0.38600        0.82733        0.94404
   582.0        0.38545        0.82779        0.94419
   583.0        0.38490        0.82825        0.94433
   584.0        0.38435        0.82871        0.94447
   585.0        0.38380        0.82917        0.94461
   586.0        0.38326        0.82962        0.94475
   587.0        0.38272        0.83007        0.94489
   588.0        0.38218        0.83052        0.94503
   589.0        0.38164        0.83097        0.94517
   590.0        0.38111        0.83142        0.94531
   591.0        0.38057        0.83187        0.94545
   592.0        0.38004        0.83231        0.94559
   593.0        0.37952        0.83275        0.94572
   594.0        0.37899        0.83320        0.94586
   595.0        0.37847        0.83364        0.94599
   596.0        0.37795        0.83407        0.94613
   597.0        0.37743        0.83451        0.94626
   598.0        0.37691        0.83494        0.94640
   599.0        0.37640        0.83538        0.94653
   600.0        0.37589        0.83581        0.94666
   601.0        0.37538        0.83624        0.94680
   602.0        0.37487        0.83666        0.94693
   603.0        0.37436        0.83709        0.94706
   604.0        0.37386        0.83751        0.94719
   605.0        0.37336        0.83794        0.94732
   606.0        0.37286        0.83836        0.94745
   607.0        0.37236        0.83878        0.94758
   608.0        0.37187        0.83919        0.94771
   609.0        0.37138        0.83961        0.94784
   610.0        0.37089        0.84003        0.94796
   611.0        0.37040        0.84044        0.94809
   612.0        0.36991        0.84085        0.94822
   613.0        0.36943        0.84126        0.94834
   614.0        0.36894        0.84167        0.94847
   615.0        0.36846        0.84208        0.94859
   616.0        0.36798        0.84248        0.94872
   617.0        0.36751        0.84289        0.94884
   618.0        0.36703        0.84329        0.94897
   619.0        0.36656        0.84369        0.94909
   620.0        0.36609        0.84409        0.94921
   621.0        0.36562        0.84449        0.94934
   622.0        0.36515        0.84489        0.94946
   623.0        0.36469        0.84529        0.94958
   624.0        0.36422        0.84568        0.94970
   625.0        0.36376        0.84607        0.94982
   626.0        0.36330        0.84647        0.94994
   627.0        0.36285        0.84686        0.95006
   628.0        0.36239        0.84724        0.95018
   629.0        0.36194        0.84763        0.95030
   630.0        0.36148        0.84802        0.95042
   631.0        0.36103        0.84840        0.95053
   632.0        0.36058        0.84879        0.95065
   633.0        0.36014        0.84917        0.95077
   634.0        0.35969        0.84955        0.95088
   635.0        0.35925        0.84993        0.95100
   636.0        0.35881        0.85031        0.95111
   637.0        0.35837        0.85068        0.95123
   638.0        0.35793        0.85106        0.95134
   639.0        0.35749        0.85143        0.95146
   640.0        0.35706        0.85180        0.95157
   641.0        0.35662        0.85217        0.95168
   642.0        0.35619        0.85254        0.95180
   643.0        0.35576        0.85291        0.95191
   644.0        0.35533        0.85328        0.95202
   645.0        0.35491        0.85365        0.95213
   646.0        0.35448        0.85401        0.95224
   647.0        0.35406        0.85437        0.95236
   648.0        0.35364        0.85474        0.95247
   649.0        0.35322        0.85510        0.95258
   650.0        0.35280        0.85546        0.95269
   651.0        0.35238        0.85581        0.95279
   652.0        0.35196        0.85617        0.95290
   653.0        0.35155        0.85653        0.95301
   654.0        0.35114        0.85688        0.95312
   655.0        0.35073        0.85724        0.95323
   656.0        0.35032        0.85759        0.95333
   657.0        0.34991        0.85794        0.95344
   658.0        0.34951        0.85829        0.95355
   659.0        0.34910        0.85864        0.95365
   660.0        0.34870        0.85898        0.95376
   661.0        0.34829        0.85933        0.95386
   662.0        0.34790        0.85967        0.95397
   663.0        0.34750        0.86002        0.95407
   664.0        0.34710        0.86036        0.95418
   665.0        0.34671        0.86070        0.95428
   666.0        0.34631        0.86103        0.95438
   667.0        0.34592        0.86137        0.95449
   668.0        0.34553        0.86171        0.95459
   669.0        0.34514        0.86204        0.95469
   670.0        0.34475        0.86238        0.95479
   671.0        0.34437        0.86271        0.95490
   672.0        0.34398        0.86304        0.95500
   673.0        0.34360        0.86337        0.95510
   674.0        0.34321        0.86370        0.95520
   675.0        0.34283        0.86403        0.95530
   676.0        0.34245        0.86435        0.95540
   677.0        0.34207        0.86468        0.95550
   678.0        0.34170        0.86500        0.95560
   679.0        0.34132        0.86533        0.95570
   680.0        0.34095        0.86565        0.95579
   681.0        0.34057        0.86597        0.95589
   682.0        0.34020        0.86629        0.95599
   683.0        0.33983        0.86661        0.95609
   684.0        0.33946        0.86693        0.95618
   685.0        0.33910        0.86724        0.95628
   686.0        0.33873        0.86756        0.95638
   687.0        0.33837        0.86787        0.95647
   688.0        0.33800        0.86819        0.95657
   689.0        0.33764        0.86850        0.95666
   690.0        0.33728        0.86881        0.95676
   691.0        0.33692        0.86912        0.95685
   692.0        0.33656        0.86943        0.95695
   693.0        0.33620        0.86974        0.95704
   694.0        0.33584        0.87005        0.95714
   695.0        0.33549        0.87035        0.95723
   696.0        0.33514        0.87066        0.95732
   697.0        0.33478        0.87096        0.95741
   698.0        0.33443        0.87127        0.95751
   699.0        0.33408        0.87157        0.95760
   700.0        0.33373        0.87187        0.95769
   701.0        0.33338        0.87217        0.95778
   702.0        0.33304        0.87247        0.95787
   703.0        0.33269        0.87277        0.95796
   704.0        0.33235        0.87306        0.95805
   705.0        0.33201        0.87336        0.95814
   706.0        0.33166        0.87366        0.95823
   707.0        0.33132        0.87395        0.95832
   708.0        0.33098        0.87424        0.95841
   709.0        0.33065        0.87452        0.95850
   710.0        0.33032        0.87478        0.95859
   711.0        0.33000        0.87504        0.95868
   712.0        0.32968        0.87530        0.95876
   713.0        0.32935        0.87555        0.95885
   714.0        0.32903        0.87581        0.95894
   715.0        0.32871        0.87607        0.95903
   716.0        0.32839        0.87632        0.95911
   717.0        0.32808        0.87657        0.95920
   718.0        0.32776        0.87683        0.95929
   719.0        0.32744        0.87708        0.95937
   720.0        0.32713        0.87733        0.95946
   721.0        0.32682        0.87758        0.95954
   722.0        0.32650        0.87783        0.95963
   723.0        0.32619        0.87807        0.95971
   724.0        0.32588        0.87832        0.95979
   725.0        0.32557        0.87857        0.95988
   726.0        0.32526        0.87881        0.95996
   727.0        0.32496        0.87906        0.96005
   728.0        0.32465        0.87930        0.96013
   729.0        0.32434        0.87954        0.96021
   730.0        0.32404        0.87979        0.96029
   731.0        0.32373        0.88003        0.96038
   732.0        0.32343        0.88027        0.96046
   733.0        0.32313        0.88051        0.96054
   734.0        0.32283        0.88075        0.96062
   735.0        0.32253        0.88099        0.96070
   736.0        0.32223        0.88122        0.96078
   737.0        0.32193        0.88146        0.96086
   738.0        0.32163        0.88170        0.96094
   739.0        0.32133        0.88193        0.96102
   740.0        0.32104        0.88217        0.96110
   741.0        0.32074        0.88240        0.96118
   742.0        0.32045        0.88264        0.96126
   743.0        0.32016        0.88287        0.96134
   744.0        0.31986        0.88310        0.96142
   745.0        0.31957        0.88333        0.96150
   746.0        0.31928        0.88357        0.96158
   747.0        0.31899        0.88380        0.96166
   748.0        0.31870        0.88403        0.96173
   749.0        0.31842        0.88425        0.96181
   750.0        0.31813        0.88448        0.96189
   751.0        0.31784        0.88471        0.96197
   752.0        0.31756        0.88494        0.96204
   753.0        0.31727        0.88516        0.96212
   754.0        0.31699        0.88539        0.96220
   755.0        0.31671        0.88561        0.96227
   756.0        0.31642        0.88584        0.96235
   757.0        0.31614        0.88606        0.96242
   758.0        0.31586        0.88628        0.96250
   759.0        0.31558        0.88651        0.96257
   760.0        0.31530        0.88673        0.96265
   761.0        0.31502        0.88695        0.96272
   762.0        0.31475        0.88717        0.96280
   763.0        0.31447        0.88739        0.96287
   764.0        0.31420        0.88761        0.96294
   765.0        0.31392        0.88783        0.96302
   766.0        0.31365        0.88804        0.96309
   767.0        0.31337        0.88826        0.96316
   768.0        0.31310        0.88848        0.96324
   769.0        0.31283        0.88869        0.96331
   770.0        0.31256        0.88891        0.96338
   771.0        0.31229        0.88912        0.96345
   772.0        0.31202        0.88934        0.96353
   773.0        0.31175        0.88955        0.96360
   774.0        0.31148        0.88976        0.96367
   775.0        0.31122        0.88998        0.96374
   776.0        0.31095        0.89019        0.96381
   777.0        0.31068        0.89040        0.96388
   778.0        0.31042        0.89061        0.96395
   779.0        0.31016        0.89082        0.96402
   780.0        0.30989        0.89103        0.96409
   781.0        0.30962        0.89123        0.96416
   782.0        0.30934        0.89143        0.96423
   783.0        0.30907        0.89164        0.96430
   784.0        0.30879        0.89184        0.96436
   785.0        0.30852        0.89204        0.96443
   786.0        0.30824        0.89224        0.96450
   787.0        0.30797        0.89244        0.96457
   788.0        0.30770        0.89264        0.96463
   789.0        0.30743        0.89284        0.96470
   790.0        0.30716        0.89303        0.96476
   791.0        0.30689        0.89323        0.96483
   792.0        0.30662        0.89343        0.96490
   793.0        0.30635        0.89362        0.96496
   794.0        0.30608        0.89382        0.96503
   795.0        0.30581        0.89401        0.96509
   796.0        0.30555        0.89421        0.96516
   797.0        0.30528        0.89440        0.96522
   798.0        0.30502        0.89460        0.96529
   799.0        0.30475        0.89479        0.96535
   800.0        0.30449        0.89498        0.96541
   801.0        0.30423        0.89517        0.96548
   802.0        0.30397        0.89536        0.96554
   803.0        0.30370        0.89555        0.96561
   804.0        0.30344        0.89574        0.96567
   805.0        0.30318        0.89593        0.96573
   806.0        0.30292        0.89612        0.96579
   807.0        0.30267        0.89631        0.96586
   808.0        0.30241        0.89650        0.96592
   809.0        0.30215        0.89668        0.96598
   810.0        0.30190        0.89687        0.96604
   811.0        0.30164        0.89706        0.96611
   812.0        0.30138        0.89724        0.96617
   813.0        0.30113        0.89743        0.96623
   814.0        0.30088        0.89761        0.96629
   815.0        0.30062        0.89780        0.96635
   816.0        0.30037        0.89798        0.96641
   817.0        0.30012        0.89816        0.96647
   818.0        0.29987        0.89834        0.96654
   819.0        0.29962        0.89853        0.96660
   820.0        0.29937        0.89871        0.96666
   821.0        0.29912        0.89889        0.96672
   822.0        0.29887        0.89907        0.96678
   823.0        0.29862        0.89925        0.96684
   824.0        0.29838        0.89943        0.96690
   825.0        0.29813        0.89961        0.96696
   826.0        0.29788        0.89979        0.96702
   827.0        0.29764        0.89996        0.96707
   828.0        0.29739        0.90014        0.96713
   829.0        0.29715        0.90032        0.96719
   830.0        0.29691        0.90049        0.96725
   831.0        0.29666        0.90067        0.96731
   832.0        0.29642        0.90085        0.96737
   833.0        0.29618        0.90102        0.96743
   834.0        0.29594        0.90120        0.96748
   835.0        0.29570        0.90137        0.96754
   836.0        0.29546        0.90154        0.96760
   837.0        0.29522        0.90172        0.96766
   838.0        0.29498        0.90189        0.96771
   839.0        0.29474        0.90206        0.96777
   840.0        0.29451        0.90223        0.96783
   841.0        0.29427        0.90241        0.96788
   842.0        0.29403        0.90258        0.96794
   843.0        0.29380        0.90275        0.96800
   844.0        0.29356        0.90292        0.96805
   845.0        0.29333        0.90309        0.96811
   846.0        0.29310        0.90325        0.96817
   847.0        0.29286        0.90342        0.96822
   848.0        0.29263        0.90359        0.96828
   849.0        0.29240        0.90376        0.96833
   850.0        0.29217        0.90393        0.96839
   851.0        0.29194        0.90409        0.96844
   852.0        0.29171        0.90426        0.96850
   853.0        0.29148        0.90442        0.96855
   854.0        0.29125        0.90459        0.96861
   855.0        0.29102        0.90476        0.96866
   856.0        0.29079        0.90492        0.96872
   857.0        0.29057        0.90508        0.96877
   858.0        0.29034        0.90525        0.96882
   859.0        0.29011        0.90541        0.96888
   860.0        0.28989        0.90557        0.96893
   861.0        0.28966        0.90574        0.96899
   862.0        0.28944        0.90590        0.96904
   863.0        0.28921        0.90606        0.96909
   864.0        0.28899        0.90622        0.96915
   865.0        0.28877        0.90638        0.96920
   866.0        0.28854        0.90654        0.96925
   867.0        0.28832        0.90670        0.96930
   868.0        0.28810        0.90686        0.96936
   869.0        0.28788        0.90702        0.96941
   870.0        0.28766        0.90718        0.96946
   871.0        0.28744        0.90734        0.96951
   872.0        0.28722        0.90749        0.96956
   873.0        0.28700        0.90765        0.96962
   874.0        0.28678        0.90781        0.96967
   875.0        0.28657        0.90796        0.96972
   876.0        0.28635        0.90812        0.96977
   877.0        0.28613        0.90828        0.96982
   878.0        0.28592        0.90843        0.96987
   879.0        0.28570        0.90859        0.96992
   880.0        0.28549        0.90874        0.96998
   881.0        0.28527        0.90889        0.97003
   882.0        0.28506        0.90905        0.97008
   883.0        0.28484        0.90920        0.97013
   884.0        0.28463        0.90935        0.97018
   885.0        0.28442        0.90951        0.97023
   886.0        0.28421        0.90966        0.97028
   887.0        0.28400        0.90981        0.97033
   888.0        0.28378        0.90996        0.97038
   889.0        0.28357        0.91011        0.97043
   890.0        0.28336        0.91026        0.97048
   891.0        0.28315        0.91041        0.97053
   892.0        0.28295        0.91056        0.97057
   893.0        0.28274        0.91071        0.97062
   894.0        0.28253        0.91086        0.97067
   895.0        0.28232        0.91101        0.97072
   896.0        0.28212        0.91115        0.97077
   897.0        0.28191        0.91130        0.97082
   898.0        0.28170        0.91145        0.97087
   899.0        0.28150        0.91160        0.97092
   900.0        0.28129        0.91174        0.97096
   901.0        0.28109        0.91189        0.97101
   902.0        0.28088        0.91203        0.97106
   903.0        0.28068        0.91218        0.97111
   904.0        0.28048        0.91232        0.97115
   905.0        0.28027        0.91247        0.97120
   906.0        0.28007        0.91261        0.97125
   907.0        0.27987        0.91275        0.97130
   908.0        0.27967        0.91290        0.97134
   909.0        0.27947        0.91304        0.97139
   910.0        0.27927        0.91318        0.97144
   911.0        0.27907        0.91332        0.97149
   912.0        0.27887        0.91347        0.97153
   913.0        0.27867        0.91361        0.97158
   914.0        0.27847        0.91375        0.97163
   915.0        0.27827        0.91389        0.97167
   916.0        0.27807        0.91403        0.97172
   917.0        0.27788        0.91417        0.97177
   918.0        0.27768        0.91431        0.97181
   919.0        0.27748        0.91445        0.97186
   920.0        0.27729        0.91459        0.97191
   921.0        0.27709        0.91472        0.97195
   922.0        0.27690        0.91486        0.97200
   923.0        0.27670        0.91500        0.97204
   924.0        0.27651        0.91514        0.97209
   925.0        0.27631        0.91527        0.97213
   926.0        0.27612        0.91541        0.97218
   927.0        0.27593        0.91555        0.97222
   928.0        0.27573        0.91568        0.97227
   929.0        0.27554        0.91582        0.97231
   930.0        0.27535        0.91596        0.97236
   931.0        0.27516        0.91609        0.97240
   932.0        0.27497        0.91622        0.97245
   933.0        0.27478        0.91636        0.97249
   934.0        0.27459        0.91649        0.97254
   935.0        0.27440        0.91663        0.97258
   936.0        0.27421        0.91676        0.97263
   937.0        0.27402        0.91689        0.97267
   938.0        0.27383        0.91703        0.97271
   939.0        0.27364        0.91716        0.97276
   940.0        0.27346        0.91729        0.97280
   941.0        0.27327        0.91742        0.97284
   942.0        0.27308        0.91755        0.97289
   943.0        0.27290        0.91768        0.97293
   944.0        0.27271        0.91782        0.97297
   945.0        0.27253        0.91795        0.97302
   946.0        0.27234        0.91808        0.97306
   947.0        0.27216        0.91821        0.97310
   948.0        0.27197        0.91834        0.97315
   949.0        0.27179        0.91846        0.97319
   950.0        0.27160        0.91859        0.97323
   951.0        0.27142        0.91872        0.97327
   952.0        0.27124        0.91885        0.97332
   953.0        0.27105        0.91898        0.97336
   954.0        0.27087        0.91911        0.97340
   955.0        0.27069        0.91923        0.97344
   956.0        0.27051        0.91936        0.97348
   957.0        0.27033        0.91949        0.97353
   958.0        0.27015        0.91961        0.97357
   959.0        0.26997        0.91974        0.97361
   960.0        0.26979        0.91987        0.97365
   961.0        0.26961        0.91999        0.97369
   962.0        0.26943        0.92012        0.97373
   963.0        0.26925        0.92024        0.97377
   964.0        0.26907        0.92036        0.97382
   965.0        0.26890        0.92049        0.97386
   966.0        0.26872        0.92061        0.97390
   967.0        0.26854        0.92074        0.97394
   968.0        0.26837        0.92086        0.97398
   969.0        0.26819        0.92098        0.97402
   970.0        0.26801        0.92111        0.97406
   971.0        0.26784        0.92123        0.97410
   972.0        0.26766        0.92135        0.97414
   973.0        0.26749        0.92147        0.97418
   974.0        0.26731        0.92159        0.97422
   975.0        0.26714        0.92172        0.97426
   976.0        0.26697        0.92184        0.97430
   977.0        0.26679        0.92196        0.97434
   978.0        0.26662        0.92208        0.97438
   979.0        0.26645        0.92220        0.97442
   980.0        0.26628        0.92232        0.97446
   981.0        0.26610        0.92244        0.97450
   982.0        0.26593        0.92256        0.97454
   983.0        0.26576        0.92267        0.97457
   984.0        0.26559        0.92279        0.97461
   985.0        0.26542        0.92291        0.97465
   986.0        0.26525        0.92303        0.97469
   987.0        0.26508        0.92315        0.97473
   988.0        0.26491        0.92327        0.97477
   989.0        0.26474        0.92338        0.97481
   990.0        0.26457        0.92350        0.97484
   991.0        0.26441        0.92362        0.97488
   992.0        0.26424        0.92373        0.97492
   993.0        0.26407        0.92385        0.97496
   994.0        0.26390        0.92397        0.97500
   995.0        0.26374        0.92408        0.97503
   996.0        0.26357        0.92420        0.97507
   997.0        0.26340        0.92431        0.97511
   998.0        0.26324        0.92443        0.97515
   999.0        0.26307        0.92454        0.97518
  1000.0        0.26290        0.92465        0.97522
