 con_tissue          
 Density =    1.200000      Aeff =    12.74686      Zeff =    6.963542    
     1.0     4245.42383        0.00043        0.00895
     2.0      646.60345        0.00230        0.03409
     3.0      212.67357        0.00553        0.07237
     4.0       91.91349        0.01030        0.11882
     5.0       47.39819        0.01653        0.16993
     6.0       27.64889        0.02421        0.22207
     7.0       17.36079        0.03389        0.27262
     8.0       11.62830        0.04551        0.32041
     9.0        8.18790        0.05916        0.36433
    10.0        6.00738        0.07494        0.40521
    11.0        4.55460        0.09285        0.44239
    12.0        3.55295        0.11280        0.47644
    13.0        2.82996        0.13530        0.50820
    14.0        2.30082        0.15980        0.53722
    15.0        1.90699        0.18601        0.56398
    16.0        1.60711        0.21389        0.58898
    17.0        1.37553        0.24307        0.61238
    18.0        1.19371        0.27327        0.63418
    19.0        1.04865        0.30404        0.65421
    20.0        0.93125        0.33496        0.67244
    21.0        0.83549        0.36592        0.68952
    22.0        0.75670        0.39677        0.70548
    23.0        0.69125        0.42724        0.72046
    24.0        0.63641        0.45711        0.73461
    25.0        0.58974        0.48642        0.74772
    26.0        0.54976        0.51499        0.76008
    27.0        0.51520        0.54219        0.77134
    28.0        0.48541        0.56825        0.78201
    29.0        0.45959        0.59313        0.79195
    30.0        0.43714        0.61685        0.80125
    31.0        0.41744        0.63943        0.81004
    32.0        0.40010        0.66078        0.81823
    33.0        0.38476        0.68090        0.82592
    34.0        0.37117        0.69988        0.83314
    35.0        0.35909        0.71774        0.83996
    36.0        0.34830        0.73452        0.84637
    37.0        0.33846        0.75013        0.85233
    38.0        0.32948        0.76472        0.85792
    39.0        0.32138        0.77839        0.86321
    40.0        0.31403        0.79120        0.86824
    41.0        0.30735        0.80318        0.87300
    42.0        0.30126        0.81439        0.87754
    43.0        0.29570        0.82489        0.88184
    44.0        0.29060        0.83470        0.88591
    45.0        0.28589        0.84386        0.88979
    46.0        0.28156        0.85243        0.89347
    47.0        0.27752        0.86043        0.89695
    48.0        0.27358        0.86783        0.90019
    49.0        0.26989        0.87474        0.90326
    50.0        0.26646        0.88122        0.90620
    51.0        0.26324        0.88734        0.90900
    52.0        0.26023        0.89308        0.91169
    53.0        0.25741        0.89846        0.91426
    54.0        0.25476        0.90351        0.91673
    55.0        0.25228        0.90826        0.91909
    56.0        0.24994        0.91272        0.92136
    57.0        0.24773        0.91692        0.92353
    58.0        0.24565        0.92086        0.92562
    59.0        0.24366        0.92457        0.92762
    60.0        0.24177        0.92806        0.92954
    61.0        0.23998        0.93136        0.93138
    62.0        0.23829        0.93447        0.93316
    63.0        0.23667        0.93740        0.93486
    64.0        0.23514        0.94017        0.93650
    65.0        0.23368        0.94278        0.93808
    66.0        0.23228        0.94526        0.93961
    67.0        0.23095        0.94759        0.94108
    68.0        0.22967        0.94981        0.94249
    69.0        0.22837        0.95189        0.94384
    70.0        0.22702        0.95384        0.94511
    71.0        0.22573        0.95569        0.94634
    72.0        0.22448        0.95744        0.94753
    73.0        0.22328        0.95911        0.94868
    74.0        0.22213        0.96069        0.94979
    75.0        0.22101        0.96220        0.95087
    76.0        0.21993        0.96363        0.95191
    77.0        0.21887        0.96499        0.95292
    78.0        0.21784        0.96629        0.95389
    79.0        0.21685        0.96752        0.95483
    80.0        0.21589        0.96870        0.95575
    81.0        0.21495        0.96982        0.95663
    82.0        0.21405        0.97089        0.95750
    83.0        0.21317        0.97191        0.95833
    84.0        0.21231        0.97288        0.95914
    85.0        0.21148        0.97382        0.95993
    86.0        0.21068        0.97471        0.96069
    87.0        0.20989        0.97556        0.96143
    88.0        0.20912        0.97637        0.96215
    89.0        0.20838        0.97715        0.96285
    90.0        0.20765        0.97790        0.96353
    91.0        0.20694        0.97862        0.96419
    92.0        0.20625        0.97930        0.96484
    93.0        0.20558        0.97996        0.96547
    94.0        0.20492        0.98059        0.96608
    95.0        0.20427        0.98119        0.96667
    96.0        0.20364        0.98177        0.96725
    97.0        0.20303        0.98233        0.96781
    98.0        0.20243        0.98286        0.96836
    99.0        0.20184        0.98338        0.96889
   100.0        0.20126        0.98387        0.96941
   101.0        0.20060        0.98433        0.96991
   102.0        0.19995        0.98478        0.97039
   103.0        0.19931        0.98521        0.97085
   104.0        0.19868        0.98562        0.97131
   105.0        0.19806        0.98602        0.97176
   106.0        0.19746        0.98640        0.97219
   107.0        0.19686        0.98677        0.97262
   108.0        0.19628        0.98713        0.97303
   109.0        0.19571        0.98747        0.97344
   110.0        0.19514        0.98780        0.97384
   111.0        0.19459        0.98812        0.97423
   112.0        0.19404        0.98843        0.97460
   113.0        0.19351        0.98873        0.97498
   114.0        0.19298        0.98902        0.97534
   115.0        0.19246        0.98930        0.97569
   116.0        0.19195        0.98957        0.97604
   117.0        0.19145        0.98983        0.97637
   118.0        0.19095        0.99008        0.97671
   119.0        0.19047        0.99033        0.97703
   120.0        0.18999        0.99056        0.97735
   121.0        0.18951        0.99079        0.97766
   122.0        0.18905        0.99101        0.97796
   123.0        0.18859        0.99123        0.97826
   124.0        0.18814        0.99143        0.97855
   125.0        0.18769        0.99163        0.97884
   126.0        0.18725        0.99183        0.97912
   127.0        0.18681        0.99202        0.97939
   128.0        0.18638        0.99220        0.97966
   129.0        0.18596        0.99238        0.97993
   130.0        0.18554        0.99255        0.98018
   131.0        0.18513        0.99272        0.98044
   132.0        0.18473        0.99288        0.98068
   133.0        0.18433        0.99303        0.98093
   134.0        0.18389        0.99319        0.98116
   135.0        0.18345        0.99333        0.98139
   136.0        0.18301        0.99347        0.98162
   137.0        0.18257        0.99361        0.98184
   138.0        0.18214        0.99375        0.98205
   139.0        0.18171        0.99388        0.98226
   140.0        0.18129        0.99400        0.98247
   141.0        0.18088        0.99413        0.98268
   142.0        0.18047        0.99425        0.98288
   143.0        0.18006        0.99436        0.98307
   144.0        0.17966        0.99448        0.98327
   145.0        0.17926        0.99459        0.98346
   146.0        0.17887        0.99470        0.98364
   147.0        0.17848        0.99480        0.98383
   148.0        0.17810        0.99490        0.98401
   149.0        0.17772        0.99500        0.98418
   150.0        0.17734        0.99510        0.98436
   151.0        0.17697        0.99519        0.98453
   152.0        0.17660        0.99529        0.98470
   153.0        0.17623        0.99538        0.98486
   154.0        0.17587        0.99546        0.98502
   155.0        0.17551        0.99555        0.98518
   156.0        0.17516        0.99563        0.98534
   157.0        0.17481        0.99571        0.98550
   158.0        0.17446        0.99579        0.98565
   159.0        0.17412        0.99587        0.98580
   160.0        0.17378        0.99594        0.98594
   161.0        0.17344        0.99602        0.98609
   162.0        0.17311        0.99609        0.98623
   163.0        0.17278        0.99616        0.98637
   164.0        0.17245        0.99623        0.98651
   165.0        0.17212        0.99629        0.98665
   166.0        0.17180        0.99636        0.98678
   167.0        0.17148        0.99642        0.98691
   168.0        0.17117        0.99648        0.98704
   169.0        0.17086        0.99654        0.98717
   170.0        0.17055        0.99660        0.98729
   171.0        0.17024        0.99666        0.98742
   172.0        0.16991        0.99672        0.98754
   173.0        0.16957        0.99677        0.98765
   174.0        0.16922        0.99683        0.98777
   175.0        0.16888        0.99688        0.98788
   176.0        0.16854        0.99693        0.98799
   177.0        0.16821        0.99698        0.98810
   178.0        0.16788        0.99703        0.98821
   179.0        0.16755        0.99708        0.98832
   180.0        0.16722        0.99712        0.98842
   181.0        0.16689        0.99717        0.98853
   182.0        0.16657        0.99721        0.98863
   183.0        0.16625        0.99726        0.98873
   184.0        0.16594        0.99730        0.98883
   185.0        0.16563        0.99734        0.98893
   186.0        0.16531        0.99738        0.98903
   187.0        0.16501        0.99742        0.98912
   188.0        0.16470        0.99746        0.98922
   189.0        0.16440        0.99750        0.98931
   190.0        0.16409        0.99754        0.98940
   191.0        0.16380        0.99758        0.98949
   192.0        0.16350        0.99761        0.98958
   193.0        0.16320        0.99765        0.98967
   194.0        0.16291        0.99768        0.98975
   195.0        0.16262        0.99772        0.98984
   196.0        0.16233        0.99775        0.98992
   197.0        0.16205        0.99778        0.99001
   198.0        0.16177        0.99782        0.99009
   199.0        0.16148        0.99785        0.99017
   200.0        0.16121        0.99788        0.99025
   201.0        0.16093        0.99791        0.99033
   202.0        0.16065        0.99794        0.99041
   203.0        0.16038        0.99796        0.99049
   204.0        0.16011        0.99799        0.99056
   205.0        0.15984        0.99802        0.99064
   206.0        0.15957        0.99804        0.99071
   207.0        0.15931        0.99807        0.99078
   208.0        0.15904        0.99810        0.99086
   209.0        0.15878        0.99812        0.99093
   210.0        0.15852        0.99815        0.99100
   211.0        0.15827        0.99817        0.99107
   212.0        0.15801        0.99819        0.99114
   213.0        0.15775        0.99822        0.99121
   214.0        0.15750        0.99824        0.99127
   215.0        0.15725        0.99826        0.99134
   216.0        0.15700        0.99829        0.99141
   217.0        0.15675        0.99831        0.99147
   218.0        0.15651        0.99833        0.99153
   219.0        0.15626        0.99835        0.99160
   220.0        0.15602        0.99837        0.99166
   221.0        0.15578        0.99839        0.99172
   222.0        0.15554        0.99841        0.99178
   223.0        0.15530        0.99843        0.99184
   224.0        0.15506        0.99845        0.99190
   225.0        0.15483        0.99847        0.99196
   226.0        0.15459        0.99849        0.99202
   227.0        0.15436        0.99851        0.99208
   228.0        0.15413        0.99852        0.99214
   229.0        0.15390        0.99854        0.99219
   230.0        0.15367        0.99856        0.99225
   231.0        0.15345        0.99858        0.99230
   232.0        0.15322        0.99859        0.99236
   233.0        0.15300        0.99861        0.99241
   234.0        0.15277        0.99863        0.99246
   235.0        0.15255        0.99864        0.99252
   236.0        0.15233        0.99866        0.99257
   237.0        0.15212        0.99867        0.99262
   238.0        0.15190        0.99869        0.99267
   239.0        0.15168        0.99870        0.99272
   240.0        0.15147        0.99872        0.99277
   241.0        0.15126        0.99873        0.99282
   242.0        0.15104        0.99875        0.99287
   243.0        0.15083        0.99876        0.99292
   244.0        0.15062        0.99878        0.99297
   245.0        0.15041        0.99879        0.99301
   246.0        0.15021        0.99880        0.99306
   247.0        0.15000        0.99882        0.99311
   248.0        0.14980        0.99883        0.99315
   249.0        0.14959        0.99884        0.99320
   250.0        0.14939        0.99886        0.99324
   251.0        0.14919        0.99887        0.99329
   252.0        0.14899        0.99888        0.99333
   253.0        0.14879        0.99889        0.99337
   254.0        0.14859        0.99891        0.99342
   255.0        0.14840        0.99892        0.99346
   256.0        0.14820        0.99893        0.99350
   257.0        0.14801        0.99894        0.99354
   258.0        0.14781        0.99895        0.99358
   259.0        0.14762        0.99896        0.99362
   260.0        0.14743        0.99897        0.99367
   261.0        0.14724        0.99898        0.99371
   262.0        0.14705        0.99900        0.99374
   263.0        0.14686        0.99901        0.99378
   264.0        0.14667        0.99902        0.99382
   265.0        0.14649        0.99903        0.99386
   266.0        0.14630        0.99904        0.99390
   267.0        0.14610        0.99905        0.99394
   268.0        0.14589        0.99906        0.99397
   269.0        0.14568        0.99907        0.99401
   270.0        0.14547        0.99908        0.99404
   271.0        0.14526        0.99908        0.99408
   272.0        0.14506        0.99909        0.99411
   273.0        0.14485        0.99910        0.99415
   274.0        0.14464        0.99911        0.99418
   275.0        0.14444        0.99912        0.99422
   276.0        0.14424        0.99913        0.99425
   277.0        0.14404        0.99914        0.99428
   278.0        0.14383        0.99915        0.99432
   279.0        0.14363        0.99915        0.99435
   280.0        0.14344        0.99916        0.99438
   281.0        0.14324        0.99917        0.99441
   282.0        0.14304        0.99918        0.99444
   283.0        0.14285        0.99919        0.99448
   284.0        0.14265        0.99919        0.99451
   285.0        0.14246        0.99920        0.99454
   286.0        0.14226        0.99921        0.99457
   287.0        0.14207        0.99922        0.99460
   288.0        0.14188        0.99922        0.99463
   289.0        0.14169        0.99923        0.99466
   290.0        0.14150        0.99924        0.99469
   291.0        0.14131        0.99925        0.99472
   292.0        0.14113        0.99925        0.99475
   293.0        0.14094        0.99926        0.99477
   294.0        0.14075        0.99927        0.99480
   295.0        0.14057        0.99927        0.99483
   296.0        0.14039        0.99928        0.99486
   297.0        0.14020        0.99929        0.99489
   298.0        0.14002        0.99929        0.99491
   299.0        0.13984        0.99930        0.99494
   300.0        0.13966        0.99931        0.99497
   301.0        0.13948        0.99931        0.99500
   302.0        0.13930        0.99932        0.99502
   303.0        0.13913        0.99932        0.99505
   304.0        0.13895        0.99933        0.99507
   305.0        0.13877        0.99933        0.99510
   306.0        0.13860        0.99934        0.99513
   307.0        0.13842        0.99935        0.99515
   308.0        0.13825        0.99935        0.99518
   309.0        0.13808        0.99936        0.99520
   310.0        0.13791        0.99936        0.99523
   311.0        0.13774        0.99937        0.99525
   312.0        0.13757        0.99937        0.99528
   313.0        0.13740        0.99938        0.99530
   314.0        0.13723        0.99938        0.99532
   315.0        0.13706        0.99939        0.99535
   316.0        0.13689        0.99939        0.99537
   317.0        0.13673        0.99940        0.99539
   318.0        0.13656        0.99940        0.99542
   319.0        0.13639        0.99941        0.99544
   320.0        0.13623        0.99941        0.99546
   321.0        0.13607        0.99942        0.99549
   322.0        0.13590        0.99942        0.99551
   323.0        0.13574        0.99943        0.99553
   324.0        0.13558        0.99943        0.99555
   325.0        0.13542        0.99943        0.99558
   326.0        0.13526        0.99944        0.99560
   327.0        0.13510        0.99944        0.99562
   328.0        0.13494        0.99945        0.99564
   329.0        0.13478        0.99945        0.99566
   330.0        0.13463        0.99946        0.99568
   331.0        0.13447        0.99946        0.99570
   332.0        0.13431        0.99946        0.99572
   333.0        0.13416        0.99947        0.99574
   334.0        0.13400        0.99947        0.99577
   335.0        0.13385        0.99948        0.99579
   336.0        0.13370        0.99948        0.99581
   337.0        0.13354        0.99948        0.99583
   338.0        0.13339        0.99949        0.99585
   339.0        0.13324        0.99949        0.99587
   340.0        0.13309        0.99950        0.99588
   341.0        0.13294        0.99950        0.99590
   342.0        0.13279        0.99950        0.99592
   343.0        0.13264        0.99951        0.99594
   344.0        0.13249        0.99951        0.99596
   345.0        0.13235        0.99951        0.99598
   346.0        0.13220        0.99952        0.99600
   347.0        0.13205        0.99952        0.99602
   348.0        0.13191        0.99953        0.99604
   349.0        0.13176        0.99953        0.99605
   350.0        0.13162        0.99953        0.99607
   351.0        0.13147        0.99954        0.99609
   352.0        0.13133        0.99954        0.99611
   353.0        0.13119        0.99954        0.99613
   354.0        0.13104        0.99955        0.99614
   355.0        0.13090        0.99955        0.99616
   356.0        0.13076        0.99955        0.99618
   357.0        0.13062        0.99956        0.99620
   358.0        0.13048        0.99956        0.99621
   359.0        0.13034        0.99956        0.99623
   360.0        0.13020        0.99956        0.99625
   361.0        0.13006        0.99957        0.99626
   362.0        0.12993        0.99957        0.99628
   363.0        0.12979        0.99957        0.99630
   364.0        0.12965        0.99958        0.99631
   365.0        0.12952        0.99958        0.99633
   366.0        0.12938        0.99958        0.99634
   367.0        0.12924        0.99959        0.99636
   368.0        0.12911        0.99959        0.99638
   369.0        0.12898        0.99959        0.99639
   370.0        0.12884        0.99959        0.99641
   371.0        0.12871        0.99960        0.99642
   372.0        0.12858        0.99960        0.99644
   373.0        0.12844        0.99960        0.99645
   374.0        0.12831        0.99960        0.99647
   375.0        0.12818        0.99961        0.99648
   376.0        0.12805        0.99961        0.99650
   377.0        0.12792        0.99961        0.99651
   378.0        0.12779        0.99962        0.99653
   379.0        0.12766        0.99962        0.99654
   380.0        0.12753        0.99962        0.99656
   381.0        0.12740        0.99962        0.99657
   382.0        0.12728        0.99963        0.99659
   383.0        0.12715        0.99963        0.99660
   384.0        0.12702        0.99963        0.99662
   385.0        0.12690        0.99963        0.99663
   386.0        0.12677        0.99964        0.99664
   387.0        0.12664        0.99964        0.99666
   388.0        0.12652        0.99964        0.99667
   389.0        0.12640        0.99964        0.99669
   390.0        0.12627        0.99964        0.99670
   391.0        0.12615        0.99965        0.99671
   392.0        0.12602        0.99965        0.99673
   393.0        0.12590        0.99965        0.99674
   394.0        0.12578        0.99965        0.99675
   395.0        0.12566        0.99966        0.99677
   396.0        0.12554        0.99966        0.99678
   397.0        0.12541        0.99966        0.99679
   398.0        0.12529        0.99966        0.99681
   399.0        0.12517        0.99967        0.99682
   400.0        0.12505        0.99967        0.99683
   401.0        0.12494        0.99967        0.99684
   402.0        0.12482        0.99967        0.99686
   403.0        0.12470        0.99967        0.99687
   404.0        0.12458        0.99968        0.99688
   405.0        0.12446        0.99968        0.99689
   406.0        0.12435        0.99968        0.99691
   407.0        0.12423        0.99968        0.99692
   408.0        0.12411        0.99968        0.99693
   409.0        0.12400        0.99968        0.99694
   410.0        0.12388        0.99969        0.99696
   411.0        0.12377        0.99969        0.99697
   412.0        0.12365        0.99969        0.99698
   413.0        0.12354        0.99969        0.99699
   414.0        0.12342        0.99969        0.99700
   415.0        0.12331        0.99970        0.99701
   416.0        0.12320        0.99970        0.99703
   417.0        0.12308        0.99970        0.99704
   418.0        0.12297        0.99970        0.99705
   419.0        0.12286        0.99970        0.99706
   420.0        0.12275        0.99970        0.99707
   421.0        0.12263        0.99971        0.99708
   422.0        0.12252        0.99971        0.99709
   423.0        0.12241        0.99971        0.99711
   424.0        0.12230        0.99971        0.99712
   425.0        0.12219        0.99971        0.99713
   426.0        0.12208        0.99971        0.99714
   427.0        0.12197        0.99972        0.99715
   428.0        0.12186        0.99972        0.99716
   429.0        0.12174        0.99972        0.99717
   430.0        0.12162        0.99972        0.99718
   431.0        0.12150        0.99972        0.99719
   432.0        0.12138        0.99972        0.99720
   433.0        0.12127        0.99972        0.99721
   434.0        0.12115        0.99973        0.99722
   435.0        0.12103        0.99973        0.99723
   436.0        0.12091        0.99973        0.99724
   437.0        0.12080        0.99973        0.99725
   438.0        0.12068        0.99973        0.99726
   439.0        0.12057        0.99973        0.99727
   440.0        0.12045        0.99973        0.99728
   441.0        0.12034        0.99974        0.99729
   442.0        0.12022        0.99974        0.99730
   443.0        0.12011        0.99974        0.99731
   444.0        0.11999        0.99974        0.99732
   445.0        0.11988        0.99974        0.99733
   446.0        0.11977        0.99974        0.99734
   447.0        0.11966        0.99974        0.99735
   448.0        0.11954        0.99975        0.99736
   449.0        0.11943        0.99975        0.99737
   450.0        0.11932        0.99975        0.99737
   451.0        0.11921        0.99975        0.99738
   452.0        0.11910        0.99975        0.99739
   453.0        0.11899        0.99975        0.99740
   454.0        0.11888        0.99975        0.99741
   455.0        0.11877        0.99975        0.99742
   456.0        0.11866        0.99976        0.99743
   457.0        0.11855        0.99976        0.99744
   458.0        0.11844        0.99976        0.99745
   459.0        0.11833        0.99976        0.99746
   460.0        0.11823        0.99976        0.99746
   461.0        0.11812        0.99976        0.99747
   462.0        0.11801        0.99976        0.99748
   463.0        0.11790        0.99976        0.99749
   464.0        0.11780        0.99977        0.99750
   465.0        0.11769        0.99977        0.99751
   466.0        0.11758        0.99977        0.99752
   467.0        0.11748        0.99977        0.99752
   468.0        0.11737        0.99977        0.99753
   469.0        0.11727        0.99977        0.99754
   470.0        0.11716        0.99977        0.99755
   471.0        0.11706        0.99977        0.99756
   472.0        0.11696        0.99977        0.99757
   473.0        0.11685        0.99978        0.99757
   474.0        0.11675        0.99978        0.99758
   475.0        0.11664        0.99978        0.99759
   476.0        0.11654        0.99978        0.99760
   477.0        0.11644        0.99978        0.99761
   478.0        0.11634        0.99978        0.99761
   479.0        0.11624        0.99978        0.99762
   480.0        0.11613        0.99978        0.99763
   481.0        0.11603        0.99978        0.99764
   482.0        0.11593        0.99979        0.99764
   483.0        0.11583        0.99979        0.99765
   484.0        0.11573        0.99979        0.99766
   485.0        0.11563        0.99979        0.99767
   486.0        0.11553        0.99979        0.99767
   487.0        0.11543        0.99979        0.99768
   488.0        0.11533        0.99979        0.99769
   489.0        0.11523        0.99979        0.99770
   490.0        0.11513        0.99979        0.99770
   491.0        0.11503        0.99979        0.99771
   492.0        0.11494        0.99980        0.99772
   493.0        0.11484        0.99980        0.99773
   494.0        0.11474        0.99980        0.99773
   495.0        0.11464        0.99980        0.99774
   496.0        0.11455        0.99980        0.99775
   497.0        0.11445        0.99980        0.99776
   498.0        0.11435        0.99980        0.99776
   499.0        0.11426        0.99980        0.99777
   500.0        0.11416        0.99980        0.99778
   501.0        0.11407        0.99980        0.99778
   502.0        0.11397        0.99980        0.99779
   503.0        0.11388        0.99981        0.99780
   504.0        0.11378        0.99981        0.99780
   505.0        0.11369        0.99981        0.99781
   506.0        0.11359        0.99981        0.99782
   507.0        0.11350        0.99981        0.99782
   508.0        0.11340        0.99981        0.99783
   509.0        0.11331        0.99981        0.99784
   510.0        0.11322        0.99981        0.99784
   511.0        0.11313        0.99981        0.99785
   512.0        0.11303        0.99981        0.99786
   513.0        0.11294        0.99981        0.99786
   514.0        0.11285        0.99981        0.99787
   515.0        0.11276        0.99982        0.99788
   516.0        0.11266        0.99982        0.99788
   517.0        0.11257        0.99982        0.99789
   518.0        0.11248        0.99982        0.99790
   519.0        0.11239        0.99982        0.99790
   520.0        0.11230        0.99982        0.99791
   521.0        0.11221        0.99982        0.99792
   522.0        0.11212        0.99982        0.99792
   523.0        0.11203        0.99982        0.99793
   524.0        0.11194        0.99982        0.99793
   525.0        0.11185        0.99982        0.99794
   526.0        0.11176        0.99982        0.99795
   527.0        0.11167        0.99982        0.99795
   528.0        0.11158        0.99983        0.99796
   529.0        0.11150        0.99983        0.99797
   530.0        0.11141        0.99983        0.99797
   531.0        0.11132        0.99983        0.99798
   532.0        0.11123        0.99983        0.99798
   533.0        0.11114        0.99983        0.99799
   534.0        0.11106        0.99983        0.99800
   535.0        0.11097        0.99983        0.99800
   536.0        0.11088        0.99983        0.99801
   537.0        0.11080        0.99983        0.99801
   538.0        0.11071        0.99983        0.99802
   539.0        0.11062        0.99983        0.99802
   540.0        0.11054        0.99983        0.99803
   541.0        0.11045        0.99983        0.99804
   542.0        0.11037        0.99983        0.99804
   543.0        0.11028        0.99984        0.99805
   544.0        0.11020        0.99984        0.99805
   545.0        0.11011        0.99984        0.99806
   546.0        0.11003        0.99984        0.99806
   547.0        0.10994        0.99984        0.99807
   548.0        0.10986        0.99984        0.99808
   549.0        0.10978        0.99984        0.99808
   550.0        0.10969        0.99984        0.99809
   551.0        0.10961        0.99984        0.99809
   552.0        0.10953        0.99984        0.99810
   553.0        0.10944        0.99984        0.99810
   554.0        0.10936        0.99984        0.99811
   555.0        0.10928        0.99984        0.99811
   556.0        0.10920        0.99984        0.99812
   557.0        0.10911        0.99984        0.99812
   558.0        0.10903        0.99984        0.99813
   559.0        0.10895        0.99985        0.99814
   560.0        0.10887        0.99985        0.99814
   561.0        0.10879        0.99985        0.99815
   562.0        0.10871        0.99985        0.99815
   563.0        0.10863        0.99985        0.99816
   564.0        0.10854        0.99985        0.99816
   565.0        0.10846        0.99985        0.99817
   566.0        0.10838        0.99985        0.99817
   567.0        0.10830        0.99985        0.99818
   568.0        0.10822        0.99985        0.99818
   569.0        0.10814        0.99985        0.99819
   570.0        0.10805        0.99985        0.99819
   571.0        0.10797        0.99985        0.99820
   572.0        0.10788        0.99985        0.99820
   573.0        0.10780        0.99985        0.99821
   574.0        0.10771        0.99985        0.99821
   575.0        0.10763        0.99985        0.99822
   576.0        0.10755        0.99985        0.99822
   577.0        0.10746        0.99986        0.99823
   578.0        0.10738        0.99986        0.99823
   579.0        0.10730        0.99986        0.99823
   580.0        0.10721        0.99986        0.99824
   581.0        0.10713        0.99986        0.99824
   582.0        0.10705        0.99986        0.99825
   583.0        0.10697        0.99986        0.99825
   584.0        0.10689        0.99986        0.99826
   585.0        0.10680        0.99986        0.99826
   586.0        0.10672        0.99986        0.99827
   587.0        0.10664        0.99986        0.99827
   588.0        0.10656        0.99986        0.99828
   589.0        0.10648        0.99986        0.99828
   590.0        0.10640        0.99986        0.99829
   591.0        0.10632        0.99986        0.99829
   592.0        0.10624        0.99986        0.99829
   593.0        0.10616        0.99986        0.99830
   594.0        0.10608        0.99986        0.99830
   595.0        0.10600        0.99986        0.99831
   596.0        0.10592        0.99986        0.99831
   597.0        0.10584        0.99987        0.99832
   598.0        0.10576        0.99987        0.99832
   599.0        0.10568        0.99987        0.99833
   600.0        0.10560        0.99987        0.99833
   601.0        0.10552        0.99987        0.99833
   602.0        0.10545        0.99987        0.99834
   603.0        0.10537        0.99987        0.99834
   604.0        0.10529        0.99987        0.99835
   605.0        0.10521        0.99987        0.99835
   606.0        0.10513        0.99987        0.99836
   607.0        0.10506        0.99987        0.99836
   608.0        0.10498        0.99987        0.99836
   609.0        0.10490        0.99987        0.99837
   610.0        0.10483        0.99987        0.99837
   611.0        0.10475        0.99987        0.99838
   612.0        0.10467        0.99987        0.99838
   613.0        0.10460        0.99987        0.99838
   614.0        0.10452        0.99987        0.99839
   615.0        0.10444        0.99987        0.99839
   616.0        0.10437        0.99987        0.99840
   617.0        0.10429        0.99987        0.99840
   618.0        0.10422        0.99987        0.99840
   619.0        0.10414        0.99988        0.99841
   620.0        0.10407        0.99988        0.99841
   621.0        0.10399        0.99988        0.99842
   622.0        0.10392        0.99988        0.99842
   623.0        0.10384        0.99988        0.99842
   624.0        0.10377        0.99988        0.99843
   625.0        0.10369        0.99988        0.99843
   626.0        0.10362        0.99988        0.99844
   627.0        0.10355        0.99988        0.99844
   628.0        0.10347        0.99988        0.99844
   629.0        0.10340        0.99988        0.99845
   630.0        0.10333        0.99988        0.99845
   631.0        0.10325        0.99988        0.99846
   632.0        0.10318        0.99988        0.99846
   633.0        0.10311        0.99988        0.99846
   634.0        0.10303        0.99988        0.99847
   635.0        0.10296        0.99988        0.99847
   636.0        0.10289        0.99988        0.99847
   637.0        0.10282        0.99988        0.99848
   638.0        0.10275        0.99988        0.99848
   639.0        0.10267        0.99988        0.99849
   640.0        0.10260        0.99988        0.99849
   641.0        0.10253        0.99988        0.99849
   642.0        0.10246        0.99988        0.99850
   643.0        0.10239        0.99988        0.99850
   644.0        0.10232        0.99989        0.99850
   645.0        0.10225        0.99989        0.99851
   646.0        0.10218        0.99989        0.99851
   647.0        0.10211        0.99989        0.99851
   648.0        0.10203        0.99989        0.99852
   649.0        0.10196        0.99989        0.99852
   650.0        0.10189        0.99989        0.99852
   651.0        0.10182        0.99989        0.99853
   652.0        0.10175        0.99989        0.99853
   653.0        0.10169        0.99989        0.99854
   654.0        0.10162        0.99989        0.99854
   655.0        0.10155        0.99989        0.99854
   656.0        0.10148        0.99989        0.99855
   657.0        0.10141        0.99989        0.99855
   658.0        0.10134        0.99989        0.99855
   659.0        0.10127        0.99989        0.99856
   660.0        0.10120        0.99989        0.99856
   661.0        0.10113        0.99989        0.99856
   662.0        0.10107        0.99989        0.99857
   663.0        0.10100        0.99989        0.99857
   664.0        0.10093        0.99989        0.99857
   665.0        0.10086        0.99989        0.99858
   666.0        0.10079        0.99989        0.99858
   667.0        0.10073        0.99989        0.99858
   668.0        0.10066        0.99989        0.99859
   669.0        0.10059        0.99989        0.99859
   670.0        0.10053        0.99989        0.99859
   671.0        0.10046        0.99989        0.99860
   672.0        0.10039        0.99989        0.99860
   673.0        0.10033        0.99989        0.99860
   674.0        0.10026        0.99989        0.99861
   675.0        0.10019        0.99990        0.99861
   676.0        0.10013        0.99990        0.99861
   677.0        0.10006        0.99990        0.99862
   678.0        0.09999        0.99990        0.99862
   679.0        0.09993        0.99990        0.99862
   680.0        0.09986        0.99990        0.99862
   681.0        0.09980        0.99990        0.99863
   682.0        0.09973        0.99990        0.99863
   683.0        0.09967        0.99990        0.99863
   684.0        0.09960        0.99990        0.99864
   685.0        0.09954        0.99990        0.99864
   686.0        0.09947        0.99990        0.99864
   687.0        0.09941        0.99990        0.99865
   688.0        0.09934        0.99990        0.99865
   689.0        0.09928        0.99990        0.99865
   690.0        0.09921        0.99990        0.99866
   691.0        0.09915        0.99990        0.99866
   692.0        0.09909        0.99990        0.99866
   693.0        0.09902        0.99990        0.99866
   694.0        0.09896        0.99990        0.99867
   695.0        0.09890        0.99990        0.99867
   696.0        0.09883        0.99990        0.99867
   697.0        0.09877        0.99990        0.99868
   698.0        0.09871        0.99990        0.99868
   699.0        0.09864        0.99990        0.99868
   700.0        0.09858        0.99990        0.99868
   701.0        0.09852        0.99990        0.99869
   702.0        0.09845        0.99990        0.99869
   703.0        0.09839        0.99990        0.99869
   704.0        0.09833        0.99990        0.99870
   705.0        0.09827        0.99990        0.99870
   706.0        0.09821        0.99990        0.99870
   707.0        0.09814        0.99990        0.99871
   708.0        0.09808        0.99990        0.99871
   709.0        0.09802        0.99990        0.99871
   710.0        0.09796        0.99990        0.99871
   711.0        0.09790        0.99990        0.99872
   712.0        0.09784        0.99991        0.99872
   713.0        0.09777        0.99991        0.99872
   714.0        0.09771        0.99991        0.99872
   715.0        0.09765        0.99991        0.99873
   716.0        0.09759        0.99991        0.99873
   717.0        0.09753        0.99991        0.99873
   718.0        0.09747        0.99991        0.99874
   719.0        0.09741        0.99991        0.99874
   720.0        0.09735        0.99991        0.99874
   721.0        0.09729        0.99991        0.99874
   722.0        0.09723        0.99991        0.99875
   723.0        0.09717        0.99991        0.99875
   724.0        0.09711        0.99991        0.99875
   725.0        0.09705        0.99991        0.99875
   726.0        0.09699        0.99991        0.99876
   727.0        0.09693        0.99991        0.99876
   728.0        0.09687        0.99991        0.99876
   729.0        0.09681        0.99991        0.99877
   730.0        0.09675        0.99991        0.99877
   731.0        0.09669        0.99991        0.99877
   732.0        0.09663        0.99991        0.99877
   733.0        0.09658        0.99991        0.99878
   734.0        0.09652        0.99991        0.99878
   735.0        0.09646        0.99991        0.99878
   736.0        0.09640        0.99991        0.99878
   737.0        0.09634        0.99991        0.99879
   738.0        0.09628        0.99991        0.99879
   739.0        0.09622        0.99991        0.99879
   740.0        0.09617        0.99991        0.99879
   741.0        0.09611        0.99991        0.99880
   742.0        0.09605        0.99991        0.99880
   743.0        0.09599        0.99991        0.99880
   744.0        0.09594        0.99991        0.99880
   745.0        0.09588        0.99991        0.99881
   746.0        0.09582        0.99991        0.99881
   747.0        0.09576        0.99991        0.99881
   748.0        0.09571        0.99991        0.99881
   749.0        0.09565        0.99991        0.99882
   750.0        0.09559        0.99991        0.99882
   751.0        0.09554        0.99991        0.99882
   752.0        0.09548        0.99991        0.99882
   753.0        0.09542        0.99991        0.99883
   754.0        0.09536        0.99991        0.99883
   755.0        0.09530        0.99992        0.99883
   756.0        0.09524        0.99992        0.99883
   757.0        0.09518        0.99992        0.99884
   758.0        0.09512        0.99992        0.99884
   759.0        0.09506        0.99992        0.99884
   760.0        0.09501        0.99992        0.99884
   761.0        0.09495        0.99992        0.99884
   762.0        0.09489        0.99992        0.99885
   763.0        0.09483        0.99992        0.99885
   764.0        0.09477        0.99992        0.99885
   765.0        0.09471        0.99992        0.99885
   766.0        0.09465        0.99992        0.99886
   767.0        0.09459        0.99992        0.99886
   768.0        0.09453        0.99992        0.99886
   769.0        0.09447        0.99992        0.99886
   770.0        0.09442        0.99992        0.99887
   771.0        0.09436        0.99992        0.99887
   772.0        0.09430        0.99992        0.99887
   773.0        0.09424        0.99992        0.99887
   774.0        0.09418        0.99992        0.99887
   775.0        0.09413        0.99992        0.99888
   776.0        0.09407        0.99992        0.99888
   777.0        0.09401        0.99992        0.99888
   778.0        0.09395        0.99992        0.99888
   779.0        0.09390        0.99992        0.99888
   780.0        0.09384        0.99992        0.99889
   781.0        0.09378        0.99992        0.99889
   782.0        0.09372        0.99992        0.99889
   783.0        0.09367        0.99992        0.99889
   784.0        0.09361        0.99992        0.99890
   785.0        0.09355        0.99992        0.99890
   786.0        0.09350        0.99992        0.99890
   787.0        0.09344        0.99992        0.99890
   788.0        0.09338        0.99992        0.99890
   789.0        0.09333        0.99992        0.99891
   790.0        0.09327        0.99992        0.99891
   791.0        0.09322        0.99992        0.99891
   792.0        0.09316        0.99992        0.99891
   793.0        0.09310        0.99992        0.99891
   794.0        0.09305        0.99992        0.99892
   795.0        0.09299        0.99992        0.99892
   796.0        0.09294        0.99992        0.99892
   797.0        0.09288        0.99992        0.99892
   798.0        0.09283        0.99992        0.99893
   799.0        0.09277        0.99992        0.99893
   800.0        0.09272        0.99992        0.99893
   801.0        0.09266        0.99992        0.99893
   802.0        0.09261        0.99992        0.99893
   803.0        0.09255        0.99992        0.99894
   804.0        0.09250        0.99992        0.99894
   805.0        0.09244        0.99992        0.99894
   806.0        0.09239        0.99992        0.99894
   807.0        0.09233        0.99992        0.99894
   808.0        0.09228        0.99993        0.99895
   809.0        0.09222        0.99993        0.99895
   810.0        0.09217        0.99993        0.99895
   811.0        0.09212        0.99993        0.99895
   812.0        0.09206        0.99993        0.99895
   813.0        0.09201        0.99993        0.99896
   814.0        0.09195        0.99993        0.99896
   815.0        0.09190        0.99993        0.99896
   816.0        0.09185        0.99993        0.99896
   817.0        0.09179        0.99993        0.99896
   818.0        0.09174        0.99993        0.99896
   819.0        0.09169        0.99993        0.99897
   820.0        0.09163        0.99993        0.99897
   821.0        0.09158        0.99993        0.99897
   822.0        0.09153        0.99993        0.99897
   823.0        0.09147        0.99993        0.99897
   824.0        0.09142        0.99993        0.99898
   825.0        0.09137        0.99993        0.99898
   826.0        0.09132        0.99993        0.99898
   827.0        0.09126        0.99993        0.99898
   828.0        0.09121        0.99993        0.99898
   829.0        0.09116        0.99993        0.99899
   830.0        0.09111        0.99993        0.99899
   831.0        0.09106        0.99993        0.99899
   832.0        0.09100        0.99993        0.99899
   833.0        0.09095        0.99993        0.99899
   834.0        0.09090        0.99993        0.99900
   835.0        0.09085        0.99993        0.99900
   836.0        0.09080        0.99993        0.99900
   837.0        0.09074        0.99993        0.99900
   838.0        0.09069        0.99993        0.99900
   839.0        0.09064        0.99993        0.99900
   840.0        0.09059        0.99993        0.99901
   841.0        0.09054        0.99993        0.99901
   842.0        0.09049        0.99993        0.99901
   843.0        0.09044        0.99993        0.99901
   844.0        0.09039        0.99993        0.99901
   845.0        0.09033        0.99993        0.99901
   846.0        0.09028        0.99993        0.99902
   847.0        0.09023        0.99993        0.99902
   848.0        0.09018        0.99993        0.99902
   849.0        0.09013        0.99993        0.99902
   850.0        0.09008        0.99993        0.99902
   851.0        0.09003        0.99993        0.99903
   852.0        0.08998        0.99993        0.99903
   853.0        0.08993        0.99993        0.99903
   854.0        0.08988        0.99993        0.99903
   855.0        0.08983        0.99993        0.99903
   856.0        0.08978        0.99993        0.99903
   857.0        0.08973        0.99993        0.99904
   858.0        0.08968        0.99993        0.99904
   859.0        0.08963        0.99993        0.99904
   860.0        0.08958        0.99993        0.99904
   861.0        0.08953        0.99993        0.99904
   862.0        0.08948        0.99993        0.99904
   863.0        0.08943        0.99993        0.99905
   864.0        0.08938        0.99993        0.99905
   865.0        0.08934        0.99993        0.99905
   866.0        0.08929        0.99993        0.99905
   867.0        0.08924        0.99993        0.99905
   868.0        0.08919        0.99993        0.99905
   869.0        0.08914        0.99993        0.99906
   870.0        0.08909        0.99993        0.99906
   871.0        0.08904        0.99993        0.99906
   872.0        0.08899        0.99993        0.99906
   873.0        0.08895        0.99993        0.99906
   874.0        0.08890        0.99993        0.99906
   875.0        0.08885        0.99993        0.99907
   876.0        0.08880        0.99993        0.99907
   877.0        0.08875        0.99993        0.99907
   878.0        0.08870        0.99993        0.99907
   879.0        0.08866        0.99993        0.99907
   880.0        0.08861        0.99993        0.99907
   881.0        0.08856        0.99994        0.99908
   882.0        0.08851        0.99994        0.99908
   883.0        0.08847        0.99994        0.99908
   884.0        0.08842        0.99994        0.99908
   885.0        0.08837        0.99994        0.99908
   886.0        0.08832        0.99994        0.99908
   887.0        0.08828        0.99994        0.99909
   888.0        0.08823        0.99994        0.99909
   889.0        0.08818        0.99994        0.99909
   890.0        0.08813        0.99994        0.99909
   891.0        0.08809        0.99994        0.99909
   892.0        0.08804        0.99994        0.99909
   893.0        0.08799        0.99994        0.99909
   894.0        0.08795        0.99994        0.99910
   895.0        0.08790        0.99994        0.99910
   896.0        0.08785        0.99994        0.99910
   897.0        0.08781        0.99994        0.99910
   898.0        0.08776        0.99994        0.99910
   899.0        0.08771        0.99994        0.99910
   900.0        0.08767        0.99994        0.99911
   901.0        0.08762        0.99994        0.99911
   902.0        0.08757        0.99994        0.99911
   903.0        0.08753        0.99994        0.99911
   904.0        0.08748        0.99994        0.99911
   905.0        0.08744        0.99994        0.99911
   906.0        0.08739        0.99994        0.99911
   907.0        0.08735        0.99994        0.99912
   908.0        0.08730        0.99994        0.99912
   909.0        0.08725        0.99994        0.99912
   910.0        0.08721        0.99994        0.99912
   911.0        0.08716        0.99994        0.99912
   912.0        0.08712        0.99994        0.99912
   913.0        0.08707        0.99994        0.99912
   914.0        0.08703        0.99994        0.99913
   915.0        0.08698        0.99994        0.99913
   916.0        0.08694        0.99994        0.99913
   917.0        0.08689        0.99994        0.99913
   918.0        0.08685        0.99994        0.99913
   919.0        0.08680        0.99994        0.99913
   920.0        0.08676        0.99994        0.99913
   921.0        0.08671        0.99994        0.99914
   922.0        0.08667        0.99994        0.99914
   923.0        0.08662        0.99994        0.99914
   924.0        0.08658        0.99994        0.99914
   925.0        0.08653        0.99994        0.99914
   926.0        0.08649        0.99994        0.99914
   927.0        0.08644        0.99994        0.99914
   928.0        0.08640        0.99994        0.99915
   929.0        0.08636        0.99994        0.99915
   930.0        0.08631        0.99994        0.99915
   931.0        0.08627        0.99994        0.99915
   932.0        0.08622        0.99994        0.99915
   933.0        0.08618        0.99994        0.99915
   934.0        0.08614        0.99994        0.99915
   935.0        0.08609        0.99994        0.99916
   936.0        0.08605        0.99994        0.99916
   937.0        0.08600        0.99994        0.99916
   938.0        0.08596        0.99994        0.99916
   939.0        0.08592        0.99994        0.99916
   940.0        0.08587        0.99994        0.99916
   941.0        0.08583        0.99994        0.99916
   942.0        0.08579        0.99994        0.99917
   943.0        0.08574        0.99994        0.99917
   944.0        0.08570        0.99994        0.99917
   945.0        0.08566        0.99994        0.99917
   946.0        0.08562        0.99994        0.99917
   947.0        0.08557        0.99994        0.99917
   948.0        0.08553        0.99994        0.99917
   949.0        0.08549        0.99994        0.99917
   950.0        0.08544        0.99994        0.99918
   951.0        0.08540        0.99994        0.99918
   952.0        0.08536        0.99994        0.99918
   953.0        0.08532        0.99994        0.99918
   954.0        0.08527        0.99994        0.99918
   955.0        0.08523        0.99994        0.99918
   956.0        0.08519        0.99994        0.99918
   957.0        0.08515        0.99994        0.99919
   958.0        0.08510        0.99994        0.99919
   959.0        0.08506        0.99994        0.99919
   960.0        0.08502        0.99994        0.99919
   961.0        0.08498        0.99994        0.99919
   962.0        0.08494        0.99994        0.99919
   963.0        0.08489        0.99994        0.99919
   964.0        0.08485        0.99994        0.99919
   965.0        0.08481        0.99994        0.99920
   966.0        0.08477        0.99994        0.99920
   967.0        0.08473        0.99994        0.99920
   968.0        0.08469        0.99994        0.99920
   969.0        0.08464        0.99994        0.99920
   970.0        0.08460        0.99994        0.99920
   971.0        0.08456        0.99994        0.99920
   972.0        0.08452        0.99994        0.99920
   973.0        0.08448        0.99994        0.99921
   974.0        0.08444        0.99994        0.99921
   975.0        0.08440        0.99995        0.99921
   976.0        0.08435        0.99995        0.99921
   977.0        0.08431        0.99995        0.99921
   978.0        0.08427        0.99995        0.99921
   979.0        0.08423        0.99995        0.99921
   980.0        0.08419        0.99995        0.99921
   981.0        0.08415        0.99995        0.99922
   982.0        0.08411        0.99995        0.99922
   983.0        0.08407        0.99995        0.99922
   984.0        0.08403        0.99995        0.99922
   985.0        0.08399        0.99995        0.99922
   986.0        0.08395        0.99995        0.99922
   987.0        0.08391        0.99995        0.99922
   988.0        0.08387        0.99995        0.99922
   989.0        0.08383        0.99995        0.99922
   990.0        0.08379        0.99995        0.99923
   991.0        0.08375        0.99995        0.99923
   992.0        0.08371        0.99995        0.99923
   993.0        0.08367        0.99995        0.99923
   994.0        0.08363        0.99995        0.99923
   995.0        0.08359        0.99995        0.99923
   996.0        0.08355        0.99995        0.99923
   997.0        0.08351        0.99995        0.99923
   998.0        0.08347        0.99995        0.99924
   999.0        0.08343        0.99995        0.99924
  1000.0        0.08339        0.99995        0.99924
