 copper              
 Density =    8.920000      Aeff =    63.54600      Zeff =    29.00000    
     1.0    94216.64063        0.00027        0.00210
     2.0    19121.24414        0.00215        0.00345
     3.0     6628.76172        0.00526        0.00662
     4.0     3083.62573        0.00936        0.01091
     5.0     1684.81519        0.01408        0.01651
     6.0     1022.38104        0.01894        0.02397
     7.0      668.31879        0.02335        0.03385
     8.0      461.85400        0.02594        0.04911
     9.0     2458.90356        0.00282        0.09256
    10.0     1908.83777        0.00627        0.05791
    11.0     1516.36060        0.00797        0.06102
    12.0     1201.07922        0.00965        0.06703
    13.0      969.33008        0.01127        0.07418
    14.0      794.93512        0.01290        0.08226
    15.0      660.98688        0.01454        0.09107
    16.0      553.23993        0.01629        0.09992
    17.0      468.15265        0.01807        0.10916
    18.0      400.02451        0.01993        0.11865
    19.0      344.77460        0.02181        0.12868
    20.0      299.47473        0.02373        0.13857
    21.0      261.94684        0.02570        0.14868
    22.0      230.58337        0.02770        0.15915
    23.0      204.11765        0.02977        0.16977
    24.0      181.64400        0.03185        0.18049
    25.0      162.43370        0.03396        0.19113
    26.0      145.75998        0.03613        0.20201
    27.0      130.91246        0.03850        0.21291
    28.0      118.05669        0.04093        0.22392
    29.0      106.86166        0.04338        0.23532
    30.0       97.07207        0.04590        0.24674
    31.0       88.47335        0.04849        0.25822
    32.0       80.88873        0.05116        0.26966
    33.0       74.17146        0.05390        0.28109
    34.0       68.19930        0.05671        0.29238
    35.0       62.86481        0.05956        0.30304
    36.0       58.08241        0.06249        0.31369
    37.0       53.78989        0.06549        0.32426
    38.0       49.92522        0.06856        0.33476
    39.0       46.43455        0.07167        0.34535
    40.0       43.27522        0.07487        0.35582
    41.0       40.40847        0.07812        0.36626
    42.0       37.79997        0.08142        0.37671
    43.0       35.42187        0.08481        0.38703
    44.0       33.24929        0.08827        0.39721
    45.0       31.25853        0.09177        0.40689
    46.0       29.43135        0.09531        0.41626
    47.0       27.75250        0.09895        0.42541
    48.0       26.17350        0.10279        0.43440
    49.0       24.70653        0.10676        0.44326
    50.0       23.35370        0.11082        0.45197
    51.0       22.10377        0.11494        0.46056
    52.0       20.94723        0.11915        0.46901
    53.0       19.87563        0.12344        0.47732
    54.0       18.88106        0.12779        0.48553
    55.0       17.95672        0.13222        0.49361
    56.0       17.09655        0.13672        0.50156
    57.0       16.29510        0.14129        0.50936
    58.0       15.54721        0.14593        0.51708
    59.0       14.84862        0.15064        0.52467
    60.0       14.19536        0.15542        0.53211
    61.0       13.58236        0.16028        0.53942
    62.0       13.00777        0.16521        0.54663
    63.0       12.46867        0.17020        0.55373
    64.0       11.96124        0.17518        0.56044
    65.0       11.48372        0.18018        0.56694
    66.0       11.03434        0.18524        0.57332
    67.0       10.61100        0.19035        0.57958
    68.0       10.21187        0.19552        0.58573
    69.0        9.83522        0.20074        0.59176
    70.0        9.47948        0.20601        0.59768
    71.0        9.14310        0.21132        0.60351
    72.0        8.82484        0.21667        0.60924
    73.0        8.52353        0.22207        0.61487
    74.0        8.23801        0.22751        0.62039
    75.0        7.96724        0.23299        0.62582
    76.0        7.71029        0.23851        0.63114
    77.0        7.46629        0.24406        0.63636
    78.0        7.23443        0.24965        0.64149
    79.0        7.01394        0.25528        0.64652
    80.0        6.80404        0.26092        0.65149
    81.0        6.60429        0.26659        0.65637
    82.0        6.41398        0.27228        0.66116
    83.0        6.23255        0.27800        0.66585
    84.0        6.05948        0.28375        0.67046
    85.0        5.89429        0.28951        0.67498
    86.0        5.73640        0.29528        0.67939
    87.0        5.58476        0.30097        0.68361
    88.0        5.43971        0.30666        0.68777
    89.0        5.30094        0.31237        0.69185
    90.0        5.16811        0.31809        0.69585
    91.0        5.04089        0.32381        0.69978
    92.0        4.91898        0.32954        0.70364
    93.0        4.80209        0.33527        0.70744
    94.0        4.68997        0.34100        0.71118
    95.0        4.58238        0.34673        0.71485
    96.0        4.47909        0.35246        0.71846
    97.0        4.37988        0.35818        0.72199
    98.0        4.28457        0.36390        0.72547
    99.0        4.19289        0.36961        0.72891
   100.0        4.10472        0.37531        0.73229
   101.0        4.01863        0.38097        0.73550
   102.0        3.93579        0.38661        0.73865
   103.0        3.85603        0.39224        0.74175
   104.0        3.77919        0.39786        0.74480
   105.0        3.70513        0.40345        0.74781
   106.0        3.63369        0.40902        0.75079
   107.0        3.56482        0.41458        0.75372
   108.0        3.49838        0.42011        0.75659
   109.0        3.43426        0.42563        0.75942
   110.0        3.37237        0.43112        0.76220
   111.0        3.31260        0.43659        0.76493
   112.0        3.25486        0.44204        0.76761
   113.0        3.19906        0.44746        0.77025
   114.0        3.14513        0.45286        0.77285
   115.0        3.09293        0.45822        0.77542
   116.0        3.04242        0.46355        0.77797
   117.0        2.99355        0.46885        0.78047
   118.0        2.94625        0.47413        0.78293
   119.0        2.90046        0.47937        0.78535
   120.0        2.85610        0.48458        0.78773
   121.0        2.81314        0.48976        0.79007
   122.0        2.77151        0.49491        0.79238
   123.0        2.73115        0.50003        0.79464
   124.0        2.69199        0.50510        0.79689
   125.0        2.65401        0.51014        0.79910
   126.0        2.61717        0.51515        0.80128
   127.0        2.58142        0.52012        0.80342
   128.0        2.54671        0.52506        0.80552
   129.0        2.51303        0.52996        0.80760
   130.0        2.48031        0.53482        0.80964
   131.0        2.44852        0.53965        0.81165
   132.0        2.41763        0.54443        0.81363
   133.0        2.38760        0.54918        0.81559
   134.0        2.35842        0.55389        0.81751
   135.0        2.33004        0.55856        0.81941
   136.0        2.30243        0.56319        0.82128
   137.0        2.27559        0.56779        0.82312
   138.0        2.24946        0.57234        0.82493
   139.0        2.22403        0.57685        0.82671
   140.0        2.19929        0.58133        0.82847
   141.0        2.17519        0.58576        0.83019
   142.0        2.15172        0.59015        0.83190
   143.0        2.12885        0.59450        0.83359
   144.0        2.10657        0.59881        0.83525
   145.0        2.08484        0.60309        0.83689
   146.0        2.06368        0.60732        0.83850
   147.0        2.04305        0.61151        0.84009
   148.0        2.02292        0.61566        0.84166
   149.0        2.00331        0.61977        0.84320
   150.0        1.98417        0.62384        0.84472
   151.0        1.96551        0.62786        0.84622
   152.0        1.94690        0.63177        0.84765
   153.0        1.92860        0.63561        0.84904
   154.0        1.91072        0.63942        0.85041
   155.0        1.89326        0.64318        0.85176
   156.0        1.87620        0.64691        0.85309
   157.0        1.85953        0.65060        0.85441
   158.0        1.84324        0.65425        0.85571
   159.0        1.82731        0.65786        0.85699
   160.0        1.81173        0.66144        0.85826
   161.0        1.79650        0.66497        0.85951
   162.0        1.78160        0.66847        0.86074
   163.0        1.76703        0.67194        0.86196
   164.0        1.75277        0.67536        0.86316
   165.0        1.73882        0.67875        0.86434
   166.0        1.72517        0.68210        0.86551
   167.0        1.71181        0.68542        0.86667
   168.0        1.69873        0.68870        0.86780
   169.0        1.68591        0.69194        0.86893
   170.0        1.67338        0.69515        0.87004
   171.0        1.66109        0.69832        0.87113
   172.0        1.64905        0.70146        0.87221
   173.0        1.63727        0.70457        0.87328
   174.0        1.62570        0.70763        0.87433
   175.0        1.61438        0.71067        0.87537
   176.0        1.60328        0.71367        0.87640
   177.0        1.59239        0.71664        0.87742
   178.0        1.58172        0.71957        0.87843
   179.0        1.57125        0.72247        0.87942
   180.0        1.56099        0.72534        0.88040
   181.0        1.55092        0.72817        0.88136
   182.0        1.54105        0.73097        0.88232
   183.0        1.53136        0.73375        0.88326
   184.0        1.52185        0.73648        0.88419
   185.0        1.51252        0.73919        0.88512
   186.0        1.50336        0.74187        0.88603
   187.0        1.49437        0.74452        0.88693
   188.0        1.48554        0.74713        0.88781
   189.0        1.47687        0.74972        0.88869
   190.0        1.46836        0.75227        0.88956
   191.0        1.46000        0.75480        0.89041
   192.0        1.45179        0.75730        0.89126
   193.0        1.44373        0.75977        0.89210
   194.0        1.43580        0.76221        0.89292
   195.0        1.42801        0.76462        0.89374
   196.0        1.42035        0.76700        0.89455
   197.0        1.41283        0.76936        0.89535
   198.0        1.40543        0.77169        0.89614
   199.0        1.39816        0.77399        0.89692
   200.0        1.39101        0.77626        0.89769
   201.0        1.38410        0.77844        0.89846
   202.0        1.37731        0.78060        0.89921
   203.0        1.37062        0.78273        0.89996
   204.0        1.36404        0.78484        0.90069
   205.0        1.35757        0.78692        0.90142
   206.0        1.35119        0.78898        0.90214
   207.0        1.34491        0.79102        0.90286
   208.0        1.33874        0.79303        0.90356
   209.0        1.33266        0.79502        0.90426
   210.0        1.32668        0.79699        0.90495
   211.0        1.32078        0.79893        0.90563
   212.0        1.31498        0.80086        0.90631
   213.0        1.30926        0.80276        0.90697
   214.0        1.30359        0.80463        0.90763
   215.0        1.29778        0.80645        0.90826
   216.0        1.29206        0.80824        0.90888
   217.0        1.28641        0.81002        0.90950
   218.0        1.28085        0.81178        0.91011
   219.0        1.27537        0.81352        0.91071
   220.0        1.26996        0.81523        0.91130
   221.0        1.26463        0.81693        0.91189
   222.0        1.25938        0.81861        0.91248
   223.0        1.25420        0.82027        0.91306
   224.0        1.24909        0.82191        0.91363
   225.0        1.24405        0.82353        0.91420
   226.0        1.23907        0.82514        0.91476
   227.0        1.23417        0.82672        0.91532
   228.0        1.22933        0.82829        0.91587
   229.0        1.22456        0.82984        0.91641
   230.0        1.21985        0.83138        0.91695
   231.0        1.21521        0.83289        0.91748
   232.0        1.21062        0.83439        0.91801
   233.0        1.20610        0.83588        0.91853
   234.0        1.20163        0.83734        0.91905
   235.0        1.19722        0.83879        0.91956
   236.0        1.19287        0.84023        0.92007
   237.0        1.18857        0.84165        0.92057
   238.0        1.18433        0.84305        0.92107
   239.0        1.18014        0.84443        0.92156
   240.0        1.17600        0.84581        0.92205
   241.0        1.17192        0.84716        0.92253
   242.0        1.16788        0.84850        0.92301
   243.0        1.16390        0.84983        0.92349
   244.0        1.15995        0.85114        0.92396
   245.0        1.15607        0.85244        0.92442
   246.0        1.15223        0.85372        0.92488
   247.0        1.14843        0.85499        0.92534
   248.0        1.14468        0.85625        0.92579
   249.0        1.14097        0.85749        0.92624
   250.0        1.13731        0.85872        0.92668
   251.0        1.13369        0.85993        0.92712
   252.0        1.13012        0.86114        0.92756
   253.0        1.12658        0.86233        0.92799
   254.0        1.12308        0.86350        0.92842
   255.0        1.11963        0.86467        0.92884
   256.0        1.11621        0.86582        0.92926
   257.0        1.11284        0.86695        0.92967
   258.0        1.10950        0.86808        0.93009
   259.0        1.10620        0.86919        0.93049
   260.0        1.10293        0.87029        0.93090
   261.0        1.09970        0.87138        0.93130
   262.0        1.09651        0.87246        0.93170
   263.0        1.09335        0.87353        0.93209
   264.0        1.09023        0.87459        0.93248
   265.0        1.08714        0.87563        0.93287
   266.0        1.08408        0.87666        0.93325
   267.0        1.08106        0.87768        0.93363
   268.0        1.07806        0.87870        0.93401
   269.0        1.07510        0.87970        0.93438
   270.0        1.07217        0.88069        0.93475
   271.0        1.06927        0.88167        0.93512
   272.0        1.06641        0.88263        0.93548
   273.0        1.06357        0.88359        0.93584
   274.0        1.06076        0.88454        0.93619
   275.0        1.05798        0.88548        0.93655
   276.0        1.05523        0.88641        0.93690
   277.0        1.05250        0.88733        0.93725
   278.0        1.04981        0.88824        0.93759
   279.0        1.04714        0.88914        0.93793
   280.0        1.04451        0.89002        0.93827
   281.0        1.04189        0.89090        0.93861
   282.0        1.03931        0.89177        0.93894
   283.0        1.03674        0.89263        0.93927
   284.0        1.03420        0.89348        0.93960
   285.0        1.03170        0.89432        0.93993
   286.0        1.02921        0.89515        0.94025
   287.0        1.02674        0.89598        0.94057
   288.0        1.02431        0.89680        0.94088
   289.0        1.02188        0.89760        0.94120
   290.0        1.01949        0.89840        0.94151
   291.0        1.01712        0.89919        0.94182
   292.0        1.01477        0.89998        0.94212
   293.0        1.01244        0.90075        0.94243
   294.0        1.01013        0.90152        0.94273
   295.0        1.00785        0.90228        0.94303
   296.0        1.00558        0.90303        0.94332
   297.0        1.00334        0.90378        0.94362
   298.0        1.00111        0.90452        0.94391
   299.0        0.99891        0.90525        0.94420
   300.0        0.99672        0.90597        0.94449
   301.0        0.99460        0.90665        0.94477
   302.0        0.99249        0.90732        0.94505
   303.0        0.99040        0.90799        0.94533
   304.0        0.98833        0.90865        0.94561
   305.0        0.98628        0.90931        0.94589
   306.0        0.98424        0.90996        0.94616
   307.0        0.98221        0.91060        0.94643
   308.0        0.98021        0.91124        0.94670
   309.0        0.97823        0.91187        0.94697
   310.0        0.97626        0.91249        0.94723
   311.0        0.97430        0.91311        0.94750
   312.0        0.97237        0.91372        0.94776
   313.0        0.97044        0.91433        0.94802
   314.0        0.96854        0.91493        0.94827
   315.0        0.96657        0.91552        0.94852
   316.0        0.96455        0.91610        0.94877
   317.0        0.96255        0.91667        0.94901
   318.0        0.96057        0.91724        0.94925
   319.0        0.95860        0.91780        0.94949
   320.0        0.95664        0.91836        0.94973
   321.0        0.95470        0.91891        0.94996
   322.0        0.95278        0.91946        0.95020
   323.0        0.95087        0.92000        0.95043
   324.0        0.94897        0.92054        0.95066
   325.0        0.94709        0.92107        0.95089
   326.0        0.94522        0.92159        0.95112
   327.0        0.94337        0.92212        0.95134
   328.0        0.94153        0.92264        0.95157
   329.0        0.93971        0.92315        0.95179
   330.0        0.93789        0.92366        0.95201
   331.0        0.93609        0.92416        0.95223
   332.0        0.93431        0.92466        0.95245
   333.0        0.93253        0.92516        0.95266
   334.0        0.93077        0.92565        0.95288
   335.0        0.92903        0.92613        0.95309
   336.0        0.92729        0.92662        0.95330
   337.0        0.92557        0.92709        0.95351
   338.0        0.92386        0.92757        0.95372
   339.0        0.92216        0.92804        0.95393
   340.0        0.92047        0.92850        0.95413
   341.0        0.91880        0.92896        0.95433
   342.0        0.91713        0.92942        0.95454
   343.0        0.91548        0.92987        0.95474
   344.0        0.91384        0.93032        0.95494
   345.0        0.91221        0.93077        0.95514
   346.0        0.91059        0.93121        0.95533
   347.0        0.90899        0.93165        0.95553
   348.0        0.90739        0.93208        0.95572
   349.0        0.90581        0.93251        0.95591
   350.0        0.90423        0.93294        0.95610
   351.0        0.90267        0.93336        0.95629
   352.0        0.90111        0.93378        0.95648
   353.0        0.89957        0.93420        0.95667
   354.0        0.89804        0.93461        0.95686
   355.0        0.89651        0.93502        0.95704
   356.0        0.89500        0.93542        0.95722
   357.0        0.89350        0.93582        0.95741
   358.0        0.89200        0.93622        0.95759
   359.0        0.89052        0.93662        0.95777
   360.0        0.88905        0.93701        0.95795
   361.0        0.88758        0.93740        0.95812
   362.0        0.88613        0.93778        0.95830
   363.0        0.88468        0.93816        0.95848
   364.0        0.88324        0.93854        0.95865
   365.0        0.88181        0.93892        0.95882
   366.0        0.88039        0.93929        0.95900
   367.0        0.87898        0.93966        0.95917
   368.0        0.87758        0.94003        0.95934
   369.0        0.87619        0.94039        0.95950
   370.0        0.87480        0.94075        0.95967
   371.0        0.87343        0.94111        0.95984
   372.0        0.87206        0.94146        0.96000
   373.0        0.87070        0.94181        0.96017
   374.0        0.86935        0.94216        0.96033
   375.0        0.86801        0.94251        0.96049
   376.0        0.86667        0.94285        0.96065
   377.0        0.86535        0.94319        0.96081
   378.0        0.86403        0.94353        0.96097
   379.0        0.86272        0.94386        0.96113
   380.0        0.86141        0.94419        0.96129
   381.0        0.86012        0.94452        0.96144
   382.0        0.85883        0.94485        0.96160
   383.0        0.85755        0.94517        0.96175
   384.0        0.85628        0.94550        0.96190
   385.0        0.85501        0.94582        0.96205
   386.0        0.85376        0.94613        0.96220
   387.0        0.85251        0.94645        0.96235
   388.0        0.85126        0.94676        0.96250
   389.0        0.85003        0.94706        0.96265
   390.0        0.84880        0.94737        0.96280
   391.0        0.84757        0.94768        0.96294
   392.0        0.84636        0.94798        0.96309
   393.0        0.84515        0.94828        0.96323
   394.0        0.84395        0.94857        0.96338
   395.0        0.84275        0.94887        0.96352
   396.0        0.84156        0.94916        0.96366
   397.0        0.84038        0.94945        0.96380
   398.0        0.83921        0.94974        0.96394
   399.0        0.83804        0.95002        0.96408
   400.0        0.83687        0.95031        0.96422
   401.0        0.83574        0.95056        0.96436
   402.0        0.83461        0.95082        0.96449
   403.0        0.83348        0.95108        0.96463
   404.0        0.83236        0.95133        0.96476
   405.0        0.83125        0.95158        0.96490
   406.0        0.83014        0.95183        0.96503
   407.0        0.82904        0.95208        0.96516
   408.0        0.82794        0.95233        0.96529
   409.0        0.82685        0.95257        0.96542
   410.0        0.82576        0.95282        0.96555
   411.0        0.82468        0.95306        0.96568
   412.0        0.82361        0.95330        0.96581
   413.0        0.82254        0.95354        0.96594
   414.0        0.82148        0.95377        0.96607
   415.0        0.82042        0.95401        0.96619
   416.0        0.81937        0.95424        0.96632
   417.0        0.81832        0.95447        0.96644
   418.0        0.81728        0.95470        0.96657
   419.0        0.81624        0.95493        0.96669
   420.0        0.81521        0.95515        0.96681
   421.0        0.81418        0.95538        0.96693
   422.0        0.81316        0.95560        0.96706
   423.0        0.81214        0.95582        0.96718
   424.0        0.81113        0.95604        0.96730
   425.0        0.81012        0.95626        0.96741
   426.0        0.80912        0.95648        0.96753
   427.0        0.80812        0.95669        0.96765
   428.0        0.80713        0.95691        0.96777
   429.0        0.80614        0.95712        0.96788
   430.0        0.80515        0.95733        0.96800
   431.0        0.80418        0.95754        0.96811
   432.0        0.80320        0.95775        0.96823
   433.0        0.80223        0.95796        0.96834
   434.0        0.80127        0.95816        0.96845
   435.0        0.80031        0.95836        0.96857
   436.0        0.79935        0.95857        0.96868
   437.0        0.79840        0.95877        0.96879
   438.0        0.79745        0.95897        0.96890
   439.0        0.79651        0.95917        0.96901
   440.0        0.79557        0.95936        0.96912
   441.0        0.79464        0.95956        0.96923
   442.0        0.79371        0.95975        0.96933
   443.0        0.79278        0.95994        0.96944
   444.0        0.79186        0.96014        0.96955
   445.0        0.79095        0.96033        0.96965
   446.0        0.79003        0.96052        0.96976
   447.0        0.78912        0.96070        0.96987
   448.0        0.78822        0.96089        0.96997
   449.0        0.78732        0.96108        0.97007
   450.0        0.78642        0.96126        0.97018
   451.0        0.78553        0.96144        0.97028
   452.0        0.78464        0.96162        0.97038
   453.0        0.78376        0.96180        0.97048
   454.0        0.78288        0.96198        0.97058
   455.0        0.78200        0.96216        0.97068
   456.0        0.78113        0.96234        0.97078
   457.0        0.78026        0.96251        0.97088
   458.0        0.77939        0.96269        0.97098
   459.0        0.77853        0.96286        0.97108
   460.0        0.77767        0.96303        0.97118
   461.0        0.77682        0.96320        0.97128
   462.0        0.77597        0.96337        0.97137
   463.0        0.77512        0.96354        0.97147
   464.0        0.77428        0.96371        0.97156
   465.0        0.77344        0.96388        0.97166
   466.0        0.77260        0.96404        0.97175
   467.0        0.77177        0.96421        0.97185
   468.0        0.77094        0.96437        0.97194
   469.0        0.77011        0.96453        0.97203
   470.0        0.76929        0.96469        0.97213
   471.0        0.76847        0.96485        0.97222
   472.0        0.76766        0.96501        0.97231
   473.0        0.76684        0.96517        0.97240
   474.0        0.76603        0.96533        0.97249
   475.0        0.76523        0.96549        0.97258
   476.0        0.76437        0.96564        0.97267
   477.0        0.76350        0.96579        0.97276
   478.0        0.76262        0.96594        0.97284
   479.0        0.76175        0.96609        0.97293
   480.0        0.76088        0.96624        0.97301
   481.0        0.76002        0.96638        0.97310
   482.0        0.75916        0.96653        0.97318
   483.0        0.75830        0.96667        0.97327
   484.0        0.75745        0.96682        0.97335
   485.0        0.75660        0.96696        0.97343
   486.0        0.75575        0.96710        0.97352
   487.0        0.75491        0.96724        0.97360
   488.0        0.75407        0.96739        0.97368
   489.0        0.75323        0.96753        0.97376
   490.0        0.75240        0.96766        0.97384
   491.0        0.75156        0.96780        0.97392
   492.0        0.75074        0.96794        0.97400
   493.0        0.74991        0.96808        0.97408
   494.0        0.74909        0.96821        0.97416
   495.0        0.74828        0.96835        0.97424
   496.0        0.74746        0.96848        0.97432
   497.0        0.74665        0.96861        0.97440
   498.0        0.74584        0.96875        0.97447
   499.0        0.74504        0.96888        0.97455
   500.0        0.74423        0.96901        0.97463
   501.0        0.74344        0.96914        0.97470
   502.0        0.74264        0.96927        0.97478
   503.0        0.74185        0.96940        0.97486
   504.0        0.74106        0.96952        0.97493
   505.0        0.74027        0.96965        0.97501
   506.0        0.73949        0.96978        0.97508
   507.0        0.73870        0.96990        0.97515
   508.0        0.73793        0.97003        0.97523
   509.0        0.73715        0.97015        0.97530
   510.0        0.73638        0.97027        0.97538
   511.0        0.73561        0.97040        0.97545
   512.0        0.73484        0.97052        0.97552
   513.0        0.73408        0.97064        0.97559
   514.0        0.73332        0.97076        0.97567
   515.0        0.73256        0.97088        0.97574
   516.0        0.73180        0.97100        0.97581
   517.0        0.73105        0.97111        0.97588
   518.0        0.73030        0.97123        0.97595
   519.0        0.72956        0.97135        0.97602
   520.0        0.72881        0.97146        0.97609
   521.0        0.72807        0.97158        0.97616
   522.0        0.72733        0.97169        0.97623
   523.0        0.72659        0.97181        0.97630
   524.0        0.72586        0.97192        0.97637
   525.0        0.72513        0.97204        0.97643
   526.0        0.72440        0.97215        0.97650
   527.0        0.72367        0.97226        0.97657
   528.0        0.72295        0.97237        0.97664
   529.0        0.72223        0.97248        0.97670
   530.0        0.72151        0.97259        0.97677
   531.0        0.72079        0.97270        0.97684
   532.0        0.72008        0.97281        0.97690
   533.0        0.71937        0.97291        0.97697
   534.0        0.71866        0.97302        0.97703
   535.0        0.71796        0.97313        0.97710
   536.0        0.71725        0.97323        0.97716
   537.0        0.71655        0.97334        0.97723
   538.0        0.71585        0.97344        0.97729
   539.0        0.71516        0.97355        0.97736
   540.0        0.71446        0.97365        0.97742
   541.0        0.71377        0.97375        0.97748
   542.0        0.71308        0.97386        0.97755
   543.0        0.71240        0.97396        0.97761
   544.0        0.71171        0.97406        0.97767
   545.0        0.71103        0.97416        0.97773
   546.0        0.71035        0.97426        0.97780
   547.0        0.70967        0.97436        0.97786
   548.0        0.70900        0.97446        0.97792
   549.0        0.70833        0.97455        0.97798
   550.0        0.70767        0.97463        0.97804
   551.0        0.70701        0.97472        0.97810
   552.0        0.70635        0.97481        0.97816
   553.0        0.70569        0.97490        0.97822
   554.0        0.70503        0.97498        0.97828
   555.0        0.70438        0.97507        0.97834
   556.0        0.70373        0.97516        0.97840
   557.0        0.70308        0.97524        0.97846
   558.0        0.70243        0.97533        0.97852
   559.0        0.70179        0.97541        0.97858
   560.0        0.70115        0.97550        0.97863
   561.0        0.70051        0.97558        0.97869
   562.0        0.69987        0.97566        0.97875
   563.0        0.69923        0.97575        0.97881
   564.0        0.69860        0.97583        0.97886
   565.0        0.69796        0.97591        0.97892
   566.0        0.69733        0.97599        0.97898
   567.0        0.69670        0.97607        0.97903
   568.0        0.69608        0.97615        0.97909
   569.0        0.69545        0.97623        0.97915
   570.0        0.69483        0.97631        0.97920
   571.0        0.69421        0.97639        0.97926
   572.0        0.69359        0.97647        0.97931
   573.0        0.69297        0.97655        0.97937
   574.0        0.69236        0.97663        0.97942
   575.0        0.69174        0.97671        0.97948
   576.0        0.69113        0.97679        0.97953
   577.0        0.69052        0.97686        0.97958
   578.0        0.68992        0.97694        0.97964
   579.0        0.68931        0.97702        0.97969
   580.0        0.68871        0.97709        0.97975
   581.0        0.68810        0.97717        0.97980
   582.0        0.68750        0.97724        0.97985
   583.0        0.68691        0.97732        0.97990
   584.0        0.68631        0.97739        0.97996
   585.0        0.68571        0.97747        0.98001
   586.0        0.68512        0.97754        0.98006
   587.0        0.68453        0.97762        0.98011
   588.0        0.68394        0.97769        0.98016
   589.0        0.68335        0.97776        0.98022
   590.0        0.68277        0.97783        0.98027
   591.0        0.68218        0.97791        0.98032
   592.0        0.68160        0.97798        0.98037
   593.0        0.68102        0.97805        0.98042
   594.0        0.68044        0.97812        0.98047
   595.0        0.67986        0.97819        0.98052
   596.0        0.67929        0.97826        0.98057
   597.0        0.67872        0.97833        0.98062
   598.0        0.67814        0.97840        0.98067
   599.0        0.67757        0.97847        0.98072
   600.0        0.67700        0.97854        0.98077
   601.0        0.67644        0.97861        0.98082
   602.0        0.67587        0.97868        0.98086
   603.0        0.67531        0.97874        0.98091
   604.0        0.67474        0.97881        0.98096
   605.0        0.67418        0.97888        0.98101
   606.0        0.67363        0.97895        0.98106
   607.0        0.67307        0.97901        0.98110
   608.0        0.67251        0.97908        0.98115
   609.0        0.67196        0.97915        0.98120
   610.0        0.67141        0.97921        0.98125
   611.0        0.67086        0.97928        0.98129
   612.0        0.67031        0.97934        0.98134
   613.0        0.66976        0.97941        0.98139
   614.0        0.66921        0.97947        0.98143
   615.0        0.66867        0.97954        0.98148
   616.0        0.66812        0.97960        0.98152
   617.0        0.66758        0.97966        0.98157
   618.0        0.66704        0.97973        0.98162
   619.0        0.66650        0.97979        0.98166
   620.0        0.66597        0.97985        0.98171
   621.0        0.66543        0.97992        0.98175
   622.0        0.66490        0.97998        0.98180
   623.0        0.66436        0.98004        0.98184
   624.0        0.66383        0.98010        0.98188
   625.0        0.66330        0.98016        0.98193
   626.0        0.66277        0.98022        0.98197
   627.0        0.66225        0.98029        0.98202
   628.0        0.66172        0.98035        0.98206
   629.0        0.66120        0.98041        0.98210
   630.0        0.66068        0.98047        0.98215
   631.0        0.66016        0.98053        0.98219
   632.0        0.65964        0.98059        0.98223
   633.0        0.65912        0.98064        0.98228
   634.0        0.65860        0.98070        0.98232
   635.0        0.65809        0.98076        0.98236
   636.0        0.65757        0.98082        0.98240
   637.0        0.65706        0.98088        0.98245
   638.0        0.65655        0.98094        0.98249
   639.0        0.65604        0.98099        0.98253
   640.0        0.65553        0.98105        0.98257
   641.0        0.65502        0.98111        0.98261
   642.0        0.65452        0.98117        0.98266
   643.0        0.65401        0.98122        0.98270
   644.0        0.65351        0.98128        0.98274
   645.0        0.65301        0.98133        0.98278
   646.0        0.65251        0.98139        0.98282
   647.0        0.65201        0.98145        0.98286
   648.0        0.65151        0.98150        0.98290
   649.0        0.65102        0.98156        0.98294
   650.0        0.65052        0.98161        0.98298
   651.0        0.65003        0.98167        0.98302
   652.0        0.64954        0.98172        0.98306
   653.0        0.64905        0.98177        0.98310
   654.0        0.64856        0.98183        0.98314
   655.0        0.64807        0.98188        0.98318
   656.0        0.64758        0.98193        0.98322
   657.0        0.64709        0.98199        0.98326
   658.0        0.64661        0.98204        0.98330
   659.0        0.64613        0.98209        0.98334
   660.0        0.64564        0.98215        0.98337
   661.0        0.64516        0.98220        0.98341
   662.0        0.64468        0.98225        0.98345
   663.0        0.64420        0.98230        0.98349
   664.0        0.64373        0.98235        0.98353
   665.0        0.64325        0.98241        0.98357
   666.0        0.64278        0.98246        0.98360
   667.0        0.64230        0.98251        0.98364
   668.0        0.64183        0.98256        0.98368
   669.0        0.64136        0.98261        0.98372
   670.0        0.64089        0.98266        0.98375
   671.0        0.64042        0.98271        0.98379
   672.0        0.63995        0.98276        0.98383
   673.0        0.63949        0.98281        0.98386
   674.0        0.63902        0.98286        0.98390
   675.0        0.63856        0.98291        0.98394
   676.0        0.63809        0.98296        0.98397
   677.0        0.63763        0.98300        0.98401
   678.0        0.63717        0.98305        0.98405
   679.0        0.63671        0.98310        0.98408
   680.0        0.63625        0.98315        0.98412
   681.0        0.63580        0.98320        0.98415
   682.0        0.63534        0.98324        0.98419
   683.0        0.63489        0.98329        0.98423
   684.0        0.63443        0.98334        0.98426
   685.0        0.63398        0.98339        0.98430
   686.0        0.63353        0.98343        0.98433
   687.0        0.63308        0.98348        0.98437
   688.0        0.63263        0.98353        0.98440
   689.0        0.63218        0.98357        0.98444
   690.0        0.63173        0.98362        0.98447
   691.0        0.63129        0.98367        0.98450
   692.0        0.63084        0.98371        0.98454
   693.0        0.63040        0.98376        0.98457
   694.0        0.62996        0.98380        0.98461
   695.0        0.62951        0.98385        0.98464
   696.0        0.62907        0.98389        0.98468
   697.0        0.62864        0.98394        0.98471
   698.0        0.62820        0.98398        0.98474
   699.0        0.62776        0.98403        0.98478
   700.0        0.62732        0.98407        0.98481
   701.0        0.62689        0.98411        0.98484
   702.0        0.62645        0.98416        0.98488
   703.0        0.62602        0.98420        0.98491
   704.0        0.62559        0.98425        0.98494
   705.0        0.62516        0.98429        0.98497
   706.0        0.62473        0.98433        0.98501
   707.0        0.62430        0.98438        0.98504
   708.0        0.62387        0.98442        0.98507
   709.0        0.62344        0.98446        0.98510
   710.0        0.62302        0.98450        0.98514
   711.0        0.62260        0.98453        0.98517
   712.0        0.62218        0.98457        0.98520
   713.0        0.62176        0.98461        0.98523
   714.0        0.62134        0.98465        0.98526
   715.0        0.62092        0.98468        0.98530
   716.0        0.62050        0.98472        0.98533
   717.0        0.62009        0.98476        0.98536
   718.0        0.61967        0.98480        0.98539
   719.0        0.61926        0.98483        0.98542
   720.0        0.61884        0.98487        0.98545
   721.0        0.61843        0.98491        0.98548
   722.0        0.61802        0.98494        0.98551
   723.0        0.61761        0.98498        0.98555
   724.0        0.61720        0.98501        0.98558
   725.0        0.61679        0.98505        0.98561
   726.0        0.61638        0.98509        0.98564
   727.0        0.61597        0.98512        0.98567
   728.0        0.61557        0.98516        0.98570
   729.0        0.61516        0.98519        0.98573
   730.0        0.61476        0.98523        0.98576
   731.0        0.61436        0.98526        0.98579
   732.0        0.61395        0.98530        0.98582
   733.0        0.61355        0.98533        0.98585
   734.0        0.61315        0.98537        0.98588
   735.0        0.61275        0.98540        0.98591
   736.0        0.61235        0.98544        0.98594
   737.0        0.61195        0.98547        0.98597
   738.0        0.61156        0.98551        0.98600
   739.0        0.61116        0.98554        0.98602
   740.0        0.61077        0.98557        0.98605
   741.0        0.61037        0.98561        0.98608
   742.0        0.60998        0.98564        0.98611
   743.0        0.60958        0.98567        0.98614
   744.0        0.60919        0.98571        0.98617
   745.0        0.60880        0.98574        0.98620
   746.0        0.60841        0.98578        0.98623
   747.0        0.60802        0.98581        0.98625
   748.0        0.60763        0.98584        0.98628
   749.0        0.60725        0.98587        0.98631
   750.0        0.60686        0.98591        0.98634
   751.0        0.60647        0.98594        0.98637
   752.0        0.60609        0.98597        0.98639
   753.0        0.60571        0.98600        0.98642
   754.0        0.60532        0.98604        0.98645
   755.0        0.60494        0.98607        0.98648
   756.0        0.60456        0.98610        0.98650
   757.0        0.60418        0.98613        0.98653
   758.0        0.60380        0.98617        0.98656
   759.0        0.60342        0.98620        0.98659
   760.0        0.60304        0.98623        0.98661
   761.0        0.60266        0.98626        0.98664
   762.0        0.60228        0.98629        0.98667
   763.0        0.60191        0.98632        0.98670
   764.0        0.60153        0.98635        0.98672
   765.0        0.60116        0.98639        0.98675
   766.0        0.60078        0.98642        0.98678
   767.0        0.60041        0.98645        0.98680
   768.0        0.60004        0.98648        0.98683
   769.0        0.59967        0.98651        0.98685
   770.0        0.59930        0.98654        0.98688
   771.0        0.59893        0.98657        0.98691
   772.0        0.59856        0.98660        0.98693
   773.0        0.59819        0.98663        0.98696
   774.0        0.59782        0.98666        0.98699
   775.0        0.59746        0.98669        0.98701
   776.0        0.59709        0.98672        0.98704
   777.0        0.59673        0.98675        0.98706
   778.0        0.59636        0.98678        0.98709
   779.0        0.59600        0.98681        0.98711
   780.0        0.59564        0.98684        0.98714
   781.0        0.59526        0.98687        0.98716
   782.0        0.59487        0.98690        0.98719
   783.0        0.59448        0.98693        0.98721
   784.0        0.59409        0.98695        0.98724
   785.0        0.59370        0.98698        0.98726
   786.0        0.59331        0.98701        0.98729
   787.0        0.59293        0.98704        0.98731
   788.0        0.59254        0.98707        0.98733
   789.0        0.59216        0.98709        0.98736
   790.0        0.59177        0.98712        0.98738
   791.0        0.59139        0.98715        0.98741
   792.0        0.59101        0.98718        0.98743
   793.0        0.59063        0.98721        0.98745
   794.0        0.59024        0.98723        0.98748
   795.0        0.58986        0.98726        0.98750
   796.0        0.58949        0.98729        0.98753
   797.0        0.58911        0.98731        0.98755
   798.0        0.58873        0.98734        0.98757
   799.0        0.58835        0.98737        0.98760
   800.0        0.58798        0.98740        0.98762
   801.0        0.58760        0.98742        0.98764
   802.0        0.58723        0.98745        0.98767
   803.0        0.58685        0.98748        0.98769
   804.0        0.58648        0.98750        0.98771
   805.0        0.58611        0.98753        0.98773
   806.0        0.58574        0.98756        0.98776
   807.0        0.58536        0.98758        0.98778
   808.0        0.58500        0.98761        0.98780
   809.0        0.58463        0.98763        0.98783
   810.0        0.58426        0.98766        0.98785
   811.0        0.58389        0.98769        0.98787
   812.0        0.58352        0.98771        0.98789
   813.0        0.58316        0.98774        0.98792
   814.0        0.58279        0.98776        0.98794
   815.0        0.58243        0.98779        0.98796
   816.0        0.58206        0.98781        0.98798
   817.0        0.58170        0.98784        0.98800
   818.0        0.58133        0.98787        0.98803
   819.0        0.58097        0.98789        0.98805
   820.0        0.58061        0.98792        0.98807
   821.0        0.58025        0.98794        0.98809
   822.0        0.57989        0.98797        0.98811
   823.0        0.57953        0.98799        0.98814
   824.0        0.57917        0.98802        0.98816
   825.0        0.57882        0.98804        0.98818
   826.0        0.57846        0.98807        0.98820
   827.0        0.57810        0.98809        0.98822
   828.0        0.57775        0.98811        0.98824
   829.0        0.57739        0.98814        0.98826
   830.0        0.57704        0.98816        0.98829
   831.0        0.57668        0.98819        0.98831
   832.0        0.57633        0.98821        0.98833
   833.0        0.57598        0.98824        0.98835
   834.0        0.57563        0.98826        0.98837
   835.0        0.57528        0.98828        0.98839
   836.0        0.57493        0.98831        0.98841
   837.0        0.57458        0.98833        0.98843
   838.0        0.57423        0.98836        0.98845
   839.0        0.57388        0.98838        0.98847
   840.0        0.57353        0.98840        0.98850
   841.0        0.57319        0.98843        0.98852
   842.0        0.57284        0.98845        0.98854
   843.0        0.57250        0.98847        0.98856
   844.0        0.57215        0.98850        0.98858
   845.0        0.57181        0.98852        0.98860
   846.0        0.57146        0.98854        0.98862
   847.0        0.57112        0.98857        0.98864
   848.0        0.57078        0.98859        0.98866
   849.0        0.57044        0.98861        0.98868
   850.0        0.57010        0.98864        0.98870
   851.0        0.56976        0.98866        0.98872
   852.0        0.56942        0.98868        0.98874
   853.0        0.56908        0.98870        0.98876
   854.0        0.56874        0.98873        0.98878
   855.0        0.56840        0.98875        0.98880
   856.0        0.56807        0.98877        0.98882
   857.0        0.56773        0.98879        0.98884
   858.0        0.56740        0.98882        0.98886
   859.0        0.56706        0.98884        0.98888
   860.0        0.56673        0.98886        0.98890
   861.0        0.56639        0.98888        0.98892
   862.0        0.56606        0.98890        0.98893
   863.0        0.56573        0.98893        0.98895
   864.0        0.56540        0.98895        0.98897
   865.0        0.56506        0.98897        0.98899
   866.0        0.56473        0.98899        0.98901
   867.0        0.56440        0.98901        0.98903
   868.0        0.56407        0.98904        0.98905
   869.0        0.56375        0.98906        0.98907
   870.0        0.56342        0.98908        0.98909
   871.0        0.56309        0.98910        0.98911
   872.0        0.56276        0.98912        0.98913
   873.0        0.56244        0.98914        0.98914
   874.0        0.56211        0.98916        0.98916
   875.0        0.56179        0.98918        0.98918
   876.0        0.56146        0.98921        0.98920
   877.0        0.56114        0.98923        0.98922
   878.0        0.56081        0.98925        0.98924
   879.0        0.56049        0.98927        0.98926
   880.0        0.56017        0.98929        0.98927
   881.0        0.55985        0.98931        0.98929
   882.0        0.55953        0.98933        0.98931
   883.0        0.55921        0.98935        0.98933
   884.0        0.55889        0.98937        0.98935
   885.0        0.55857        0.98939        0.98936
   886.0        0.55825        0.98941        0.98938
   887.0        0.55794        0.98943        0.98940
   888.0        0.55762        0.98945        0.98942
   889.0        0.55730        0.98946        0.98944
   890.0        0.55699        0.98948        0.98945
   891.0        0.55667        0.98950        0.98947
   892.0        0.55636        0.98952        0.98949
   893.0        0.55604        0.98954        0.98951
   894.0        0.55573        0.98956        0.98953
   895.0        0.55542        0.98958        0.98954
   896.0        0.55511        0.98960        0.98956
   897.0        0.55480        0.98961        0.98958
   898.0        0.55448        0.98963        0.98960
   899.0        0.55417        0.98965        0.98961
   900.0        0.55386        0.98967        0.98963
   901.0        0.55355        0.98969        0.98965
   902.0        0.55325        0.98971        0.98967
   903.0        0.55294        0.98972        0.98968
   904.0        0.55263        0.98974        0.98970
   905.0        0.55232        0.98976        0.98972
   906.0        0.55202        0.98978        0.98973
   907.0        0.55171        0.98980        0.98975
   908.0        0.55141        0.98981        0.98977
   909.0        0.55110        0.98983        0.98979
   910.0        0.55080        0.98985        0.98980
   911.0        0.55049        0.98987        0.98982
   912.0        0.55019        0.98989        0.98984
   913.0        0.54989        0.98990        0.98985
   914.0        0.54958        0.98992        0.98987
   915.0        0.54928        0.98994        0.98989
   916.0        0.54898        0.98996        0.98990
   917.0        0.54868        0.98997        0.98992
   918.0        0.54838        0.98999        0.98994
   919.0        0.54808        0.99001        0.98995
   920.0        0.54778        0.99003        0.98997
   921.0        0.54748        0.99004        0.98999
   922.0        0.54718        0.99006        0.99000
   923.0        0.54689        0.99008        0.99002
   924.0        0.54659        0.99010        0.99003
   925.0        0.54629        0.99011        0.99005
   926.0        0.54600        0.99013        0.99007
   927.0        0.54570        0.99015        0.99008
   928.0        0.54541        0.99016        0.99010
   929.0        0.54511        0.99018        0.99012
   930.0        0.54482        0.99020        0.99013
   931.0        0.54452        0.99021        0.99015
   932.0        0.54423        0.99023        0.99016
   933.0        0.54394        0.99025        0.99018
   934.0        0.54365        0.99026        0.99019
   935.0        0.54335        0.99028        0.99021
   936.0        0.54306        0.99030        0.99023
   937.0        0.54277        0.99031        0.99024
   938.0        0.54248        0.99033        0.99026
   939.0        0.54219        0.99035        0.99027
   940.0        0.54190        0.99036        0.99029
   941.0        0.54162        0.99038        0.99030
   942.0        0.54133        0.99040        0.99032
   943.0        0.54104        0.99041        0.99034
   944.0        0.54075        0.99043        0.99035
   945.0        0.54047        0.99044        0.99037
   946.0        0.54018        0.99046        0.99038
   947.0        0.53989        0.99048        0.99040
   948.0        0.53961        0.99049        0.99041
   949.0        0.53932        0.99051        0.99043
   950.0        0.53904        0.99052        0.99044
   951.0        0.53876        0.99054        0.99046
   952.0        0.53847        0.99056        0.99047
   953.0        0.53819        0.99057        0.99049
   954.0        0.53791        0.99059        0.99050
   955.0        0.53763        0.99060        0.99052
   956.0        0.53734        0.99062        0.99053
   957.0        0.53706        0.99064        0.99055
   958.0        0.53678        0.99065        0.99056
   959.0        0.53650        0.99067        0.99058
   960.0        0.53622        0.99068        0.99059
   961.0        0.53594        0.99070        0.99061
   962.0        0.53567        0.99071        0.99062
   963.0        0.53539        0.99073        0.99064
   964.0        0.53511        0.99074        0.99065
   965.0        0.53483        0.99076        0.99067
   966.0        0.53456        0.99077        0.99068
   967.0        0.53428        0.99079        0.99070
   968.0        0.53400        0.99081        0.99071
   969.0        0.53373        0.99082        0.99072
   970.0        0.53345        0.99084        0.99074
   971.0        0.53318        0.99085        0.99075
   972.0        0.53291        0.99087        0.99077
   973.0        0.53263        0.99088        0.99078
   974.0        0.53236        0.99090        0.99080
   975.0        0.53209        0.99091        0.99081
   976.0        0.53181        0.99093        0.99082
   977.0        0.53154        0.99094        0.99084
   978.0        0.53127        0.99096        0.99085
   979.0        0.53100        0.99097        0.99087
   980.0        0.53073        0.99098        0.99088
   981.0        0.53046        0.99100        0.99090
   982.0        0.53019        0.99101        0.99091
   983.0        0.52992        0.99103        0.99092
   984.0        0.52965        0.99104        0.99094
   985.0        0.52938        0.99106        0.99095
   986.0        0.52911        0.99107        0.99097
   987.0        0.52885        0.99109        0.99098
   988.0        0.52858        0.99110        0.99099
   989.0        0.52831        0.99112        0.99101
   990.0        0.52805        0.99113        0.99102
   991.0        0.52778        0.99114        0.99103
   992.0        0.52752        0.99116        0.99105
   993.0        0.52725        0.99117        0.99106
   994.0        0.52699        0.99119        0.99107
   995.0        0.52672        0.99120        0.99109
   996.0        0.52646        0.99122        0.99110
   997.0        0.52620        0.99123        0.99112
   998.0        0.52593        0.99124        0.99113
   999.0        0.52567        0.99126        0.99114
  1000.0        0.52541        0.99127        0.99116
