 CsI                 
 Density =    3.750000      Aeff =    120.7284      Zeff =    51.09050    
     1.0    32806.88672        0.00043        0.00156
     2.0     7499.24023        0.00247        0.00318
     3.0     2783.58350        0.00533        0.00641
     4.0     1344.59717        0.00777        0.01207
     5.0     1836.71606        0.00389        0.02133
     6.0     2247.90991        0.00630        0.01234
     7.0     1526.28296        0.00934        0.01365
     8.0     1072.89490        0.01232        0.01607
     9.0      791.79309        0.01515        0.01908
    10.0      601.94421        0.01811        0.02243
    11.0      466.74121        0.02120        0.02607
    12.0      370.19458        0.02432        0.03010
    13.0      299.22061        0.02749        0.03446
    14.0      245.77170        0.03069        0.03900
    15.0      204.62788        0.03397        0.04374
    16.0      171.74622        0.03737        0.04885
    17.0      145.71245        0.04072        0.05440
    18.0      124.84266        0.04406        0.06001
    19.0      107.88316        0.04734        0.06594
    20.0       93.93845        0.05054        0.07229
    21.0       82.36594        0.05367        0.07906
    22.0       72.66836        0.05672        0.08625
    23.0       64.42600        0.05969        0.09399
    24.0       57.32550        0.06272        0.10195
    25.0       51.24372        0.06548        0.11048
    26.0       46.01625        0.06824        0.11931
    27.0       41.48397        0.07069        0.12910
    28.0       37.53657        0.07297        0.13959
    29.0       34.07603        0.07491        0.15122
    30.0       31.03189        0.07645        0.16422
    31.0       28.32822        0.07722        0.17962
    32.0       25.88607        0.07623        0.20058
    33.0       23.63353        0.07188        0.23465
    34.0       69.29516        0.02736        0.21139
    35.0       64.24484        0.02888        0.21715
    36.0      105.64741        0.01674        0.22887
    37.0       98.67432        0.02083        0.19795
    38.0       92.15018        0.02297        0.19317
    39.0       86.18262        0.02473        0.19273
    40.0       80.72925        0.02633        0.19410
    41.0       75.73900        0.02784        0.19654
    42.0       71.15938        0.02922        0.20004
    43.0       66.95630        0.03058        0.20376
    44.0       63.09277        0.03195        0.20757
    45.0       59.53001        0.03326        0.21192
    46.0       56.24038        0.03455        0.21658
    47.0       53.19942        0.03584        0.22112
    48.0       50.38297        0.03713        0.22579
    49.0       47.76847        0.03837        0.23081
    50.0       45.34209        0.03966        0.23560
    51.0       43.04376        0.04101        0.24037
    52.0       40.90403        0.04235        0.24530
    53.0       38.90704        0.04363        0.25070
    54.0       37.04425        0.04493        0.25604
    55.0       35.29573        0.04629        0.26123
    56.0       33.63139        0.04768        0.26650
    57.0       32.07218        0.04903        0.27214
    58.0       30.61163        0.05039        0.27782
    59.0       29.24316        0.05179        0.28331
    60.0       27.95841        0.05321        0.28881
    61.0       26.74679        0.05461        0.29453
    62.0       25.60615        0.05599        0.30045
    63.0       24.53344        0.05743        0.30612
    64.0       23.52274        0.05889        0.31173
    65.0       22.56858        0.06033        0.31722
    66.0       21.66689        0.06176        0.32267
    67.0       20.81445        0.06318        0.32822
    68.0       20.00835        0.06462        0.33372
    69.0       19.24539        0.06607        0.33918
    70.0       18.52257        0.06754        0.34459
    71.0       17.83727        0.06903        0.35000
    72.0       17.18697        0.07051        0.35542
    73.0       16.56929        0.07201        0.36089
    74.0       15.98244        0.07351        0.36633
    75.0       15.42451        0.07504        0.37172
    76.0       14.89369        0.07658        0.37707
    77.0       14.38831        0.07813        0.38239
    78.0       13.90683        0.07971        0.38768
    79.0       13.44777        0.08129        0.39297
    80.0       13.00991        0.08288        0.39822
    81.0       12.58681        0.08453        0.40343
    82.0       12.18295        0.08620        0.40859
    83.0       11.79718        0.08788        0.41374
    84.0       11.42848        0.08957        0.41887
    85.0       11.07585        0.09127        0.42400
    86.0       10.73851        0.09299        0.42909
    87.0       10.41556        0.09472        0.43410
    88.0       10.10623        0.09646        0.43901
    89.0        9.80986        0.09821        0.44389
    90.0        9.52569        0.09998        0.44868
    91.0        9.25305        0.10175        0.45341
    92.0        8.99147        0.10354        0.45810
    93.0        8.74036        0.10534        0.46274
    94.0        8.49922        0.10716        0.46734
    95.0        8.26754        0.10899        0.47189
    96.0        8.04485        0.11085        0.47640
    97.0        7.83072        0.11271        0.48087
    98.0        7.62469        0.11459        0.48533
    99.0        7.42641        0.11648        0.48974
   100.0        7.23552        0.11839        0.49411
   101.0        7.04891        0.12032        0.49827
   102.0        6.86918        0.12227        0.50239
   103.0        6.69601        0.12423        0.50646
   104.0        6.52908        0.12620        0.51050
   105.0        6.36814        0.12819        0.51450
   106.0        6.21287        0.13019        0.51849
   107.0        6.06302        0.13220        0.52245
   108.0        5.91839        0.13422        0.52638
   109.0        5.77874        0.13626        0.53027
   110.0        5.64387        0.13831        0.53411
   111.0        5.51356        0.14037        0.53792
   112.0        5.38762        0.14245        0.54169
   113.0        5.26586        0.14454        0.54543
   114.0        5.14807        0.14664        0.54916
   115.0        5.03410        0.14875        0.55288
   116.0        4.92382        0.15087        0.55655
   117.0        4.81708        0.15300        0.56019
   118.0        4.71374        0.15515        0.56379
   119.0        4.61366        0.15731        0.56735
   120.0        4.51671        0.15948        0.57088
   121.0        4.42277        0.16167        0.57437
   122.0        4.33171        0.16386        0.57783
   123.0        4.24344        0.16607        0.58125
   124.0        4.15782        0.16829        0.58465
   125.0        4.07476        0.17052        0.58802
   126.0        3.99417        0.17276        0.59136
   127.0        3.91597        0.17501        0.59467
   128.0        3.84004        0.17728        0.59794
   129.0        3.76634        0.17955        0.60117
   130.0        3.69477        0.18184        0.60437
   131.0        3.62522        0.18413        0.60754
   132.0        3.55766        0.18644        0.61069
   133.0        3.49200        0.18876        0.61379
   134.0        3.42816        0.19109        0.61687
   135.0        3.36609        0.19342        0.61992
   136.0        3.30574        0.19576        0.62294
   137.0        3.24706        0.19811        0.62593
   138.0        3.18998        0.20048        0.62888
   139.0        3.13443        0.20285        0.63181
   140.0        3.08036        0.20523        0.63471
   141.0        3.02773        0.20762        0.63757
   142.0        2.97649        0.21002        0.64041
   143.0        2.92658        0.21242        0.64323
   144.0        2.87796        0.21484        0.64601
   145.0        2.83060        0.21726        0.64877
   146.0        2.78445        0.21969        0.65150
   147.0        2.73948        0.22213        0.65420
   148.0        2.69564        0.22458        0.65687
   149.0        2.65289        0.22704        0.65952
   150.0        2.61122        0.22950        0.66213
   151.0        2.57061        0.23197        0.66472
   152.0        2.53083        0.23440        0.66720
   153.0        2.49197        0.23682        0.66962
   154.0        2.45405        0.23925        0.67202
   155.0        2.41705        0.24168        0.67440
   156.0        2.38092        0.24412        0.67675
   157.0        2.34564        0.24656        0.67907
   158.0        2.31120        0.24901        0.68138
   159.0        2.27756        0.25146        0.68366
   160.0        2.24470        0.25392        0.68593
   161.0        2.21260        0.25638        0.68816
   162.0        2.18123        0.25885        0.69038
   163.0        2.15058        0.26132        0.69258
   164.0        2.12062        0.26379        0.69476
   165.0        2.09133        0.26627        0.69691
   166.0        2.06269        0.26875        0.69904
   167.0        2.03470        0.27124        0.70115
   168.0        2.00731        0.27373        0.70324
   169.0        1.98054        0.27622        0.70531
   170.0        1.95434        0.27872        0.70736
   171.0        1.92871        0.28122        0.70939
   172.0        1.90363        0.28371        0.71140
   173.0        1.87907        0.28621        0.71340
   174.0        1.85506        0.28871        0.71537
   175.0        1.83156        0.29121        0.71733
   176.0        1.80855        0.29372        0.71927
   177.0        1.78601        0.29622        0.72119
   178.0        1.76395        0.29872        0.72309
   179.0        1.74234        0.30123        0.72498
   180.0        1.72117        0.30374        0.72685
   181.0        1.70044        0.30625        0.72869
   182.0        1.68012        0.30876        0.73052
   183.0        1.66022        0.31127        0.73234
   184.0        1.64071        0.31378        0.73414
   185.0        1.62159        0.31629        0.73592
   186.0        1.60285        0.31881        0.73768
   187.0        1.58448        0.32132        0.73943
   188.0        1.56647        0.32384        0.74116
   189.0        1.54881        0.32635        0.74288
   190.0        1.53149        0.32886        0.74457
   191.0        1.51450        0.33138        0.74626
   192.0        1.49784        0.33389        0.74793
   193.0        1.48149        0.33640        0.74959
   194.0        1.46546        0.33891        0.75123
   195.0        1.44973        0.34142        0.75285
   196.0        1.43429        0.34393        0.75446
   197.0        1.41913        0.34644        0.75606
   198.0        1.40426        0.34895        0.75765
   199.0        1.38966        0.35145        0.75922
   200.0        1.37533        0.35395        0.76077
   201.0        1.36153        0.35639        0.76231
   202.0        1.34796        0.35882        0.76384
   203.0        1.33465        0.36125        0.76535
   204.0        1.32156        0.36367        0.76685
   205.0        1.30870        0.36610        0.76834
   206.0        1.29607        0.36852        0.76982
   207.0        1.28366        0.37094        0.77128
   208.0        1.27147        0.37336        0.77273
   209.0        1.25949        0.37577        0.77416
   210.0        1.24770        0.37818        0.77558
   211.0        1.23613        0.38059        0.77700
   212.0        1.22474        0.38300        0.77840
   213.0        1.21355        0.38540        0.77978
   214.0        1.20253        0.38779        0.78115
   215.0        1.19161        0.39013        0.78246
   216.0        1.18086        0.39247        0.78376
   217.0        1.17030        0.39480        0.78505
   218.0        1.15990        0.39713        0.78633
   219.0        1.14968        0.39946        0.78760
   220.0        1.13962        0.40178        0.78886
   221.0        1.12972        0.40410        0.79010
   222.0        1.11999        0.40642        0.79134
   223.0        1.11041        0.40873        0.79256
   224.0        1.10098        0.41103        0.79377
   225.0        1.09170        0.41334        0.79498
   226.0        1.08257        0.41563        0.79617
   227.0        1.07358        0.41793        0.79735
   228.0        1.06473        0.42022        0.79853
   229.0        1.05601        0.42250        0.79969
   230.0        1.04744        0.42478        0.80084
   231.0        1.03900        0.42706        0.80199
   232.0        1.03068        0.42932        0.80312
   233.0        1.02250        0.43159        0.80424
   234.0        1.01444        0.43385        0.80536
   235.0        1.00650        0.43610        0.80646
   236.0        0.99868        0.43835        0.80756
   237.0        0.99097        0.44059        0.80864
   238.0        0.98338        0.44283        0.80972
   239.0        0.97590        0.44506        0.81080
   240.0        0.96854        0.44729        0.81186
   241.0        0.96128        0.44951        0.81291
   242.0        0.95412        0.45173        0.81396
   243.0        0.94707        0.45394        0.81500
   244.0        0.94012        0.45614        0.81603
   245.0        0.93327        0.45834        0.81705
   246.0        0.92652        0.46053        0.81806
   247.0        0.91987        0.46272        0.81907
   248.0        0.91331        0.46490        0.82006
   249.0        0.90684        0.46708        0.82105
   250.0        0.90047        0.46925        0.82203
   251.0        0.89418        0.47141        0.82301
   252.0        0.88799        0.47357        0.82397
   253.0        0.88187        0.47572        0.82493
   254.0        0.87585        0.47786        0.82588
   255.0        0.86992        0.48000        0.82682
   256.0        0.86406        0.48213        0.82775
   257.0        0.85828        0.48426        0.82868
   258.0        0.85258        0.48637        0.82960
   259.0        0.84696        0.48849        0.83051
   260.0        0.84142        0.49059        0.83141
   261.0        0.83595        0.49269        0.83231
   262.0        0.83055        0.49478        0.83320
   263.0        0.82522        0.49687        0.83408
   264.0        0.81997        0.49895        0.83496
   265.0        0.81478        0.50102        0.83583
   266.0        0.80966        0.50309        0.83669
   267.0        0.80461        0.50515        0.83755
   268.0        0.79962        0.50720        0.83840
   269.0        0.79469        0.50924        0.83924
   270.0        0.78983        0.51128        0.84007
   271.0        0.78503        0.51331        0.84090
   272.0        0.78029        0.51534        0.84172
   273.0        0.77561        0.51735        0.84254
   274.0        0.77099        0.51936        0.84335
   275.0        0.76643        0.52137        0.84415
   276.0        0.76193        0.52336        0.84495
   277.0        0.75749        0.52535        0.84574
   278.0        0.75310        0.52733        0.84653
   279.0        0.74876        0.52931        0.84730
   280.0        0.74448        0.53128        0.84808
   281.0        0.74025        0.53324        0.84885
   282.0        0.73607        0.53520        0.84961
   283.0        0.73195        0.53715        0.85036
   284.0        0.72787        0.53909        0.85111
   285.0        0.72384        0.54102        0.85186
   286.0        0.71987        0.54295        0.85260
   287.0        0.71594        0.54487        0.85333
   288.0        0.71205        0.54679        0.85406
   289.0        0.70822        0.54869        0.85478
   290.0        0.70443        0.55059        0.85550
   291.0        0.70068        0.55249        0.85621
   292.0        0.69698        0.55437        0.85692
   293.0        0.69332        0.55625        0.85762
   294.0        0.68971        0.55812        0.85832
   295.0        0.68613        0.55999        0.85901
   296.0        0.68260        0.56184        0.85969
   297.0        0.67911        0.56369        0.86038
   298.0        0.67566        0.56554        0.86105
   299.0        0.67225        0.56737        0.86173
   300.0        0.66888        0.56920        0.86239
   301.0        0.66555        0.57102        0.86306
   302.0        0.66226        0.57283        0.86371
   303.0        0.65900        0.57464        0.86437
   304.0        0.65578        0.57644        0.86502
   305.0        0.65260        0.57823        0.86566
   306.0        0.64945        0.58001        0.86630
   307.0        0.64634        0.58179        0.86694
   308.0        0.64326        0.58356        0.86757
   309.0        0.64022        0.58532        0.86819
   310.0        0.63721        0.58708        0.86881
   311.0        0.63423        0.58882        0.86943
   312.0        0.63129        0.59057        0.87004
   313.0        0.62838        0.59230        0.87065
   314.0        0.62550        0.59403        0.87125
   315.0        0.62262        0.59573        0.87184
   316.0        0.61974        0.59740        0.87242
   317.0        0.61689        0.59907        0.87299
   318.0        0.61408        0.60074        0.87356
   319.0        0.61129        0.60239        0.87412
   320.0        0.60854        0.60404        0.87468
   321.0        0.60581        0.60568        0.87524
   322.0        0.60311        0.60732        0.87579
   323.0        0.60044        0.60895        0.87634
   324.0        0.59780        0.61057        0.87688
   325.0        0.59518        0.61218        0.87742
   326.0        0.59259        0.61379        0.87796
   327.0        0.59003        0.61539        0.87849
   328.0        0.58750        0.61698        0.87902
   329.0        0.58499        0.61857        0.87955
   330.0        0.58250        0.62015        0.88007
   331.0        0.58004        0.62172        0.88059
   332.0        0.57761        0.62329        0.88111
   333.0        0.57520        0.62485        0.88162
   334.0        0.57281        0.62640        0.88213
   335.0        0.57045        0.62795        0.88264
   336.0        0.56811        0.62949        0.88314
   337.0        0.56579        0.63103        0.88364
   338.0        0.56350        0.63255        0.88413
   339.0        0.56122        0.63407        0.88463
   340.0        0.55898        0.63559        0.88512
   341.0        0.55675        0.63709        0.88561
   342.0        0.55454        0.63859        0.88609
   343.0        0.55236        0.64008        0.88657
   344.0        0.55019        0.64157        0.88705
   345.0        0.54805        0.64305        0.88752
   346.0        0.54593        0.64453        0.88799
   347.0        0.54388        0.64593        0.88846
   348.0        0.54189        0.64728        0.88893
   349.0        0.53992        0.64863        0.88939
   350.0        0.53796        0.64997        0.88985
   351.0        0.53603        0.65130        0.89030
   352.0        0.53411        0.65263        0.89076
   353.0        0.53220        0.65396        0.89121
   354.0        0.53032        0.65527        0.89165
   355.0        0.52845        0.65659        0.89210
   356.0        0.52660        0.65789        0.89254
   357.0        0.52476        0.65919        0.89298
   358.0        0.52294        0.66049        0.89341
   359.0        0.52113        0.66178        0.89385
   360.0        0.51935        0.66306        0.89428
   361.0        0.51757        0.66434        0.89470
   362.0        0.51582        0.66561        0.89513
   363.0        0.51407        0.66688        0.89555
   364.0        0.51235        0.66814        0.89597
   365.0        0.51064        0.66940        0.89639
   366.0        0.50894        0.67065        0.89680
   367.0        0.50725        0.67189        0.89721
   368.0        0.50559        0.67314        0.89762
   369.0        0.50393        0.67437        0.89803
   370.0        0.50229        0.67560        0.89843
   371.0        0.50066        0.67682        0.89883
   372.0        0.49905        0.67804        0.89923
   373.0        0.49745        0.67926        0.89963
   374.0        0.49586        0.68046        0.90002
   375.0        0.49429        0.68167        0.90041
   376.0        0.49273        0.68286        0.90080
   377.0        0.49118        0.68406        0.90119
   378.0        0.48965        0.68524        0.90157
   379.0        0.48812        0.68642        0.90196
   380.0        0.48661        0.68760        0.90234
   381.0        0.48512        0.68877        0.90271
   382.0        0.48363        0.68994        0.90309
   383.0        0.48216        0.69110        0.90346
   384.0        0.48070        0.69225        0.90383
   385.0        0.47925        0.69340        0.90420
   386.0        0.47781        0.69455        0.90456
   387.0        0.47639        0.69569        0.90493
   388.0        0.47497        0.69683        0.90529
   389.0        0.47357        0.69796        0.90565
   390.0        0.47218        0.69908        0.90600
   391.0        0.47080        0.70020        0.90636
   392.0        0.46942        0.70132        0.90671
   393.0        0.46807        0.70243        0.90706
   394.0        0.46672        0.70353        0.90741
   395.0        0.46538        0.70463        0.90776
   396.0        0.46405        0.70573        0.90810
   397.0        0.46273        0.70682        0.90844
   398.0        0.46142        0.70791        0.90878
   399.0        0.46012        0.70899        0.90912
   400.0        0.45884        0.71007        0.90946
   401.0        0.45756        0.71114        0.90979
   402.0        0.45629        0.71220        0.91013
   403.0        0.45503        0.71326        0.91046
   404.0        0.45378        0.71432        0.91078
   405.0        0.45255        0.71537        0.91111
   406.0        0.45132        0.71642        0.91144
   407.0        0.45009        0.71746        0.91176
   408.0        0.44888        0.71849        0.91208
   409.0        0.44768        0.71953        0.91240
   410.0        0.44649        0.72056        0.91272
   411.0        0.44530        0.72158        0.91303
   412.0        0.44413        0.72260        0.91335
   413.0        0.44296        0.72361        0.91366
   414.0        0.44180        0.72462        0.91397
   415.0        0.44065        0.72563        0.91428
   416.0        0.43951        0.72663        0.91459
   417.0        0.43837        0.72763        0.91489
   418.0        0.43725        0.72862        0.91519
   419.0        0.43613        0.72961        0.91550
   420.0        0.43502        0.73059        0.91580
   421.0        0.43392        0.73157        0.91609
   422.0        0.43283        0.73255        0.91639
   423.0        0.43174        0.73352        0.91669
   424.0        0.43066        0.73448        0.91698
   425.0        0.42959        0.73544        0.91727
   426.0        0.42853        0.73640        0.91756
   427.0        0.42747        0.73736        0.91785
   428.0        0.42642        0.73830        0.91814
   429.0        0.42538        0.73925        0.91843
   430.0        0.42434        0.74019        0.91871
   431.0        0.42331        0.74112        0.91899
   432.0        0.42229        0.74205        0.91927
   433.0        0.42128        0.74298        0.91955
   434.0        0.42027        0.74390        0.91983
   435.0        0.41927        0.74482        0.92011
   436.0        0.41827        0.74574        0.92038
   437.0        0.41729        0.74665        0.92066
   438.0        0.41631        0.74755        0.92093
   439.0        0.41533        0.74846        0.92120
   440.0        0.41437        0.74935        0.92147
   441.0        0.41340        0.75025        0.92174
   442.0        0.41245        0.75114        0.92200
   443.0        0.41150        0.75202        0.92227
   444.0        0.41056        0.75291        0.92253
   445.0        0.40963        0.75378        0.92279
   446.0        0.40870        0.75466        0.92306
   447.0        0.40778        0.75553        0.92331
   448.0        0.40686        0.75640        0.92357
   449.0        0.40595        0.75726        0.92383
   450.0        0.40504        0.75812        0.92408
   451.0        0.40414        0.75897        0.92434
   452.0        0.40325        0.75982        0.92459
   453.0        0.40236        0.76067        0.92484
   454.0        0.40148        0.76152        0.92509
   455.0        0.40061        0.76236        0.92534
   456.0        0.39974        0.76319        0.92559
   457.0        0.39887        0.76403        0.92583
   458.0        0.39802        0.76485        0.92608
   459.0        0.39716        0.76568        0.92632
   460.0        0.39631        0.76650        0.92656
   461.0        0.39547        0.76732        0.92680
   462.0        0.39464        0.76813        0.92704
   463.0        0.39380        0.76895        0.92728
   464.0        0.39298        0.76975        0.92752
   465.0        0.39216        0.77056        0.92775
   466.0        0.39134        0.77136        0.92799
   467.0        0.39053        0.77215        0.92822
   468.0        0.38972        0.77295        0.92845
   469.0        0.38892        0.77374        0.92869
   470.0        0.38812        0.77452        0.92892
   471.0        0.38733        0.77530        0.92914
   472.0        0.38655        0.77608        0.92937
   473.0        0.38577        0.77686        0.92960
   474.0        0.38499        0.77763        0.92982
   475.0        0.38422        0.77840        0.93005
   476.0        0.38343        0.77915        0.93027
   477.0        0.38264        0.77990        0.93048
   478.0        0.38185        0.78064        0.93069
   479.0        0.38106        0.78138        0.93091
   480.0        0.38028        0.78211        0.93112
   481.0        0.37951        0.78285        0.93133
   482.0        0.37874        0.78357        0.93154
   483.0        0.37797        0.78430        0.93175
   484.0        0.37721        0.78502        0.93195
   485.0        0.37646        0.78574        0.93216
   486.0        0.37570        0.78645        0.93237
   487.0        0.37496        0.78717        0.93257
   488.0        0.37421        0.78788        0.93277
   489.0        0.37347        0.78858        0.93298
   490.0        0.37274        0.78929        0.93318
   491.0        0.37201        0.78999        0.93338
   492.0        0.37128        0.79068        0.93358
   493.0        0.37056        0.79138        0.93378
   494.0        0.36984        0.79207        0.93397
   495.0        0.36913        0.79276        0.93417
   496.0        0.36842        0.79344        0.93437
   497.0        0.36771        0.79413        0.93456
   498.0        0.36701        0.79480        0.93476
   499.0        0.36631        0.79548        0.93495
   500.0        0.36562        0.79615        0.93514
   501.0        0.36496        0.79676        0.93533
   502.0        0.36430        0.79736        0.93552
   503.0        0.36365        0.79796        0.93571
   504.0        0.36300        0.79856        0.93590
   505.0        0.36236        0.79915        0.93609
   506.0        0.36171        0.79974        0.93627
   507.0        0.36107        0.80033        0.93646
   508.0        0.36044        0.80092        0.93664
   509.0        0.35980        0.80151        0.93683
   510.0        0.35918        0.80209        0.93701
   511.0        0.35855        0.80267        0.93719
   512.0        0.35793        0.80325        0.93737
   513.0        0.35731        0.80382        0.93755
   514.0        0.35669        0.80440        0.93773
   515.0        0.35608        0.80497        0.93791
   516.0        0.35547        0.80554        0.93809
   517.0        0.35486        0.80610        0.93827
   518.0        0.35426        0.80667        0.93844
   519.0        0.35366        0.80723        0.93862
   520.0        0.35306        0.80779        0.93880
   521.0        0.35246        0.80835        0.93897
   522.0        0.35187        0.80890        0.93914
   523.0        0.35128        0.80946        0.93931
   524.0        0.35070        0.81001        0.93949
   525.0        0.35011        0.81056        0.93966
   526.0        0.34953        0.81110        0.93983
   527.0        0.34896        0.81165        0.94000
   528.0        0.34838        0.81219        0.94016
   529.0        0.34781        0.81273        0.94033
   530.0        0.34724        0.81327        0.94050
   531.0        0.34668        0.81380        0.94067
   532.0        0.34611        0.81434        0.94083
   533.0        0.34555        0.81487        0.94100
   534.0        0.34500        0.81540        0.94116
   535.0        0.34444        0.81593        0.94132
   536.0        0.34389        0.81645        0.94149
   537.0        0.34334        0.81698        0.94165
   538.0        0.34279        0.81750        0.94181
   539.0        0.34225        0.81802        0.94197
   540.0        0.34171        0.81853        0.94213
   541.0        0.34117        0.81905        0.94229
   542.0        0.34063        0.81956        0.94245
   543.0        0.34010        0.82007        0.94260
   544.0        0.33957        0.82058        0.94276
   545.0        0.33904        0.82109        0.94292
   546.0        0.33851        0.82159        0.94307
   547.0        0.33799        0.82210        0.94323
   548.0        0.33747        0.82260        0.94338
   549.0        0.33695        0.82310        0.94353
   550.0        0.33643        0.82360        0.94369
   551.0        0.33592        0.82409        0.94384
   552.0        0.33540        0.82458        0.94399
   553.0        0.33490        0.82508        0.94414
   554.0        0.33439        0.82557        0.94429
   555.0        0.33388        0.82605        0.94444
   556.0        0.33338        0.82654        0.94459
   557.0        0.33288        0.82702        0.94474
   558.0        0.33238        0.82751        0.94489
   559.0        0.33189        0.82799        0.94503
   560.0        0.33140        0.82846        0.94518
   561.0        0.33091        0.82894        0.94533
   562.0        0.33042        0.82942        0.94547
   563.0        0.32993        0.82989        0.94562
   564.0        0.32945        0.83036        0.94576
   565.0        0.32896        0.83083        0.94590
   566.0        0.32849        0.83130        0.94605
   567.0        0.32801        0.83176        0.94619
   568.0        0.32753        0.83222        0.94633
   569.0        0.32706        0.83269        0.94647
   570.0        0.32658        0.83315        0.94661
   571.0        0.32611        0.83360        0.94675
   572.0        0.32565        0.83406        0.94689
   573.0        0.32518        0.83451        0.94703
   574.0        0.32472        0.83497        0.94716
   575.0        0.32426        0.83542        0.94730
   576.0        0.32380        0.83587        0.94744
   577.0        0.32334        0.83632        0.94757
   578.0        0.32288        0.83676        0.94771
   579.0        0.32243        0.83721        0.94784
   580.0        0.32198        0.83765        0.94798
   581.0        0.32153        0.83809        0.94811
   582.0        0.32108        0.83853        0.94825
   583.0        0.32063        0.83897        0.94838
   584.0        0.32019        0.83940        0.94851
   585.0        0.31975        0.83984        0.94864
   586.0        0.31931        0.84027        0.94877
   587.0        0.31887        0.84070        0.94890
   588.0        0.31843        0.84113        0.94903
   589.0        0.31800        0.84156        0.94916
   590.0        0.31756        0.84198        0.94929
   591.0        0.31713        0.84241        0.94942
   592.0        0.31671        0.84283        0.94955
   593.0        0.31628        0.84325        0.94967
   594.0        0.31585        0.84367        0.94980
   595.0        0.31543        0.84409        0.94993
   596.0        0.31501        0.84451        0.95005
   597.0        0.31459        0.84492        0.95018
   598.0        0.31417        0.84533        0.95030
   599.0        0.31375        0.84575        0.95043
   600.0        0.31334        0.84616        0.95055
   601.0        0.31293        0.84656        0.95067
   602.0        0.31251        0.84697        0.95080
   603.0        0.31211        0.84737        0.95092
   604.0        0.31170        0.84778        0.95104
   605.0        0.31129        0.84818        0.95116
   606.0        0.31089        0.84858        0.95128
   607.0        0.31049        0.84898        0.95140
   608.0        0.31008        0.84938        0.95152
   609.0        0.30969        0.84977        0.95164
   610.0        0.30929        0.85016        0.95176
   611.0        0.30889        0.85056        0.95188
   612.0        0.30850        0.85095        0.95200
   613.0        0.30811        0.85134        0.95211
   614.0        0.30771        0.85173        0.95223
   615.0        0.30732        0.85211        0.95235
   616.0        0.30694        0.85250        0.95246
   617.0        0.30655        0.85288        0.95258
   618.0        0.30617        0.85327        0.95269
   619.0        0.30578        0.85365        0.95281
   620.0        0.30540        0.85403        0.95292
   621.0        0.30502        0.85441        0.95303
   622.0        0.30464        0.85478        0.95315
   623.0        0.30426        0.85516        0.95326
   624.0        0.30389        0.85553        0.95337
   625.0        0.30351        0.85591        0.95348
   626.0        0.30314        0.85628        0.95360
   627.0        0.30277        0.85665        0.95371
   628.0        0.30240        0.85702        0.95382
   629.0        0.30203        0.85739        0.95393
   630.0        0.30166        0.85775        0.95404
   631.0        0.30130        0.85812        0.95415
   632.0        0.30093        0.85848        0.95426
   633.0        0.30057        0.85884        0.95436
   634.0        0.30021        0.85920        0.95447
   635.0        0.29985        0.85956        0.95458
   636.0        0.29949        0.85992        0.95469
   637.0        0.29913        0.86028        0.95479
   638.0        0.29878        0.86063        0.95490
   639.0        0.29842        0.86099        0.95501
   640.0        0.29807        0.86134        0.95511
   641.0        0.29772        0.86169        0.95522
   642.0        0.29737        0.86205        0.95532
   643.0        0.29702        0.86240        0.95543
   644.0        0.29667        0.86274        0.95553
   645.0        0.29633        0.86309        0.95564
   646.0        0.29598        0.86344        0.95574
   647.0        0.29564        0.86378        0.95584
   648.0        0.29529        0.86412        0.95594
   649.0        0.29495        0.86446        0.95605
   650.0        0.29461        0.86481        0.95615
   651.0        0.29427        0.86514        0.95625
   652.0        0.29394        0.86548        0.95635
   653.0        0.29360        0.86582        0.95645
   654.0        0.29326        0.86616        0.95655
   655.0        0.29293        0.86649        0.95665
   656.0        0.29260        0.86682        0.95675
   657.0        0.29227        0.86716        0.95685
   658.0        0.29194        0.86749        0.95695
   659.0        0.29161        0.86782        0.95705
   660.0        0.29128        0.86815        0.95714
   661.0        0.29095        0.86847        0.95724
   662.0        0.29063        0.86880        0.95734
   663.0        0.29030        0.86912        0.95744
   664.0        0.28998        0.86945        0.95753
   665.0        0.28966        0.86977        0.95763
   666.0        0.28934        0.87009        0.95773
   667.0        0.28902        0.87041        0.95782
   668.0        0.28870        0.87072        0.95792
   669.0        0.28839        0.87104        0.95801
   670.0        0.28807        0.87136        0.95811
   671.0        0.28776        0.87167        0.95820
   672.0        0.28744        0.87198        0.95830
   673.0        0.28713        0.87230        0.95839
   674.0        0.28682        0.87261        0.95848
   675.0        0.28651        0.87292        0.95858
   676.0        0.28620        0.87323        0.95867
   677.0        0.28589        0.87353        0.95876
   678.0        0.28559        0.87384        0.95885
   679.0        0.28528        0.87415        0.95894
   680.0        0.28498        0.87445        0.95904
   681.0        0.28467        0.87476        0.95913
   682.0        0.28437        0.87506        0.95922
   683.0        0.28407        0.87536        0.95931
   684.0        0.28377        0.87566        0.95940
   685.0        0.28347        0.87596        0.95949
   686.0        0.28317        0.87626        0.95958
   687.0        0.28288        0.87656        0.95967
   688.0        0.28258        0.87685        0.95976
   689.0        0.28228        0.87715        0.95984
   690.0        0.28199        0.87744        0.95993
   691.0        0.28170        0.87774        0.96002
   692.0        0.28140        0.87803        0.96011
   693.0        0.28111        0.87832        0.96019
   694.0        0.28082        0.87861        0.96028
   695.0        0.28053        0.87890        0.96037
   696.0        0.28025        0.87919        0.96045
   697.0        0.27996        0.87948        0.96054
   698.0        0.27967        0.87976        0.96063
   699.0        0.27939        0.88005        0.96071
   700.0        0.27910        0.88033        0.96080
   701.0        0.27882        0.88062        0.96088
   702.0        0.27854        0.88090        0.96097
   703.0        0.27825        0.88118        0.96105
   704.0        0.27797        0.88146        0.96113
   705.0        0.27769        0.88174        0.96122
   706.0        0.27742        0.88202        0.96130
   707.0        0.27714        0.88230        0.96138
   708.0        0.27686        0.88257        0.96147
   709.0        0.27659        0.88284        0.96155
   710.0        0.27632        0.88308        0.96163
   711.0        0.27606        0.88333        0.96171
   712.0        0.27580        0.88357        0.96179
   713.0        0.27553        0.88381        0.96188
   714.0        0.27527        0.88405        0.96196
   715.0        0.27501        0.88430        0.96204
   716.0        0.27475        0.88454        0.96212
   717.0        0.27449        0.88478        0.96220
   718.0        0.27423        0.88502        0.96228
   719.0        0.27397        0.88525        0.96236
   720.0        0.27371        0.88549        0.96244
   721.0        0.27346        0.88572        0.96252
   722.0        0.27320        0.88596        0.96259
   723.0        0.27295        0.88619        0.96267
   724.0        0.27269        0.88642        0.96275
   725.0        0.27244        0.88666        0.96283
   726.0        0.27219        0.88689        0.96291
   727.0        0.27194        0.88712        0.96298
   728.0        0.27169        0.88735        0.96306
   729.0        0.27144        0.88758        0.96314
   730.0        0.27119        0.88781        0.96321
   731.0        0.27094        0.88803        0.96329
   732.0        0.27069        0.88826        0.96337
   733.0        0.27044        0.88849        0.96344
   734.0        0.27020        0.88871        0.96352
   735.0        0.26995        0.88894        0.96359
   736.0        0.26971        0.88916        0.96367
   737.0        0.26946        0.88939        0.96374
   738.0        0.26922        0.88961        0.96382
   739.0        0.26898        0.88983        0.96389
   740.0        0.26874        0.89006        0.96397
   741.0        0.26849        0.89028        0.96404
   742.0        0.26825        0.89050        0.96411
   743.0        0.26801        0.89072        0.96419
   744.0        0.26778        0.89094        0.96426
   745.0        0.26754        0.89115        0.96433
   746.0        0.26730        0.89137        0.96441
   747.0        0.26706        0.89159        0.96448
   748.0        0.26683        0.89181        0.96455
   749.0        0.26659        0.89202        0.96462
   750.0        0.26636        0.89224        0.96469
   751.0        0.26612        0.89245        0.96477
   752.0        0.26589        0.89266        0.96484
   753.0        0.26566        0.89288        0.96491
   754.0        0.26542        0.89309        0.96498
   755.0        0.26519        0.89330        0.96505
   756.0        0.26496        0.89351        0.96512
   757.0        0.26473        0.89372        0.96519
   758.0        0.26450        0.89393        0.96526
   759.0        0.26427        0.89414        0.96533
   760.0        0.26404        0.89435        0.96540
   761.0        0.26381        0.89456        0.96547
   762.0        0.26358        0.89477        0.96554
   763.0        0.26336        0.89497        0.96560
   764.0        0.26313        0.89518        0.96567
   765.0        0.26291        0.89538        0.96574
   766.0        0.26268        0.89559        0.96581
   767.0        0.26246        0.89579        0.96588
   768.0        0.26223        0.89600        0.96594
   769.0        0.26201        0.89620        0.96601
   770.0        0.26179        0.89640        0.96608
   771.0        0.26156        0.89660        0.96615
   772.0        0.26134        0.89680        0.96621
   773.0        0.26112        0.89701        0.96628
   774.0        0.26090        0.89721        0.96634
   775.0        0.26068        0.89740        0.96641
   776.0        0.26046        0.89760        0.96648
   777.0        0.26025        0.89780        0.96654
   778.0        0.26003        0.89800        0.96661
   779.0        0.25981        0.89820        0.96667
   780.0        0.25960        0.89839        0.96674
   781.0        0.25937        0.89859        0.96680
   782.0        0.25915        0.89878        0.96686
   783.0        0.25892        0.89897        0.96693
   784.0        0.25869        0.89916        0.96699
   785.0        0.25847        0.89935        0.96705
   786.0        0.25824        0.89953        0.96711
   787.0        0.25802        0.89972        0.96718
   788.0        0.25780        0.89991        0.96724
   789.0        0.25758        0.90010        0.96730
   790.0        0.25735        0.90028        0.96736
   791.0        0.25713        0.90047        0.96742
   792.0        0.25691        0.90065        0.96748
   793.0        0.25669        0.90084        0.96754
   794.0        0.25647        0.90102        0.96760
   795.0        0.25625        0.90121        0.96766
   796.0        0.25603        0.90139        0.96772
   797.0        0.25582        0.90157        0.96778
   798.0        0.25560        0.90176        0.96784
   799.0        0.25538        0.90194        0.96790
   800.0        0.25517        0.90212        0.96796
   801.0        0.25495        0.90230        0.96802
   802.0        0.25474        0.90248        0.96808
   803.0        0.25452        0.90266        0.96814
   804.0        0.25431        0.90284        0.96820
   805.0        0.25409        0.90301        0.96826
   806.0        0.25388        0.90319        0.96832
   807.0        0.25367        0.90337        0.96838
   808.0        0.25346        0.90354        0.96843
   809.0        0.25325        0.90372        0.96849
   810.0        0.25304        0.90390        0.96855
   811.0        0.25283        0.90407        0.96861
   812.0        0.25262        0.90425        0.96866
   813.0        0.25241        0.90442        0.96872
   814.0        0.25220        0.90459        0.96878
   815.0        0.25199        0.90477        0.96884
   816.0        0.25179        0.90494        0.96889
   817.0        0.25158        0.90511        0.96895
   818.0        0.25137        0.90528        0.96900
   819.0        0.25117        0.90545        0.96906
   820.0        0.25096        0.90562        0.96912
   821.0        0.25076        0.90579        0.96917
   822.0        0.25056        0.90596        0.96923
   823.0        0.25035        0.90613        0.96928
   824.0        0.25015        0.90630        0.96934
   825.0        0.24995        0.90647        0.96939
   826.0        0.24975        0.90664        0.96945
   827.0        0.24954        0.90681        0.96950
   828.0        0.24934        0.90697        0.96956
   829.0        0.24914        0.90714        0.96961
   830.0        0.24894        0.90731        0.96967
   831.0        0.24874        0.90747        0.96972
   832.0        0.24854        0.90764        0.96978
   833.0        0.24835        0.90780        0.96983
   834.0        0.24815        0.90797        0.96988
   835.0        0.24795        0.90813        0.96994
   836.0        0.24775        0.90829        0.96999
   837.0        0.24756        0.90845        0.97004
   838.0        0.24736        0.90862        0.97010
   839.0        0.24717        0.90878        0.97015
   840.0        0.24697        0.90894        0.97020
   841.0        0.24678        0.90910        0.97026
   842.0        0.24658        0.90926        0.97031
   843.0        0.24639        0.90942        0.97036
   844.0        0.24620        0.90958        0.97041
   845.0        0.24600        0.90974        0.97047
   846.0        0.24581        0.90990        0.97052
   847.0        0.24562        0.91006        0.97057
   848.0        0.24543        0.91022        0.97062
   849.0        0.24524        0.91037        0.97067
   850.0        0.24505        0.91053        0.97072
   851.0        0.24486        0.91069        0.97077
   852.0        0.24467        0.91084        0.97083
   853.0        0.24448        0.91100        0.97088
   854.0        0.24429        0.91116        0.97093
   855.0        0.24411        0.91131        0.97098
   856.0        0.24392        0.91147        0.97103
   857.0        0.24373        0.91162        0.97108
   858.0        0.24355        0.91177        0.97113
   859.0        0.24336        0.91193        0.97118
   860.0        0.24317        0.91208        0.97123
   861.0        0.24299        0.91223        0.97128
   862.0        0.24280        0.91238        0.97133
   863.0        0.24262        0.91254        0.97138
   864.0        0.24244        0.91269        0.97143
   865.0        0.24225        0.91284        0.97148
   866.0        0.24207        0.91299        0.97152
   867.0        0.24189        0.91314        0.97157
   868.0        0.24171        0.91329        0.97162
   869.0        0.24152        0.91344        0.97167
   870.0        0.24134        0.91359        0.97172
   871.0        0.24116        0.91373        0.97177
   872.0        0.24098        0.91388        0.97182
   873.0        0.24080        0.91403        0.97186
   874.0        0.24062        0.91418        0.97191
   875.0        0.24044        0.91432        0.97196
   876.0        0.24027        0.91447        0.97201
   877.0        0.24009        0.91462        0.97205
   878.0        0.23991        0.91476        0.97210
   879.0        0.23973        0.91491        0.97215
   880.0        0.23956        0.91505        0.97220
   881.0        0.23938        0.91520        0.97224
   882.0        0.23920        0.91534        0.97229
   883.0        0.23903        0.91549        0.97234
   884.0        0.23885        0.91563        0.97238
   885.0        0.23868        0.91577        0.97243
   886.0        0.23850        0.91592        0.97248
   887.0        0.23833        0.91606        0.97252
   888.0        0.23816        0.91620        0.97257
   889.0        0.23798        0.91634        0.97262
   890.0        0.23781        0.91648        0.97266
   891.0        0.23764        0.91662        0.97271
   892.0        0.23747        0.91676        0.97275
   893.0        0.23729        0.91690        0.97280
   894.0        0.23712        0.91704        0.97284
   895.0        0.23695        0.91718        0.97289
   896.0        0.23678        0.91732        0.97293
   897.0        0.23661        0.91746        0.97298
   898.0        0.23644        0.91760        0.97302
   899.0        0.23627        0.91773        0.97307
   900.0        0.23610        0.91787        0.97311
   901.0        0.23593        0.91801        0.97316
   902.0        0.23577        0.91814        0.97320
   903.0        0.23560        0.91828        0.97325
   904.0        0.23543        0.91842        0.97329
   905.0        0.23527        0.91855        0.97333
   906.0        0.23510        0.91869        0.97338
   907.0        0.23493        0.91882        0.97342
   908.0        0.23477        0.91895        0.97347
   909.0        0.23460        0.91909        0.97351
   910.0        0.23444        0.91922        0.97355
   911.0        0.23427        0.91936        0.97360
   912.0        0.23411        0.91949        0.97364
   913.0        0.23394        0.91962        0.97369
   914.0        0.23378        0.91975        0.97373
   915.0        0.23362        0.91988        0.97377
   916.0        0.23345        0.92002        0.97382
   917.0        0.23329        0.92015        0.97386
   918.0        0.23313        0.92028        0.97390
   919.0        0.23297        0.92041        0.97394
   920.0        0.23281        0.92054        0.97399
   921.0        0.23264        0.92067        0.97403
   922.0        0.23248        0.92080        0.97407
   923.0        0.23232        0.92093        0.97411
   924.0        0.23216        0.92106        0.97416
   925.0        0.23200        0.92119        0.97420
   926.0        0.23184        0.92131        0.97424
   927.0        0.23169        0.92144        0.97428
   928.0        0.23153        0.92157        0.97432
   929.0        0.23137        0.92170        0.97437
   930.0        0.23121        0.92182        0.97441
   931.0        0.23105        0.92195        0.97445
   932.0        0.23089        0.92208        0.97449
   933.0        0.23074        0.92220        0.97453
   934.0        0.23058        0.92233        0.97457
   935.0        0.23042        0.92245        0.97461
   936.0        0.23027        0.92258        0.97466
   937.0        0.23011        0.92270        0.97470
   938.0        0.22996        0.92283        0.97474
   939.0        0.22980        0.92295        0.97478
   940.0        0.22965        0.92308        0.97482
   941.0        0.22949        0.92320        0.97486
   942.0        0.22934        0.92332        0.97490
   943.0        0.22919        0.92344        0.97494
   944.0        0.22903        0.92357        0.97498
   945.0        0.22888        0.92369        0.97502
   946.0        0.22873        0.92381        0.97506
   947.0        0.22858        0.92393        0.97510
   948.0        0.22842        0.92406        0.97514
   949.0        0.22827        0.92418        0.97518
   950.0        0.22812        0.92430        0.97522
   951.0        0.22797        0.92442        0.97526
   952.0        0.22782        0.92454        0.97530
   953.0        0.22767        0.92466        0.97533
   954.0        0.22752        0.92478        0.97537
   955.0        0.22737        0.92490        0.97541
   956.0        0.22722        0.92502        0.97545
   957.0        0.22707        0.92513        0.97549
   958.0        0.22692        0.92525        0.97553
   959.0        0.22677        0.92537        0.97557
   960.0        0.22662        0.92549        0.97561
   961.0        0.22648        0.92561        0.97564
   962.0        0.22633        0.92572        0.97568
   963.0        0.22618        0.92584        0.97572
   964.0        0.22604        0.92596        0.97576
   965.0        0.22589        0.92607        0.97580
   966.0        0.22574        0.92619        0.97583
   967.0        0.22560        0.92630        0.97587
   968.0        0.22545        0.92642        0.97591
   969.0        0.22531        0.92654        0.97595
   970.0        0.22516        0.92665        0.97598
   971.0        0.22502        0.92677        0.97602
   972.0        0.22487        0.92688        0.97606
   973.0        0.22473        0.92699        0.97610
   974.0        0.22458        0.92711        0.97613
   975.0        0.22444        0.92722        0.97617
   976.0        0.22430        0.92733        0.97621
   977.0        0.22415        0.92745        0.97624
   978.0        0.22401        0.92756        0.97628
   979.0        0.22387        0.92767        0.97632
   980.0        0.22373        0.92779        0.97635
   981.0        0.22358        0.92790        0.97639
   982.0        0.22344        0.92801        0.97643
   983.0        0.22330        0.92812        0.97646
   984.0        0.22316        0.92823        0.97650
   985.0        0.22302        0.92834        0.97653
   986.0        0.22288        0.92845        0.97657
   987.0        0.22274        0.92856        0.97661
   988.0        0.22260        0.92867        0.97664
   989.0        0.22246        0.92878        0.97668
   990.0        0.22232        0.92889        0.97671
   991.0        0.22218        0.92900        0.97675
   992.0        0.22204        0.92911        0.97678
   993.0        0.22190        0.92922        0.97682
   994.0        0.22177        0.92933        0.97685
   995.0        0.22163        0.92944        0.97689
   996.0        0.22149        0.92954        0.97692
   997.0        0.22135        0.92965        0.97696
   998.0        0.22122        0.92976        0.97699
   999.0        0.22108        0.92987        0.97703
  1000.0        0.22094        0.92997        0.97706
