 fat                 
 Density =   0.9200000      Aeff =    10.05891      Zeff =    5.620000    
     1.0     2018.91821        0.00056        0.01368
     2.0      284.68994        0.00303        0.05400
     3.0       85.38871        0.00780        0.11393
     4.0       36.11234        0.01485        0.18222
     5.0       18.29110        0.02474        0.25037
     6.0       10.54641        0.03763        0.31323
     7.0        6.63371        0.05410        0.37021
     8.0        4.44614        0.07445        0.41953
     9.0        3.13595        0.09899        0.46383
    10.0        2.31309        0.12732        0.50334
    11.0        1.77069        0.15901        0.53841
    12.0        1.39872        0.19350        0.56980
    13.0        1.13408        0.23076        0.59872
    14.0        0.94141        0.26995        0.62548
    15.0        0.79819        0.31039        0.65018
    16.0        0.68810        0.35216        0.67307
    17.0        0.60335        0.39394        0.69429
    18.0        0.53693        0.43498        0.71377
    19.0        0.48356        0.47422        0.73097
    20.0        0.44053        0.51192        0.74685
    21.0        0.40546        0.54785        0.76167
    22.0        0.37665        0.58189        0.77532
    23.0        0.35271        0.61386        0.78808
    24.0        0.33268        0.64376        0.79989
    25.0        0.31546        0.67135        0.81060
    26.0        0.30067        0.69688        0.82047
    27.0        0.28795        0.72041        0.82965
    28.0        0.27695        0.74206        0.83821
    29.0        0.26738        0.76192        0.84612
    30.0        0.25902        0.78014        0.85353
    31.0        0.25165        0.79701        0.86043
    32.0        0.24499        0.81232        0.86678
    33.0        0.23895        0.82624        0.87263
    34.0        0.23357        0.83898        0.87812
    35.0        0.22876        0.85065        0.88327
    36.0        0.22444        0.86135        0.88813
    37.0        0.22051        0.87113        0.89268
    38.0        0.21695        0.88010        0.89696
    39.0        0.21372        0.88832        0.90100
    40.0        0.21078        0.89588        0.90481
    41.0        0.20808        0.90282        0.90843
    42.0        0.20561        0.90920        0.91184
    43.0        0.20335        0.91508        0.91506
    44.0        0.20126        0.92049        0.91812
    45.0        0.19930        0.92547        0.92101
    46.0        0.19748        0.93007        0.92376
    47.0        0.19579        0.93432        0.92636
    48.0        0.19410        0.93821        0.92879
    49.0        0.19242        0.94179        0.93106
    50.0        0.19084        0.94511        0.93323
    51.0        0.18935        0.94820        0.93530
    52.0        0.18794        0.95107        0.93727
    53.0        0.18662        0.95375        0.93916
    54.0        0.18536        0.95624        0.94096
    55.0        0.18417        0.95856        0.94269
    56.0        0.18304        0.96073        0.94434
    57.0        0.18197        0.96275        0.94592
    58.0        0.18094        0.96464        0.94744
    59.0        0.17995        0.96641        0.94889
    60.0        0.17899        0.96806        0.95028
    61.0        0.17809        0.96962        0.95161
    62.0        0.17722        0.97107        0.95289
    63.0        0.17638        0.97244        0.95412
    64.0        0.17558        0.97372        0.95531
    65.0        0.17481        0.97493        0.95644
    66.0        0.17407        0.97607        0.95754
    67.0        0.17336        0.97714        0.95859
    68.0        0.17267        0.97816        0.95961
    69.0        0.17200        0.97911        0.96059
    70.0        0.17123        0.97999        0.96150
    71.0        0.17049        0.98083        0.96239
    72.0        0.16978        0.98162        0.96324
    73.0        0.16908        0.98237        0.96407
    74.0        0.16841        0.98309        0.96487
    75.0        0.16775        0.98376        0.96563
    76.0        0.16712        0.98440        0.96638
    77.0        0.16648        0.98501        0.96710
    78.0        0.16586        0.98558        0.96779
    79.0        0.16526        0.98613        0.96847
    80.0        0.16467        0.98665        0.96912
    81.0        0.16410        0.98714        0.96975
    82.0        0.16354        0.98761        0.97036
    83.0        0.16300        0.98806        0.97096
    84.0        0.16246        0.98849        0.97153
    85.0        0.16194        0.98890        0.97209
    86.0        0.16143        0.98929        0.97263
    87.0        0.16094        0.98966        0.97316
    88.0        0.16045        0.99002        0.97367
    89.0        0.15997        0.99035        0.97417
    90.0        0.15951        0.99068        0.97465
    91.0        0.15905        0.99099        0.97512
    92.0        0.15860        0.99129        0.97557
    93.0        0.15817        0.99157        0.97602
    94.0        0.15774        0.99184        0.97645
    95.0        0.15732        0.99210        0.97686
    96.0        0.15690        0.99235        0.97727
    97.0        0.15650        0.99259        0.97767
    98.0        0.15610        0.99282        0.97806
    99.0        0.15571        0.99304        0.97843
   100.0        0.15532        0.99325        0.97880
   101.0        0.15487        0.99345        0.97915
   102.0        0.15442        0.99364        0.97949
   103.0        0.15398        0.99383        0.97982
   104.0        0.15355        0.99401        0.98014
   105.0        0.15312        0.99418        0.98045
   106.0        0.15270        0.99434        0.98076
   107.0        0.15229        0.99450        0.98106
   108.0        0.15188        0.99465        0.98135
   109.0        0.15148        0.99480        0.98163
   110.0        0.15109        0.99494        0.98191
   111.0        0.15070        0.99508        0.98218
   112.0        0.15032        0.99521        0.98245
   113.0        0.14994        0.99534        0.98271
   114.0        0.14957        0.99546        0.98296
   115.0        0.14920        0.99558        0.98321
   116.0        0.14884        0.99569        0.98345
   117.0        0.14848        0.99580        0.98369
   118.0        0.14813        0.99591        0.98392
   119.0        0.14778        0.99601        0.98415
   120.0        0.14744        0.99611        0.98437
   121.0        0.14710        0.99621        0.98459
   122.0        0.14677        0.99630        0.98480
   123.0        0.14644        0.99639        0.98501
   124.0        0.14611        0.99648        0.98521
   125.0        0.14579        0.99656        0.98541
   126.0        0.14548        0.99664        0.98560
   127.0        0.14516        0.99672        0.98580
   128.0        0.14485        0.99680        0.98598
   129.0        0.14455        0.99687        0.98617
   130.0        0.14424        0.99694        0.98635
   131.0        0.14394        0.99701        0.98652
   132.0        0.14365        0.99708        0.98670
   133.0        0.14335        0.99714        0.98687
   134.0        0.14304        0.99721        0.98703
   135.0        0.14271        0.99727        0.98719
   136.0        0.14239        0.99733        0.98734
   137.0        0.14207        0.99738        0.98750
   138.0        0.14175        0.99744        0.98765
   139.0        0.14143        0.99749        0.98779
   140.0        0.14112        0.99755        0.98794
   141.0        0.14082        0.99760        0.98808
   142.0        0.14051        0.99765        0.98822
   143.0        0.14021        0.99769        0.98836
   144.0        0.13992        0.99774        0.98849
   145.0        0.13962        0.99779        0.98862
   146.0        0.13933        0.99783        0.98875
   147.0        0.13904        0.99788        0.98888
   148.0        0.13875        0.99792        0.98901
   149.0        0.13847        0.99796        0.98913
   150.0        0.13819        0.99800        0.98925
   151.0        0.13791        0.99804        0.98937
   152.0        0.13764        0.99808        0.98948
   153.0        0.13737        0.99811        0.98960
   154.0        0.13710        0.99815        0.98971
   155.0        0.13683        0.99818        0.98982
   156.0        0.13656        0.99822        0.98993
   157.0        0.13630        0.99825        0.99004
   158.0        0.13604        0.99828        0.99014
   159.0        0.13578        0.99832        0.99025
   160.0        0.13553        0.99835        0.99035
   161.0        0.13528        0.99838        0.99045
   162.0        0.13503        0.99841        0.99055
   163.0        0.13478        0.99844        0.99064
   164.0        0.13453        0.99846        0.99074
   165.0        0.13429        0.99849        0.99083
   166.0        0.13405        0.99852        0.99093
   167.0        0.13381        0.99854        0.99102
   168.0        0.13357        0.99857        0.99111
   169.0        0.13333        0.99859        0.99120
   170.0        0.13310        0.99862        0.99128
   171.0        0.13287        0.99864        0.99137
   172.0        0.13262        0.99867        0.99145
   173.0        0.13236        0.99869        0.99153
   174.0        0.13210        0.99871        0.99161
   175.0        0.13184        0.99873        0.99169
   176.0        0.13158        0.99875        0.99177
   177.0        0.13133        0.99877        0.99184
   178.0        0.13107        0.99879        0.99192
   179.0        0.13082        0.99881        0.99199
   180.0        0.13057        0.99883        0.99206
   181.0        0.13033        0.99885        0.99214
   182.0        0.13008        0.99887        0.99221
   183.0        0.12984        0.99889        0.99228
   184.0        0.12960        0.99890        0.99234
   185.0        0.12936        0.99892        0.99241
   186.0        0.12912        0.99894        0.99248
   187.0        0.12889        0.99895        0.99255
   188.0        0.12865        0.99897        0.99261
   189.0        0.12842        0.99899        0.99267
   190.0        0.12819        0.99900        0.99274
   191.0        0.12796        0.99902        0.99280
   192.0        0.12774        0.99903        0.99286
   193.0        0.12751        0.99905        0.99292
   194.0        0.12729        0.99906        0.99298
   195.0        0.12707        0.99908        0.99304
   196.0        0.12685        0.99909        0.99310
   197.0        0.12663        0.99910        0.99316
   198.0        0.12641        0.99912        0.99321
   199.0        0.12620        0.99913        0.99327
   200.0        0.12598        0.99914        0.99332
   201.0        0.12577        0.99915        0.99338
   202.0        0.12556        0.99916        0.99343
   203.0        0.12535        0.99918        0.99349
   204.0        0.12514        0.99919        0.99354
   205.0        0.12494        0.99920        0.99359
   206.0        0.12473        0.99921        0.99364
   207.0        0.12453        0.99922        0.99369
   208.0        0.12433        0.99923        0.99374
   209.0        0.12412        0.99924        0.99379
   210.0        0.12392        0.99925        0.99384
   211.0        0.12373        0.99926        0.99389
   212.0        0.12353        0.99927        0.99394
   213.0        0.12333        0.99928        0.99398
   214.0        0.12314        0.99929        0.99403
   215.0        0.12295        0.99930        0.99407
   216.0        0.12275        0.99931        0.99412
   217.0        0.12256        0.99932        0.99416
   218.0        0.12237        0.99932        0.99421
   219.0        0.12219        0.99933        0.99425
   220.0        0.12200        0.99934        0.99429
   221.0        0.12181        0.99935        0.99434
   222.0        0.12163        0.99936        0.99438
   223.0        0.12145        0.99937        0.99442
   224.0        0.12126        0.99937        0.99446
   225.0        0.12108        0.99938        0.99450
   226.0        0.12090        0.99939        0.99454
   227.0        0.12072        0.99940        0.99458
   228.0        0.12055        0.99940        0.99462
   229.0        0.12037        0.99941        0.99466
   230.0        0.12019        0.99942        0.99470
   231.0        0.12002        0.99943        0.99474
   232.0        0.11985        0.99943        0.99477
   233.0        0.11967        0.99944        0.99481
   234.0        0.11950        0.99945        0.99485
   235.0        0.11933        0.99945        0.99488
   236.0        0.11916        0.99946        0.99492
   237.0        0.11899        0.99947        0.99495
   238.0        0.11883        0.99947        0.99499
   239.0        0.11866        0.99948        0.99502
   240.0        0.11849        0.99948        0.99506
   241.0        0.11833        0.99949        0.99509
   242.0        0.11816        0.99950        0.99513
   243.0        0.11800        0.99950        0.99516
   244.0        0.11784        0.99951        0.99519
   245.0        0.11768        0.99951        0.99522
   246.0        0.11752        0.99952        0.99526
   247.0        0.11736        0.99952        0.99529
   248.0        0.11720        0.99953        0.99532
   249.0        0.11704        0.99953        0.99535
   250.0        0.11689        0.99954        0.99538
   251.0        0.11673        0.99954        0.99541
   252.0        0.11658        0.99955        0.99544
   253.0        0.11642        0.99955        0.99547
   254.0        0.11627        0.99956        0.99550
   255.0        0.11612        0.99956        0.99553
   256.0        0.11597        0.99957        0.99556
   257.0        0.11582        0.99957        0.99559
   258.0        0.11567        0.99958        0.99562
   259.0        0.11552        0.99958        0.99564
   260.0        0.11537        0.99959        0.99567
   261.0        0.11522        0.99959        0.99570
   262.0        0.11508        0.99960        0.99573
   263.0        0.11493        0.99960        0.99575
   264.0        0.11479        0.99960        0.99578
   265.0        0.11464        0.99961        0.99581
   266.0        0.11450        0.99961        0.99583
   267.0        0.11434        0.99962        0.99586
   268.0        0.11418        0.99962        0.99588
   269.0        0.11402        0.99962        0.99591
   270.0        0.11385        0.99963        0.99593
   271.0        0.11369        0.99963        0.99595
   272.0        0.11353        0.99964        0.99598
   273.0        0.11337        0.99964        0.99600
   274.0        0.11321        0.99964        0.99603
   275.0        0.11305        0.99965        0.99605
   276.0        0.11290        0.99965        0.99607
   277.0        0.11274        0.99965        0.99609
   278.0        0.11258        0.99966        0.99612
   279.0        0.11243        0.99966        0.99614
   280.0        0.11227        0.99966        0.99616
   281.0        0.11212        0.99967        0.99618
   282.0        0.11197        0.99967        0.99621
   283.0        0.11182        0.99967        0.99623
   284.0        0.11166        0.99968        0.99625
   285.0        0.11151        0.99968        0.99627
   286.0        0.11136        0.99968        0.99629
   287.0        0.11121        0.99969        0.99631
   288.0        0.11107        0.99969        0.99633
   289.0        0.11092        0.99969        0.99635
   290.0        0.11077        0.99969        0.99637
   291.0        0.11063        0.99970        0.99639
   292.0        0.11048        0.99970        0.99641
   293.0        0.11034        0.99970        0.99643
   294.0        0.11019        0.99971        0.99645
   295.0        0.11005        0.99971        0.99647
   296.0        0.10991        0.99971        0.99649
   297.0        0.10976        0.99971        0.99651
   298.0        0.10962        0.99972        0.99653
   299.0        0.10948        0.99972        0.99655
   300.0        0.10934        0.99972        0.99656
   301.0        0.10920        0.99972        0.99658
   302.0        0.10906        0.99973        0.99660
   303.0        0.10893        0.99973        0.99662
   304.0        0.10879        0.99973        0.99664
   305.0        0.10865        0.99973        0.99665
   306.0        0.10852        0.99974        0.99667
   307.0        0.10838        0.99974        0.99669
   308.0        0.10824        0.99974        0.99671
   309.0        0.10811        0.99974        0.99672
   310.0        0.10798        0.99974        0.99674
   311.0        0.10784        0.99975        0.99676
   312.0        0.10771        0.99975        0.99677
   313.0        0.10758        0.99975        0.99679
   314.0        0.10745        0.99975        0.99681
   315.0        0.10732        0.99975        0.99682
   316.0        0.10719        0.99976        0.99684
   317.0        0.10706        0.99976        0.99686
   318.0        0.10693        0.99976        0.99687
   319.0        0.10680        0.99976        0.99689
   320.0        0.10667        0.99976        0.99690
   321.0        0.10655        0.99977        0.99692
   322.0        0.10642        0.99977        0.99693
   323.0        0.10629        0.99977        0.99695
   324.0        0.10617        0.99977        0.99696
   325.0        0.10604        0.99977        0.99698
   326.0        0.10592        0.99978        0.99699
   327.0        0.10579        0.99978        0.99701
   328.0        0.10567        0.99978        0.99702
   329.0        0.10555        0.99978        0.99704
   330.0        0.10543        0.99978        0.99705
   331.0        0.10530        0.99978        0.99707
   332.0        0.10518        0.99979        0.99708
   333.0        0.10506        0.99979        0.99710
   334.0        0.10494        0.99979        0.99711
   335.0        0.10482        0.99979        0.99712
   336.0        0.10470        0.99979        0.99714
   337.0        0.10458        0.99979        0.99715
   338.0        0.10446        0.99980        0.99716
   339.0        0.10435        0.99980        0.99718
   340.0        0.10423        0.99980        0.99719
   341.0        0.10411        0.99980        0.99721
   342.0        0.10400        0.99980        0.99722
   343.0        0.10388        0.99980        0.99723
   344.0        0.10376        0.99980        0.99724
   345.0        0.10365        0.99981        0.99726
   346.0        0.10354        0.99981        0.99727
   347.0        0.10342        0.99981        0.99728
   348.0        0.10331        0.99981        0.99730
   349.0        0.10319        0.99981        0.99731
   350.0        0.10308        0.99981        0.99732
   351.0        0.10297        0.99981        0.99733
   352.0        0.10286        0.99982        0.99734
   353.0        0.10275        0.99982        0.99736
   354.0        0.10264        0.99982        0.99737
   355.0        0.10253        0.99982        0.99738
   356.0        0.10242        0.99982        0.99739
   357.0        0.10231        0.99982        0.99740
   358.0        0.10220        0.99982        0.99742
   359.0        0.10209        0.99982        0.99743
   360.0        0.10198        0.99983        0.99744
   361.0        0.10187        0.99983        0.99745
   362.0        0.10176        0.99983        0.99746
   363.0        0.10166        0.99983        0.99747
   364.0        0.10155        0.99983        0.99748
   365.0        0.10144        0.99983        0.99750
   366.0        0.10134        0.99983        0.99751
   367.0        0.10123        0.99983        0.99752
   368.0        0.10113        0.99984        0.99753
   369.0        0.10102        0.99984        0.99754
   370.0        0.10092        0.99984        0.99755
   371.0        0.10082        0.99984        0.99756
   372.0        0.10071        0.99984        0.99757
   373.0        0.10061        0.99984        0.99758
   374.0        0.10051        0.99984        0.99759
   375.0        0.10040        0.99984        0.99760
   376.0        0.10030        0.99984        0.99761
   377.0        0.10020        0.99985        0.99762
   378.0        0.10010        0.99985        0.99763
   379.0        0.10000        0.99985        0.99764
   380.0        0.09990        0.99985        0.99765
   381.0        0.09980        0.99985        0.99766
   382.0        0.09970        0.99985        0.99767
   383.0        0.09960        0.99985        0.99768
   384.0        0.09950        0.99985        0.99769
   385.0        0.09940        0.99985        0.99770
   386.0        0.09930        0.99985        0.99771
   387.0        0.09921        0.99986        0.99772
   388.0        0.09911        0.99986        0.99773
   389.0        0.09901        0.99986        0.99774
   390.0        0.09891        0.99986        0.99775
   391.0        0.09882        0.99986        0.99776
   392.0        0.09872        0.99986        0.99777
   393.0        0.09863        0.99986        0.99778
   394.0        0.09853        0.99986        0.99779
   395.0        0.09844        0.99986        0.99780
   396.0        0.09834        0.99986        0.99780
   397.0        0.09825        0.99986        0.99781
   398.0        0.09815        0.99987        0.99782
   399.0        0.09806        0.99987        0.99783
   400.0        0.09797        0.99987        0.99784
   401.0        0.09787        0.99987        0.99785
   402.0        0.09778        0.99987        0.99786
   403.0        0.09769        0.99987        0.99787
   404.0        0.09760        0.99987        0.99787
   405.0        0.09750        0.99987        0.99788
   406.0        0.09741        0.99987        0.99789
   407.0        0.09732        0.99987        0.99790
   408.0        0.09723        0.99987        0.99791
   409.0        0.09714        0.99987        0.99792
   410.0        0.09705        0.99988        0.99792
   411.0        0.09696        0.99988        0.99793
   412.0        0.09687        0.99988        0.99794
   413.0        0.09678        0.99988        0.99795
   414.0        0.09669        0.99988        0.99796
   415.0        0.09660        0.99988        0.99796
   416.0        0.09651        0.99988        0.99797
   417.0        0.09643        0.99988        0.99798
   418.0        0.09634        0.99988        0.99799
   419.0        0.09625        0.99988        0.99800
   420.0        0.09616        0.99988        0.99800
   421.0        0.09608        0.99988        0.99801
   422.0        0.09599        0.99988        0.99802
   423.0        0.09590        0.99988        0.99803
   424.0        0.09582        0.99988        0.99803
   425.0        0.09573        0.99989        0.99804
   426.0        0.09565        0.99989        0.99805
   427.0        0.09556        0.99989        0.99806
   428.0        0.09547        0.99989        0.99806
   429.0        0.09538        0.99989        0.99807
   430.0        0.09528        0.99989        0.99808
   431.0        0.09519        0.99989        0.99808
   432.0        0.09510        0.99989        0.99809
   433.0        0.09501        0.99989        0.99810
   434.0        0.09492        0.99989        0.99811
   435.0        0.09482        0.99989        0.99811
   436.0        0.09473        0.99989        0.99812
   437.0        0.09464        0.99989        0.99813
   438.0        0.09455        0.99989        0.99813
   439.0        0.09446        0.99989        0.99814
   440.0        0.09437        0.99989        0.99815
   441.0        0.09428        0.99989        0.99815
   442.0        0.09419        0.99990        0.99816
   443.0        0.09410        0.99990        0.99817
   444.0        0.09401        0.99990        0.99817
   445.0        0.09393        0.99990        0.99818
   446.0        0.09384        0.99990        0.99818
   447.0        0.09375        0.99990        0.99819
   448.0        0.09366        0.99990        0.99820
   449.0        0.09358        0.99990        0.99820
   450.0        0.09349        0.99990        0.99821
   451.0        0.09340        0.99990        0.99822
   452.0        0.09331        0.99990        0.99822
   453.0        0.09323        0.99990        0.99823
   454.0        0.09314        0.99990        0.99823
   455.0        0.09306        0.99990        0.99824
   456.0        0.09297        0.99990        0.99825
   457.0        0.09289        0.99990        0.99825
   458.0        0.09280        0.99990        0.99826
   459.0        0.09272        0.99990        0.99827
   460.0        0.09263        0.99990        0.99827
   461.0        0.09255        0.99991        0.99828
   462.0        0.09246        0.99991        0.99828
   463.0        0.09238        0.99991        0.99829
   464.0        0.09230        0.99991        0.99829
   465.0        0.09221        0.99991        0.99830
   466.0        0.09213        0.99991        0.99831
   467.0        0.09205        0.99991        0.99831
   468.0        0.09197        0.99991        0.99832
   469.0        0.09188        0.99991        0.99832
   470.0        0.09180        0.99991        0.99833
   471.0        0.09172        0.99991        0.99833
   472.0        0.09164        0.99991        0.99834
   473.0        0.09156        0.99991        0.99835
   474.0        0.09148        0.99991        0.99835
   475.0        0.09140        0.99991        0.99836
   476.0        0.09132        0.99991        0.99836
   477.0        0.09124        0.99991        0.99837
   478.0        0.09116        0.99991        0.99837
   479.0        0.09108        0.99991        0.99838
   480.0        0.09100        0.99991        0.99838
   481.0        0.09092        0.99991        0.99839
   482.0        0.09084        0.99991        0.99839
   483.0        0.09076        0.99992        0.99840
   484.0        0.09068        0.99992        0.99840
   485.0        0.09060        0.99992        0.99841
   486.0        0.09053        0.99992        0.99841
   487.0        0.09045        0.99992        0.99842
   488.0        0.09037        0.99992        0.99843
   489.0        0.09029        0.99992        0.99843
   490.0        0.09022        0.99992        0.99844
   491.0        0.09014        0.99992        0.99844
   492.0        0.09006        0.99992        0.99845
   493.0        0.08999        0.99992        0.99845
   494.0        0.08991        0.99992        0.99846
   495.0        0.08983        0.99992        0.99846
   496.0        0.08976        0.99992        0.99847
   497.0        0.08968        0.99992        0.99847
   498.0        0.08961        0.99992        0.99847
   499.0        0.08953        0.99992        0.99848
   500.0        0.08946        0.99992        0.99848
   501.0        0.08938        0.99992        0.99849
   502.0        0.08931        0.99992        0.99849
   503.0        0.08923        0.99992        0.99850
   504.0        0.08916        0.99992        0.99850
   505.0        0.08909        0.99992        0.99851
   506.0        0.08901        0.99992        0.99851
   507.0        0.08894        0.99992        0.99852
   508.0        0.08886        0.99992        0.99852
   509.0        0.08879        0.99992        0.99853
   510.0        0.08872        0.99993        0.99853
   511.0        0.08865        0.99993        0.99854
   512.0        0.08857        0.99993        0.99854
   513.0        0.08850        0.99993        0.99854
   514.0        0.08843        0.99993        0.99855
   515.0        0.08836        0.99993        0.99855
   516.0        0.08829        0.99993        0.99856
   517.0        0.08821        0.99993        0.99856
   518.0        0.08814        0.99993        0.99857
   519.0        0.08807        0.99993        0.99857
   520.0        0.08800        0.99993        0.99858
   521.0        0.08793        0.99993        0.99858
   522.0        0.08786        0.99993        0.99858
   523.0        0.08779        0.99993        0.99859
   524.0        0.08772        0.99993        0.99859
   525.0        0.08765        0.99993        0.99860
   526.0        0.08758        0.99993        0.99860
   527.0        0.08751        0.99993        0.99861
   528.0        0.08744        0.99993        0.99861
   529.0        0.08737        0.99993        0.99861
   530.0        0.08730        0.99993        0.99862
   531.0        0.08724        0.99993        0.99862
   532.0        0.08717        0.99993        0.99863
   533.0        0.08710        0.99993        0.99863
   534.0        0.08703        0.99993        0.99863
   535.0        0.08696        0.99993        0.99864
   536.0        0.08689        0.99993        0.99864
   537.0        0.08683        0.99993        0.99865
   538.0        0.08676        0.99993        0.99865
   539.0        0.08669        0.99993        0.99865
   540.0        0.08662        0.99993        0.99866
   541.0        0.08656        0.99993        0.99866
   542.0        0.08649        0.99993        0.99867
   543.0        0.08642        0.99993        0.99867
   544.0        0.08636        0.99993        0.99867
   545.0        0.08629        0.99994        0.99868
   546.0        0.08623        0.99994        0.99868
   547.0        0.08616        0.99994        0.99868
   548.0        0.08609        0.99994        0.99869
   549.0        0.08603        0.99994        0.99869
   550.0        0.08596        0.99994        0.99870
   551.0        0.08590        0.99994        0.99870
   552.0        0.08583        0.99994        0.99870
   553.0        0.08577        0.99994        0.99871
   554.0        0.08570        0.99994        0.99871
   555.0        0.08564        0.99994        0.99871
   556.0        0.08557        0.99994        0.99872
   557.0        0.08551        0.99994        0.99872
   558.0        0.08545        0.99994        0.99873
   559.0        0.08538        0.99994        0.99873
   560.0        0.08532        0.99994        0.99873
   561.0        0.08525        0.99994        0.99874
   562.0        0.08519        0.99994        0.99874
   563.0        0.08513        0.99994        0.99874
   564.0        0.08506        0.99994        0.99875
   565.0        0.08500        0.99994        0.99875
   566.0        0.08494        0.99994        0.99875
   567.0        0.08488        0.99994        0.99876
   568.0        0.08481        0.99994        0.99876
   569.0        0.08475        0.99994        0.99876
   570.0        0.08468        0.99994        0.99877
   571.0        0.08461        0.99994        0.99877
   572.0        0.08455        0.99994        0.99877
   573.0        0.08448        0.99994        0.99878
   574.0        0.08442        0.99994        0.99878
   575.0        0.08435        0.99994        0.99878
   576.0        0.08428        0.99994        0.99879
   577.0        0.08422        0.99994        0.99879
   578.0        0.08415        0.99994        0.99879
   579.0        0.08409        0.99994        0.99880
   580.0        0.08402        0.99994        0.99880
   581.0        0.08396        0.99994        0.99880
   582.0        0.08390        0.99994        0.99881
   583.0        0.08383        0.99994        0.99881
   584.0        0.08377        0.99994        0.99881
   585.0        0.08370        0.99994        0.99882
   586.0        0.08364        0.99994        0.99882
   587.0        0.08358        0.99994        0.99882
   588.0        0.08351        0.99994        0.99883
   589.0        0.08345        0.99995        0.99883
   590.0        0.08339        0.99995        0.99883
   591.0        0.08332        0.99995        0.99883
   592.0        0.08326        0.99995        0.99884
   593.0        0.08320        0.99995        0.99884
   594.0        0.08313        0.99995        0.99884
   595.0        0.08307        0.99995        0.99885
   596.0        0.08301        0.99995        0.99885
   597.0        0.08295        0.99995        0.99885
   598.0        0.08289        0.99995        0.99886
   599.0        0.08282        0.99995        0.99886
   600.0        0.08276        0.99995        0.99886
   601.0        0.08270        0.99995        0.99886
   602.0        0.08264        0.99995        0.99887
   603.0        0.08258        0.99995        0.99887
   604.0        0.08252        0.99995        0.99887
   605.0        0.08246        0.99995        0.99888
   606.0        0.08240        0.99995        0.99888
   607.0        0.08234        0.99995        0.99888
   608.0        0.08228        0.99995        0.99888
   609.0        0.08222        0.99995        0.99889
   610.0        0.08215        0.99995        0.99889
   611.0        0.08209        0.99995        0.99889
   612.0        0.08204        0.99995        0.99890
   613.0        0.08198        0.99995        0.99890
   614.0        0.08192        0.99995        0.99890
   615.0        0.08186        0.99995        0.99890
   616.0        0.08180        0.99995        0.99891
   617.0        0.08174        0.99995        0.99891
   618.0        0.08168        0.99995        0.99891
   619.0        0.08162        0.99995        0.99892
   620.0        0.08156        0.99995        0.99892
   621.0        0.08150        0.99995        0.99892
   622.0        0.08144        0.99995        0.99892
   623.0        0.08139        0.99995        0.99893
   624.0        0.08133        0.99995        0.99893
   625.0        0.08127        0.99995        0.99893
   626.0        0.08121        0.99995        0.99893
   627.0        0.08115        0.99995        0.99894
   628.0        0.08110        0.99995        0.99894
   629.0        0.08104        0.99995        0.99894
   630.0        0.08098        0.99995        0.99894
   631.0        0.08092        0.99995        0.99895
   632.0        0.08087        0.99995        0.99895
   633.0        0.08081        0.99995        0.99895
   634.0        0.08075        0.99995        0.99896
   635.0        0.08070        0.99995        0.99896
   636.0        0.08064        0.99995        0.99896
   637.0        0.08058        0.99995        0.99896
   638.0        0.08053        0.99995        0.99897
   639.0        0.08047        0.99995        0.99897
   640.0        0.08041        0.99995        0.99897
   641.0        0.08036        0.99995        0.99897
   642.0        0.08030        0.99995        0.99898
   643.0        0.08025        0.99995        0.99898
   644.0        0.08019        0.99995        0.99898
   645.0        0.08014        0.99995        0.99898
   646.0        0.08008        0.99995        0.99899
   647.0        0.08003        0.99995        0.99899
   648.0        0.07997        0.99996        0.99899
   649.0        0.07992        0.99996        0.99899
   650.0        0.07986        0.99996        0.99899
   651.0        0.07981        0.99996        0.99900
   652.0        0.07975        0.99996        0.99900
   653.0        0.07970        0.99996        0.99900
   654.0        0.07964        0.99996        0.99900
   655.0        0.07959        0.99996        0.99901
   656.0        0.07953        0.99996        0.99901
   657.0        0.07948        0.99996        0.99901
   658.0        0.07943        0.99996        0.99901
   659.0        0.07937        0.99996        0.99902
   660.0        0.07932        0.99996        0.99902
   661.0        0.07927        0.99996        0.99902
   662.0        0.07921        0.99996        0.99902
   663.0        0.07916        0.99996        0.99903
   664.0        0.07911        0.99996        0.99903
   665.0        0.07905        0.99996        0.99903
   666.0        0.07900        0.99996        0.99903
   667.0        0.07895        0.99996        0.99903
   668.0        0.07889        0.99996        0.99904
   669.0        0.07884        0.99996        0.99904
   670.0        0.07879        0.99996        0.99904
   671.0        0.07874        0.99996        0.99904
   672.0        0.07868        0.99996        0.99905
   673.0        0.07863        0.99996        0.99905
   674.0        0.07858        0.99996        0.99905
   675.0        0.07853        0.99996        0.99905
   676.0        0.07848        0.99996        0.99905
   677.0        0.07842        0.99996        0.99906
   678.0        0.07837        0.99996        0.99906
   679.0        0.07832        0.99996        0.99906
   680.0        0.07827        0.99996        0.99906
   681.0        0.07822        0.99996        0.99906
   682.0        0.07817        0.99996        0.99907
   683.0        0.07812        0.99996        0.99907
   684.0        0.07807        0.99996        0.99907
   685.0        0.07801        0.99996        0.99907
   686.0        0.07796        0.99996        0.99908
   687.0        0.07791        0.99996        0.99908
   688.0        0.07786        0.99996        0.99908
   689.0        0.07781        0.99996        0.99908
   690.0        0.07776        0.99996        0.99908
   691.0        0.07771        0.99996        0.99909
   692.0        0.07766        0.99996        0.99909
   693.0        0.07761        0.99996        0.99909
   694.0        0.07756        0.99996        0.99909
   695.0        0.07751        0.99996        0.99909
   696.0        0.07746        0.99996        0.99910
   697.0        0.07741        0.99996        0.99910
   698.0        0.07736        0.99996        0.99910
   699.0        0.07731        0.99996        0.99910
   700.0        0.07727        0.99996        0.99910
   701.0        0.07722        0.99996        0.99911
   702.0        0.07717        0.99996        0.99911
   703.0        0.07712        0.99996        0.99911
   704.0        0.07707        0.99996        0.99911
   705.0        0.07702        0.99996        0.99911
   706.0        0.07697        0.99996        0.99912
   707.0        0.07692        0.99996        0.99912
   708.0        0.07687        0.99996        0.99912
   709.0        0.07683        0.99996        0.99912
   710.0        0.07678        0.99996        0.99912
   711.0        0.07673        0.99996        0.99913
   712.0        0.07668        0.99996        0.99913
   713.0        0.07663        0.99996        0.99913
   714.0        0.07659        0.99996        0.99913
   715.0        0.07654        0.99996        0.99913
   716.0        0.07649        0.99996        0.99913
   717.0        0.07644        0.99996        0.99914
   718.0        0.07640        0.99996        0.99914
   719.0        0.07635        0.99996        0.99914
   720.0        0.07630        0.99996        0.99914
   721.0        0.07625        0.99996        0.99914
   722.0        0.07621        0.99996        0.99915
   723.0        0.07616        0.99996        0.99915
   724.0        0.07611        0.99996        0.99915
   725.0        0.07607        0.99996        0.99915
   726.0        0.07602        0.99996        0.99915
   727.0        0.07597        0.99996        0.99916
   728.0        0.07593        0.99996        0.99916
   729.0        0.07588        0.99996        0.99916
   730.0        0.07583        0.99996        0.99916
   731.0        0.07579        0.99996        0.99916
   732.0        0.07574        0.99996        0.99916
   733.0        0.07570        0.99996        0.99917
   734.0        0.07565        0.99996        0.99917
   735.0        0.07560        0.99996        0.99917
   736.0        0.07556        0.99996        0.99917
   737.0        0.07551        0.99996        0.99917
   738.0        0.07547        0.99996        0.99917
   739.0        0.07542        0.99997        0.99918
   740.0        0.07538        0.99997        0.99918
   741.0        0.07533        0.99997        0.99918
   742.0        0.07528        0.99997        0.99918
   743.0        0.07524        0.99997        0.99918
   744.0        0.07519        0.99997        0.99918
   745.0        0.07515        0.99997        0.99919
   746.0        0.07510        0.99997        0.99919
   747.0        0.07506        0.99997        0.99919
   748.0        0.07502        0.99997        0.99919
   749.0        0.07497        0.99997        0.99919
   750.0        0.07493        0.99997        0.99920
   751.0        0.07488        0.99997        0.99920
   752.0        0.07484        0.99997        0.99920
   753.0        0.07479        0.99997        0.99920
   754.0        0.07475        0.99997        0.99920
   755.0        0.07470        0.99997        0.99920
   756.0        0.07465        0.99997        0.99920
   757.0        0.07461        0.99997        0.99921
   758.0        0.07456        0.99997        0.99921
   759.0        0.07451        0.99997        0.99921
   760.0        0.07447        0.99997        0.99921
   761.0        0.07442        0.99997        0.99921
   762.0        0.07437        0.99997        0.99921
   763.0        0.07433        0.99997        0.99922
   764.0        0.07428        0.99997        0.99922
   765.0        0.07423        0.99997        0.99922
   766.0        0.07419        0.99997        0.99922
   767.0        0.07414        0.99997        0.99922
   768.0        0.07410        0.99997        0.99922
   769.0        0.07405        0.99997        0.99923
   770.0        0.07400        0.99997        0.99923
   771.0        0.07396        0.99997        0.99923
   772.0        0.07391        0.99997        0.99923
   773.0        0.07387        0.99997        0.99923
   774.0        0.07382        0.99997        0.99923
   775.0        0.07378        0.99997        0.99923
   776.0        0.07373        0.99997        0.99924
   777.0        0.07369        0.99997        0.99924
   778.0        0.07364        0.99997        0.99924
   779.0        0.07360        0.99997        0.99924
   780.0        0.07355        0.99997        0.99924
   781.0        0.07351        0.99997        0.99924
   782.0        0.07346        0.99997        0.99924
   783.0        0.07342        0.99997        0.99925
   784.0        0.07337        0.99997        0.99925
   785.0        0.07333        0.99997        0.99925
   786.0        0.07328        0.99997        0.99925
   787.0        0.07324        0.99997        0.99925
   788.0        0.07320        0.99997        0.99925
   789.0        0.07315        0.99997        0.99926
   790.0        0.07311        0.99997        0.99926
   791.0        0.07306        0.99997        0.99926
   792.0        0.07302        0.99997        0.99926
   793.0        0.07298        0.99997        0.99926
   794.0        0.07293        0.99997        0.99926
   795.0        0.07289        0.99997        0.99926
   796.0        0.07285        0.99997        0.99926
   797.0        0.07280        0.99997        0.99927
   798.0        0.07276        0.99997        0.99927
   799.0        0.07272        0.99997        0.99927
   800.0        0.07267        0.99997        0.99927
   801.0        0.07263        0.99997        0.99927
   802.0        0.07259        0.99997        0.99927
   803.0        0.07254        0.99997        0.99927
   804.0        0.07250        0.99997        0.99928
   805.0        0.07246        0.99997        0.99928
   806.0        0.07241        0.99997        0.99928
   807.0        0.07237        0.99997        0.99928
   808.0        0.07233        0.99997        0.99928
   809.0        0.07229        0.99997        0.99928
   810.0        0.07224        0.99997        0.99928
   811.0        0.07220        0.99997        0.99929
   812.0        0.07216        0.99997        0.99929
   813.0        0.07212        0.99997        0.99929
   814.0        0.07208        0.99997        0.99929
   815.0        0.07203        0.99997        0.99929
   816.0        0.07199        0.99997        0.99929
   817.0        0.07195        0.99997        0.99929
   818.0        0.07191        0.99997        0.99929
   819.0        0.07187        0.99997        0.99930
   820.0        0.07183        0.99997        0.99930
   821.0        0.07178        0.99997        0.99930
   822.0        0.07174        0.99997        0.99930
   823.0        0.07170        0.99997        0.99930
   824.0        0.07166        0.99997        0.99930
   825.0        0.07162        0.99997        0.99930
   826.0        0.07158        0.99997        0.99931
   827.0        0.07154        0.99997        0.99931
   828.0        0.07149        0.99997        0.99931
   829.0        0.07145        0.99997        0.99931
   830.0        0.07141        0.99997        0.99931
   831.0        0.07137        0.99997        0.99931
   832.0        0.07133        0.99997        0.99931
   833.0        0.07129        0.99997        0.99931
   834.0        0.07125        0.99997        0.99932
   835.0        0.07121        0.99997        0.99932
   836.0        0.07117        0.99997        0.99932
   837.0        0.07113        0.99997        0.99932
   838.0        0.07109        0.99997        0.99932
   839.0        0.07105        0.99997        0.99932
   840.0        0.07101        0.99997        0.99932
   841.0        0.07097        0.99997        0.99932
   842.0        0.07093        0.99997        0.99933
   843.0        0.07089        0.99997        0.99933
   844.0        0.07085        0.99997        0.99933
   845.0        0.07081        0.99997        0.99933
   846.0        0.07077        0.99997        0.99933
   847.0        0.07073        0.99997        0.99933
   848.0        0.07069        0.99997        0.99933
   849.0        0.07065        0.99997        0.99933
   850.0        0.07061        0.99997        0.99933
   851.0        0.07057        0.99997        0.99934
   852.0        0.07053        0.99997        0.99934
   853.0        0.07049        0.99997        0.99934
   854.0        0.07045        0.99997        0.99934
   855.0        0.07041        0.99997        0.99934
   856.0        0.07037        0.99997        0.99934
   857.0        0.07033        0.99997        0.99934
   858.0        0.07030        0.99997        0.99934
   859.0        0.07026        0.99997        0.99935
   860.0        0.07022        0.99997        0.99935
   861.0        0.07018        0.99997        0.99935
   862.0        0.07014        0.99997        0.99935
   863.0        0.07010        0.99997        0.99935
   864.0        0.07006        0.99997        0.99935
   865.0        0.07003        0.99997        0.99935
   866.0        0.06999        0.99997        0.99935
   867.0        0.06995        0.99997        0.99935
   868.0        0.06991        0.99997        0.99936
   869.0        0.06987        0.99997        0.99936
   870.0        0.06983        0.99997        0.99936
   871.0        0.06980        0.99997        0.99936
   872.0        0.06976        0.99997        0.99936
   873.0        0.06972        0.99997        0.99936
   874.0        0.06968        0.99997        0.99936
   875.0        0.06964        0.99997        0.99936
   876.0        0.06961        0.99997        0.99936
   877.0        0.06957        0.99997        0.99937
   878.0        0.06953        0.99997        0.99937
   879.0        0.06949        0.99997        0.99937
   880.0        0.06946        0.99997        0.99937
   881.0        0.06942        0.99997        0.99937
   882.0        0.06938        0.99997        0.99937
   883.0        0.06934        0.99997        0.99937
   884.0        0.06931        0.99997        0.99937
   885.0        0.06927        0.99997        0.99937
   886.0        0.06923        0.99997        0.99938
   887.0        0.06919        0.99997        0.99938
   888.0        0.06916        0.99997        0.99938
   889.0        0.06912        0.99997        0.99938
   890.0        0.06908        0.99997        0.99938
   891.0        0.06905        0.99997        0.99938
   892.0        0.06901        0.99997        0.99938
   893.0        0.06897        0.99997        0.99938
   894.0        0.06894        0.99997        0.99938
   895.0        0.06890        0.99997        0.99939
   896.0        0.06886        0.99997        0.99939
   897.0        0.06883        0.99998        0.99939
   898.0        0.06879        0.99998        0.99939
   899.0        0.06875        0.99998        0.99939
   900.0        0.06872        0.99998        0.99939
   901.0        0.06868        0.99998        0.99939
   902.0        0.06865        0.99998        0.99939
   903.0        0.06861        0.99998        0.99939
   904.0        0.06857        0.99998        0.99939
   905.0        0.06854        0.99998        0.99940
   906.0        0.06850        0.99998        0.99940
   907.0        0.06847        0.99998        0.99940
   908.0        0.06843        0.99998        0.99940
   909.0        0.06839        0.99998        0.99940
   910.0        0.06836        0.99998        0.99940
   911.0        0.06832        0.99998        0.99940
   912.0        0.06829        0.99998        0.99940
   913.0        0.06825        0.99998        0.99940
   914.0        0.06822        0.99998        0.99940
   915.0        0.06818        0.99998        0.99941
   916.0        0.06815        0.99998        0.99941
   917.0        0.06811        0.99998        0.99941
   918.0        0.06807        0.99998        0.99941
   919.0        0.06804        0.99998        0.99941
   920.0        0.06800        0.99998        0.99941
   921.0        0.06797        0.99998        0.99941
   922.0        0.06793        0.99998        0.99941
   923.0        0.06790        0.99998        0.99941
   924.0        0.06786        0.99998        0.99941
   925.0        0.06783        0.99998        0.99942
   926.0        0.06780        0.99998        0.99942
   927.0        0.06776        0.99998        0.99942
   928.0        0.06773        0.99998        0.99942
   929.0        0.06769        0.99998        0.99942
   930.0        0.06766        0.99998        0.99942
   931.0        0.06762        0.99998        0.99942
   932.0        0.06759        0.99998        0.99942
   933.0        0.06755        0.99998        0.99942
   934.0        0.06752        0.99998        0.99942
   935.0        0.06748        0.99998        0.99942
   936.0        0.06745        0.99998        0.99943
   937.0        0.06742        0.99998        0.99943
   938.0        0.06738        0.99998        0.99943
   939.0        0.06735        0.99998        0.99943
   940.0        0.06731        0.99998        0.99943
   941.0        0.06728        0.99998        0.99943
   942.0        0.06725        0.99998        0.99943
   943.0        0.06721        0.99998        0.99943
   944.0        0.06718        0.99998        0.99943
   945.0        0.06714        0.99998        0.99943
   946.0        0.06711        0.99998        0.99944
   947.0        0.06708        0.99998        0.99944
   948.0        0.06704        0.99998        0.99944
   949.0        0.06701        0.99998        0.99944
   950.0        0.06698        0.99998        0.99944
   951.0        0.06694        0.99998        0.99944
   952.0        0.06691        0.99998        0.99944
   953.0        0.06688        0.99998        0.99944
   954.0        0.06684        0.99998        0.99944
   955.0        0.06681        0.99998        0.99944
   956.0        0.06678        0.99998        0.99944
   957.0        0.06674        0.99998        0.99944
   958.0        0.06671        0.99998        0.99945
   959.0        0.06668        0.99998        0.99945
   960.0        0.06664        0.99998        0.99945
   961.0        0.06661        0.99998        0.99945
   962.0        0.06658        0.99998        0.99945
   963.0        0.06655        0.99998        0.99945
   964.0        0.06651        0.99998        0.99945
   965.0        0.06648        0.99998        0.99945
   966.0        0.06645        0.99998        0.99945
   967.0        0.06641        0.99998        0.99945
   968.0        0.06638        0.99998        0.99945
   969.0        0.06635        0.99998        0.99946
   970.0        0.06632        0.99998        0.99946
   971.0        0.06628        0.99998        0.99946
   972.0        0.06625        0.99998        0.99946
   973.0        0.06622        0.99998        0.99946
   974.0        0.06619        0.99998        0.99946
   975.0        0.06616        0.99998        0.99946
   976.0        0.06612        0.99998        0.99946
   977.0        0.06609        0.99998        0.99946
   978.0        0.06606        0.99998        0.99946
   979.0        0.06603        0.99998        0.99946
   980.0        0.06600        0.99998        0.99946
   981.0        0.06596        0.99998        0.99947
   982.0        0.06593        0.99998        0.99947
   983.0        0.06590        0.99998        0.99947
   984.0        0.06587        0.99998        0.99947
   985.0        0.06584        0.99998        0.99947
   986.0        0.06580        0.99998        0.99947
   987.0        0.06577        0.99998        0.99947
   988.0        0.06574        0.99998        0.99947
   989.0        0.06571        0.99998        0.99947
   990.0        0.06568        0.99998        0.99947
   991.0        0.06565        0.99998        0.99947
   992.0        0.06561        0.99998        0.99947
   993.0        0.06558        0.99998        0.99948
   994.0        0.06555        0.99998        0.99948
   995.0        0.06552        0.99998        0.99948
   996.0        0.06549        0.99998        0.99948
   997.0        0.06546        0.99998        0.99948
   998.0        0.06543        0.99998        0.99948
   999.0        0.06540        0.99998        0.99948
  1000.0        0.06537        0.99998        0.99948
