 GI_tract            
 Density =    1.040000      Aeff =    12.66576      Zeff =    7.011785    
     1.0     3895.19531        0.00041        0.00889
     2.0      590.66193        0.00224        0.03372
     3.0      187.04231        0.00560        0.07158
     4.0       80.53689        0.01045        0.11783
     5.0       41.48146        0.01678        0.16891
     6.0       24.16099        0.02456        0.22134
     7.0       15.13453        0.03439        0.27235
     8.0       10.12565        0.04615        0.32073
     9.0        7.12298        0.05996        0.36513
    10.0        5.22136        0.07592        0.40635
    11.0        3.95801        0.09402        0.44391
    12.0        3.08724        0.11417        0.47814
    13.0        2.45736        0.13698        0.50998
    14.0        1.99638        0.16187        0.53896
    15.0        1.65364        0.18849        0.56559
    16.0        1.39333        0.21675        0.59043
    17.0        1.19242        0.24631        0.61365
    18.0        1.03486        0.27689        0.63530
    19.0        0.90935        0.30803        0.65525
    20.0        0.80785        0.33924        0.67334
    21.0        0.72508        0.37043        0.69028
    22.0        0.65698        0.40147        0.70612
    23.0        0.60043        0.43210        0.72098
    24.0        0.55302        0.46207        0.73505
    25.0        0.51268        0.49155        0.74812
    26.0        0.47808        0.52029        0.76047
    27.0        0.44816        0.54759        0.77167
    28.0        0.42236        0.57371        0.78233
    29.0        0.40001        0.59861        0.79223
    30.0        0.38058        0.62232        0.80150
    31.0        0.36355        0.64483        0.81026
    32.0        0.34859        0.66610        0.81845
    33.0        0.33536        0.68615        0.82614
    34.0        0.32365        0.70504        0.83337
    35.0        0.31324        0.72279        0.84019
    36.0        0.30396        0.73946        0.84660
    37.0        0.29546        0.75493        0.85255
    38.0        0.28772        0.76936        0.85812
    39.0        0.28073        0.78287        0.86340
    40.0        0.27438        0.79551        0.86842
    41.0        0.26862        0.80733        0.87317
    42.0        0.26336        0.81838        0.87771
    43.0        0.25856        0.82871        0.88200
    44.0        0.25416        0.83837        0.88607
    45.0        0.25009        0.84738        0.88993
    46.0        0.24634        0.85580        0.89360
    47.0        0.24284        0.86366        0.89707
    48.0        0.23943        0.87092        0.90030
    49.0        0.23624        0.87771        0.90338
    50.0        0.23327        0.88408        0.90631
    51.0        0.23048        0.89009        0.90911
    52.0        0.22788        0.89572        0.91180
    53.0        0.22544        0.90100        0.91436
    54.0        0.22315        0.90596        0.91683
    55.0        0.22100        0.91062        0.91919
    56.0        0.21898        0.91499        0.92145
    57.0        0.21707        0.91910        0.92362
    58.0        0.21526        0.92296        0.92571
    59.0        0.21354        0.92660        0.92770
    60.0        0.21190        0.93001        0.92962
    61.0        0.21036        0.93324        0.93146
    62.0        0.20888        0.93627        0.93323
    63.0        0.20748        0.93914        0.93493
    64.0        0.20615        0.94184        0.93657
    65.0        0.20488        0.94440        0.93815
    66.0        0.20367        0.94681        0.93967
    67.0        0.20251        0.94910        0.94114
    68.0        0.20141        0.95126        0.94255
    69.0        0.20027        0.95328        0.94389
    70.0        0.19910        0.95518        0.94516
    71.0        0.19798        0.95699        0.94639
    72.0        0.19689        0.95870        0.94758
    73.0        0.19585        0.96033        0.94873
    74.0        0.19485        0.96187        0.94984
    75.0        0.19388        0.96334        0.95091
    76.0        0.19294        0.96473        0.95195
    77.0        0.19202        0.96606        0.95296
    78.0        0.19112        0.96732        0.95393
    79.0        0.19026        0.96852        0.95487
    80.0        0.18942        0.96966        0.95578
    81.0        0.18861        0.97076        0.95667
    82.0        0.18782        0.97180        0.95753
    83.0        0.18705        0.97279        0.95836
    84.0        0.18631        0.97374        0.95917
    85.0        0.18558        0.97464        0.95996
    86.0        0.18488        0.97551        0.96072
    87.0        0.18419        0.97634        0.96146
    88.0        0.18352        0.97713        0.96218
    89.0        0.18287        0.97789        0.96288
    90.0        0.18224        0.97861        0.96356
    91.0        0.18162        0.97931        0.96422
    92.0        0.18102        0.97997        0.96486
    93.0        0.18043        0.98061        0.96549
    94.0        0.17985        0.98122        0.96610
    95.0        0.17929        0.98181        0.96669
    96.0        0.17874        0.98237        0.96727
    97.0        0.17820        0.98291        0.96783
    98.0        0.17768        0.98343        0.96838
    99.0        0.17716        0.98393        0.96891
   100.0        0.17666        0.98441        0.96943
   101.0        0.17608        0.98486        0.96992
   102.0        0.17551        0.98529        0.97040
   103.0        0.17495        0.98570        0.97087
   104.0        0.17440        0.98610        0.97133
   105.0        0.17386        0.98649        0.97177
   106.0        0.17334        0.98686        0.97221
   107.0        0.17282        0.98722        0.97263
   108.0        0.17231        0.98756        0.97305
   109.0        0.17181        0.98789        0.97345
   110.0        0.17131        0.98821        0.97385
   111.0        0.17083        0.98852        0.97424
   112.0        0.17035        0.98882        0.97462
   113.0        0.16988        0.98911        0.97499
   114.0        0.16942        0.98939        0.97535
   115.0        0.16897        0.98966        0.97570
   116.0        0.16852        0.98992        0.97605
   117.0        0.16808        0.99017        0.97639
   118.0        0.16765        0.99042        0.97672
   119.0        0.16722        0.99065        0.97704
   120.0        0.16680        0.99088        0.97736
   121.0        0.16639        0.99110        0.97767
   122.0        0.16598        0.99132        0.97797
   123.0        0.16558        0.99153        0.97827
   124.0        0.16518        0.99173        0.97856
   125.0        0.16479        0.99192        0.97885
   126.0        0.16441        0.99211        0.97913
   127.0        0.16403        0.99229        0.97940
   128.0        0.16365        0.99247        0.97967
   129.0        0.16328        0.99264        0.97993
   130.0        0.16292        0.99281        0.98019
   131.0        0.16256        0.99297        0.98045
   132.0        0.16220        0.99312        0.98069
   133.0        0.16185        0.99328        0.98094
   134.0        0.16147        0.99342        0.98117
   135.0        0.16108        0.99356        0.98140
   136.0        0.16069        0.99370        0.98162
   137.0        0.16031        0.99384        0.98184
   138.0        0.15993        0.99397        0.98206
   139.0        0.15956        0.99409        0.98227
   140.0        0.15919        0.99421        0.98248
   141.0        0.15883        0.99433        0.98268
   142.0        0.15847        0.99445        0.98288
   143.0        0.15811        0.99456        0.98308
   144.0        0.15776        0.99467        0.98327
   145.0        0.15741        0.99478        0.98346
   146.0        0.15706        0.99488        0.98365
   147.0        0.15672        0.99499        0.98383
   148.0        0.15639        0.99508        0.98401
   149.0        0.15605        0.99518        0.98419
   150.0        0.15572        0.99527        0.98436
   151.0        0.15540        0.99537        0.98453
   152.0        0.15507        0.99545        0.98470
   153.0        0.15475        0.99554        0.98487
   154.0        0.15444        0.99563        0.98503
   155.0        0.15412        0.99571        0.98519
   156.0        0.15381        0.99579        0.98535
   157.0        0.15351        0.99587        0.98550
   158.0        0.15320        0.99594        0.98565
   159.0        0.15290        0.99602        0.98580
   160.0        0.15260        0.99609        0.98595
   161.0        0.15231        0.99616        0.98609
   162.0        0.15201        0.99623        0.98624
   163.0        0.15172        0.99630        0.98638
   164.0        0.15144        0.99636        0.98651
   165.0        0.15115        0.99643        0.98665
   166.0        0.15087        0.99649        0.98678
   167.0        0.15059        0.99655        0.98692
   168.0        0.15031        0.99661        0.98705
   169.0        0.15004        0.99667        0.98717
   170.0        0.14977        0.99673        0.98730
   171.0        0.14950        0.99679        0.98742
   172.0        0.14921        0.99684        0.98754
   173.0        0.14891        0.99689        0.98766
   174.0        0.14860        0.99694        0.98777
   175.0        0.14831        0.99699        0.98789
   176.0        0.14801        0.99704        0.98800
   177.0        0.14771        0.99709        0.98811
   178.0        0.14742        0.99714        0.98822
   179.0        0.14713        0.99718        0.98832
   180.0        0.14685        0.99723        0.98843
   181.0        0.14656        0.99727        0.98853
   182.0        0.14628        0.99732        0.98863
   183.0        0.14600        0.99736        0.98874
   184.0        0.14572        0.99740        0.98883
   185.0        0.14545        0.99744        0.98893
   186.0        0.14517        0.99748        0.98903
   187.0        0.14490        0.99752        0.98913
   188.0        0.14464        0.99756        0.98922
   189.0        0.14437        0.99760        0.98931
   190.0        0.14410        0.99763        0.98940
   191.0        0.14384        0.99767        0.98949
   192.0        0.14358        0.99770        0.98958
   193.0        0.14332        0.99774        0.98967
   194.0        0.14307        0.99777        0.98976
   195.0        0.14281        0.99780        0.98984
   196.0        0.14256        0.99784        0.98993
   197.0        0.14231        0.99787        0.99001
   198.0        0.14206        0.99790        0.99009
   199.0        0.14181        0.99793        0.99018
   200.0        0.14157        0.99796        0.99026
   201.0        0.14133        0.99799        0.99033
   202.0        0.14108        0.99802        0.99041
   203.0        0.14084        0.99804        0.99049
   204.0        0.14061        0.99807        0.99057
   205.0        0.14037        0.99809        0.99064
   206.0        0.14014        0.99812        0.99072
   207.0        0.13990        0.99815        0.99079
   208.0        0.13967        0.99817        0.99086
   209.0        0.13944        0.99819        0.99093
   210.0        0.13921        0.99822        0.99100
   211.0        0.13899        0.99824        0.99107
   212.0        0.13876        0.99826        0.99114
   213.0        0.13854        0.99829        0.99121
   214.0        0.13832        0.99831        0.99128
   215.0        0.13810        0.99833        0.99134
   216.0        0.13788        0.99835        0.99141
   217.0        0.13766        0.99837        0.99147
   218.0        0.13744        0.99839        0.99154
   219.0        0.13723        0.99841        0.99160
   220.0        0.13702        0.99843        0.99166
   221.0        0.13680        0.99845        0.99173
   222.0        0.13659        0.99847        0.99179
   223.0        0.13638        0.99849        0.99185
   224.0        0.13618        0.99851        0.99191
   225.0        0.13597        0.99853        0.99197
   226.0        0.13576        0.99855        0.99202
   227.0        0.13556        0.99856        0.99208
   228.0        0.13536        0.99858        0.99214
   229.0        0.13516        0.99860        0.99220
   230.0        0.13496        0.99862        0.99225
   231.0        0.13476        0.99863        0.99231
   232.0        0.13456        0.99865        0.99236
   233.0        0.13436        0.99866        0.99241
   234.0        0.13417        0.99868        0.99247
   235.0        0.13398        0.99870        0.99252
   236.0        0.13378        0.99871        0.99257
   237.0        0.13359        0.99873        0.99262
   238.0        0.13340        0.99874        0.99267
   239.0        0.13321        0.99875        0.99272
   240.0        0.13302        0.99877        0.99277
   241.0        0.13284        0.99878        0.99282
   242.0        0.13265        0.99880        0.99287
   243.0        0.13246        0.99881        0.99292
   244.0        0.13228        0.99882        0.99297
   245.0        0.13210        0.99884        0.99302
   246.0        0.13192        0.99885        0.99306
   247.0        0.13174        0.99886        0.99311
   248.0        0.13156        0.99888        0.99315
   249.0        0.13138        0.99889        0.99320
   250.0        0.13120        0.99890        0.99324
   251.0        0.13102        0.99891        0.99329
   252.0        0.13085        0.99893        0.99333
   253.0        0.13067        0.99894        0.99338
   254.0        0.13050        0.99895        0.99342
   255.0        0.13033        0.99896        0.99346
   256.0        0.13016        0.99897        0.99350
   257.0        0.12998        0.99898        0.99355
   258.0        0.12981        0.99899        0.99359
   259.0        0.12965        0.99900        0.99363
   260.0        0.12948        0.99901        0.99367
   261.0        0.12931        0.99902        0.99371
   262.0        0.12914        0.99904        0.99375
   263.0        0.12898        0.99905        0.99379
   264.0        0.12881        0.99906        0.99383
   265.0        0.12865        0.99907        0.99386
   266.0        0.12849        0.99907        0.99390
   267.0        0.12832        0.99908        0.99394
   268.0        0.12813        0.99909        0.99398
   269.0        0.12794        0.99910        0.99401
   270.0        0.12776        0.99911        0.99405
   271.0        0.12758        0.99912        0.99408
   272.0        0.12739        0.99913        0.99412
   273.0        0.12721        0.99914        0.99415
   274.0        0.12703        0.99915        0.99418
   275.0        0.12685        0.99916        0.99422
   276.0        0.12668        0.99916        0.99425
   277.0        0.12650        0.99917        0.99429
   278.0        0.12632        0.99918        0.99432
   279.0        0.12615        0.99919        0.99435
   280.0        0.12597        0.99920        0.99438
   281.0        0.12580        0.99920        0.99442
   282.0        0.12562        0.99921        0.99445
   283.0        0.12545        0.99922        0.99448
   284.0        0.12528        0.99923        0.99451
   285.0        0.12511        0.99923        0.99454
   286.0        0.12494        0.99924        0.99457
   287.0        0.12477        0.99925        0.99460
   288.0        0.12461        0.99926        0.99463
   289.0        0.12444        0.99926        0.99466
   290.0        0.12427        0.99927        0.99469
   291.0        0.12411        0.99928        0.99472
   292.0        0.12394        0.99928        0.99475
   293.0        0.12378        0.99929        0.99478
   294.0        0.12362        0.99930        0.99481
   295.0        0.12345        0.99930        0.99483
   296.0        0.12329        0.99931        0.99486
   297.0        0.12313        0.99931        0.99489
   298.0        0.12297        0.99932        0.99492
   299.0        0.12281        0.99933        0.99494
   300.0        0.12266        0.99933        0.99497
   301.0        0.12250        0.99934        0.99500
   302.0        0.12234        0.99934        0.99502
   303.0        0.12219        0.99935        0.99505
   304.0        0.12203        0.99936        0.99508
   305.0        0.12188        0.99936        0.99510
   306.0        0.12172        0.99937        0.99513
   307.0        0.12157        0.99937        0.99515
   308.0        0.12142        0.99938        0.99518
   309.0        0.12127        0.99938        0.99520
   310.0        0.12111        0.99939        0.99523
   311.0        0.12096        0.99939        0.99525
   312.0        0.12081        0.99940        0.99528
   313.0        0.12067        0.99940        0.99530
   314.0        0.12052        0.99941        0.99533
   315.0        0.12037        0.99941        0.99535
   316.0        0.12022        0.99942        0.99537
   317.0        0.12008        0.99942        0.99540
   318.0        0.11993        0.99943        0.99542
   319.0        0.11979        0.99943        0.99544
   320.0        0.11964        0.99944        0.99547
   321.0        0.11950        0.99944        0.99549
   322.0        0.11936        0.99944        0.99551
   323.0        0.11921        0.99945        0.99553
   324.0        0.11907        0.99945        0.99556
   325.0        0.11893        0.99946        0.99558
   326.0        0.11879        0.99946        0.99560
   327.0        0.11865        0.99947        0.99562
   328.0        0.11851        0.99947        0.99564
   329.0        0.11837        0.99947        0.99566
   330.0        0.11823        0.99948        0.99568
   331.0        0.11810        0.99948        0.99571
   332.0        0.11796        0.99949        0.99573
   333.0        0.11782        0.99949        0.99575
   334.0        0.11769        0.99949        0.99577
   335.0        0.11755        0.99950        0.99579
   336.0        0.11742        0.99950        0.99581
   337.0        0.11728        0.99951        0.99583
   338.0        0.11715        0.99951        0.99585
   339.0        0.11702        0.99951        0.99587
   340.0        0.11689        0.99952        0.99589
   341.0        0.11675        0.99952        0.99591
   342.0        0.11662        0.99952        0.99593
   343.0        0.11649        0.99953        0.99594
   344.0        0.11636        0.99953        0.99596
   345.0        0.11623        0.99953        0.99598
   346.0        0.11610        0.99954        0.99600
   347.0        0.11597        0.99954        0.99602
   348.0        0.11585        0.99954        0.99604
   349.0        0.11572        0.99955        0.99606
   350.0        0.11559        0.99955        0.99607
   351.0        0.11547        0.99955        0.99609
   352.0        0.11534        0.99956        0.99611
   353.0        0.11521        0.99956        0.99613
   354.0        0.11509        0.99956        0.99615
   355.0        0.11496        0.99957        0.99616
   356.0        0.11484        0.99957        0.99618
   357.0        0.11472        0.99957        0.99620
   358.0        0.11459        0.99958        0.99621
   359.0        0.11447        0.99958        0.99623
   360.0        0.11435        0.99958        0.99625
   361.0        0.11423        0.99959        0.99626
   362.0        0.11411        0.99959        0.99628
   363.0        0.11399        0.99959        0.99630
   364.0        0.11387        0.99959        0.99631
   365.0        0.11375        0.99960        0.99633
   366.0        0.11363        0.99960        0.99635
   367.0        0.11351        0.99960        0.99636
   368.0        0.11339        0.99961        0.99638
   369.0        0.11327        0.99961        0.99639
   370.0        0.11316        0.99961        0.99641
   371.0        0.11304        0.99961        0.99643
   372.0        0.11292        0.99962        0.99644
   373.0        0.11281        0.99962        0.99646
   374.0        0.11269        0.99962        0.99647
   375.0        0.11258        0.99962        0.99649
   376.0        0.11246        0.99963        0.99650
   377.0        0.11235        0.99963        0.99652
   378.0        0.11223        0.99963        0.99653
   379.0        0.11212        0.99963        0.99655
   380.0        0.11201        0.99964        0.99656
   381.0        0.11189        0.99964        0.99658
   382.0        0.11178        0.99964        0.99659
   383.0        0.11167        0.99964        0.99660
   384.0        0.11156        0.99965        0.99662
   385.0        0.11145        0.99965        0.99663
   386.0        0.11134        0.99965        0.99665
   387.0        0.11123        0.99965        0.99666
   388.0        0.11112        0.99966        0.99667
   389.0        0.11101        0.99966        0.99669
   390.0        0.11090        0.99966        0.99670
   391.0        0.11079        0.99966        0.99672
   392.0        0.11068        0.99966        0.99673
   393.0        0.11057        0.99967        0.99674
   394.0        0.11047        0.99967        0.99676
   395.0        0.11036        0.99967        0.99677
   396.0        0.11025        0.99967        0.99678
   397.0        0.11015        0.99967        0.99679
   398.0        0.11004        0.99968        0.99681
   399.0        0.10994        0.99968        0.99682
   400.0        0.10983        0.99968        0.99683
   401.0        0.10973        0.99968        0.99685
   402.0        0.10962        0.99968        0.99686
   403.0        0.10952        0.99969        0.99687
   404.0        0.10941        0.99969        0.99688
   405.0        0.10931        0.99969        0.99690
   406.0        0.10921        0.99969        0.99691
   407.0        0.10911        0.99969        0.99692
   408.0        0.10900        0.99970        0.99693
   409.0        0.10890        0.99970        0.99695
   410.0        0.10880        0.99970        0.99696
   411.0        0.10870        0.99970        0.99697
   412.0        0.10860        0.99970        0.99698
   413.0        0.10850        0.99970        0.99699
   414.0        0.10840        0.99971        0.99700
   415.0        0.10830        0.99971        0.99702
   416.0        0.10820        0.99971        0.99703
   417.0        0.10810        0.99971        0.99704
   418.0        0.10800        0.99971        0.99705
   419.0        0.10790        0.99971        0.99706
   420.0        0.10780        0.99972        0.99707
   421.0        0.10771        0.99972        0.99708
   422.0        0.10761        0.99972        0.99710
   423.0        0.10751        0.99972        0.99711
   424.0        0.10741        0.99972        0.99712
   425.0        0.10732        0.99972        0.99713
   426.0        0.10722        0.99973        0.99714
   427.0        0.10713        0.99973        0.99715
   428.0        0.10702        0.99973        0.99716
   429.0        0.10692        0.99973        0.99717
   430.0        0.10682        0.99973        0.99718
   431.0        0.10671        0.99973        0.99719
   432.0        0.10661        0.99973        0.99720
   433.0        0.10650        0.99974        0.99721
   434.0        0.10640        0.99974        0.99722
   435.0        0.10630        0.99974        0.99723
   436.0        0.10620        0.99974        0.99724
   437.0        0.10609        0.99974        0.99725
   438.0        0.10599        0.99974        0.99726
   439.0        0.10589        0.99974        0.99727
   440.0        0.10579        0.99975        0.99728
   441.0        0.10569        0.99975        0.99729
   442.0        0.10559        0.99975        0.99730
   443.0        0.10549        0.99975        0.99731
   444.0        0.10539        0.99975        0.99732
   445.0        0.10529        0.99975        0.99733
   446.0        0.10519        0.99975        0.99734
   447.0        0.10509        0.99975        0.99735
   448.0        0.10499        0.99976        0.99736
   449.0        0.10489        0.99976        0.99737
   450.0        0.10479        0.99976        0.99738
   451.0        0.10470        0.99976        0.99739
   452.0        0.10460        0.99976        0.99739
   453.0        0.10450        0.99976        0.99740
   454.0        0.10441        0.99976        0.99741
   455.0        0.10431        0.99976        0.99742
   456.0        0.10421        0.99977        0.99743
   457.0        0.10412        0.99977        0.99744
   458.0        0.10402        0.99977        0.99745
   459.0        0.10393        0.99977        0.99746
   460.0        0.10383        0.99977        0.99747
   461.0        0.10374        0.99977        0.99747
   462.0        0.10364        0.99977        0.99748
   463.0        0.10355        0.99977        0.99749
   464.0        0.10346        0.99978        0.99750
   465.0        0.10336        0.99978        0.99751
   466.0        0.10327        0.99978        0.99752
   467.0        0.10318        0.99978        0.99753
   468.0        0.10308        0.99978        0.99753
   469.0        0.10299        0.99978        0.99754
   470.0        0.10290        0.99978        0.99755
   471.0        0.10281        0.99978        0.99756
   472.0        0.10272        0.99978        0.99757
   473.0        0.10263        0.99979        0.99757
   474.0        0.10253        0.99979        0.99758
   475.0        0.10244        0.99979        0.99759
   476.0        0.10235        0.99979        0.99760
   477.0        0.10226        0.99979        0.99761
   478.0        0.10217        0.99979        0.99761
   479.0        0.10208        0.99979        0.99762
   480.0        0.10200        0.99979        0.99763
   481.0        0.10191        0.99979        0.99764
   482.0        0.10182        0.99979        0.99765
   483.0        0.10173        0.99980        0.99765
   484.0        0.10164        0.99980        0.99766
   485.0        0.10155        0.99980        0.99767
   486.0        0.10147        0.99980        0.99768
   487.0        0.10138        0.99980        0.99768
   488.0        0.10129        0.99980        0.99769
   489.0        0.10120        0.99980        0.99770
   490.0        0.10112        0.99980        0.99771
   491.0        0.10103        0.99980        0.99771
   492.0        0.10094        0.99980        0.99772
   493.0        0.10086        0.99981        0.99773
   494.0        0.10077        0.99981        0.99773
   495.0        0.10069        0.99981        0.99774
   496.0        0.10060        0.99981        0.99775
   497.0        0.10052        0.99981        0.99776
   498.0        0.10043        0.99981        0.99776
   499.0        0.10035        0.99981        0.99777
   500.0        0.10026        0.99981        0.99778
   501.0        0.10018        0.99981        0.99778
   502.0        0.10010        0.99981        0.99779
   503.0        0.10001        0.99981        0.99780
   504.0        0.09993        0.99981        0.99781
   505.0        0.09985        0.99982        0.99781
   506.0        0.09976        0.99982        0.99782
   507.0        0.09968        0.99982        0.99783
   508.0        0.09960        0.99982        0.99783
   509.0        0.09952        0.99982        0.99784
   510.0        0.09944        0.99982        0.99785
   511.0        0.09935        0.99982        0.99785
   512.0        0.09927        0.99982        0.99786
   513.0        0.09919        0.99982        0.99787
   514.0        0.09911        0.99982        0.99787
   515.0        0.09903        0.99982        0.99788
   516.0        0.09895        0.99982        0.99789
   517.0        0.09887        0.99982        0.99789
   518.0        0.09879        0.99983        0.99790
   519.0        0.09871        0.99983        0.99790
   520.0        0.09863        0.99983        0.99791
   521.0        0.09855        0.99983        0.99792
   522.0        0.09847        0.99983        0.99792
   523.0        0.09839        0.99983        0.99793
   524.0        0.09831        0.99983        0.99794
   525.0        0.09824        0.99983        0.99794
   526.0        0.09816        0.99983        0.99795
   527.0        0.09808        0.99983        0.99795
   528.0        0.09800        0.99983        0.99796
   529.0        0.09792        0.99983        0.99797
   530.0        0.09785        0.99983        0.99797
   531.0        0.09777        0.99983        0.99798
   532.0        0.09769        0.99984        0.99798
   533.0        0.09762        0.99984        0.99799
   534.0        0.09754        0.99984        0.99800
   535.0        0.09746        0.99984        0.99800
   536.0        0.09739        0.99984        0.99801
   537.0        0.09731        0.99984        0.99801
   538.0        0.09723        0.99984        0.99802
   539.0        0.09716        0.99984        0.99803
   540.0        0.09708        0.99984        0.99803
   541.0        0.09701        0.99984        0.99804
   542.0        0.09693        0.99984        0.99804
   543.0        0.09686        0.99984        0.99805
   544.0        0.09678        0.99984        0.99805
   545.0        0.09671        0.99984        0.99806
   546.0        0.09664        0.99984        0.99807
   547.0        0.09656        0.99984        0.99807
   548.0        0.09649        0.99985        0.99808
   549.0        0.09641        0.99985        0.99808
   550.0        0.09634        0.99985        0.99809
   551.0        0.09627        0.99985        0.99809
   552.0        0.09619        0.99985        0.99810
   553.0        0.09612        0.99985        0.99810
   554.0        0.09605        0.99985        0.99811
   555.0        0.09598        0.99985        0.99811
   556.0        0.09590        0.99985        0.99812
   557.0        0.09583        0.99985        0.99813
   558.0        0.09576        0.99985        0.99813
   559.0        0.09569        0.99985        0.99814
   560.0        0.09562        0.99985        0.99814
   561.0        0.09555        0.99985        0.99815
   562.0        0.09547        0.99985        0.99815
   563.0        0.09540        0.99985        0.99816
   564.0        0.09533        0.99985        0.99816
   565.0        0.09526        0.99986        0.99817
   566.0        0.09519        0.99986        0.99817
   567.0        0.09512        0.99986        0.99818
   568.0        0.09505        0.99986        0.99818
   569.0        0.09497        0.99986        0.99819
   570.0        0.09490        0.99986        0.99819
   571.0        0.09482        0.99986        0.99820
   572.0        0.09475        0.99986        0.99820
   573.0        0.09468        0.99986        0.99821
   574.0        0.09460        0.99986        0.99821
   575.0        0.09453        0.99986        0.99822
   576.0        0.09446        0.99986        0.99822
   577.0        0.09438        0.99986        0.99823
   578.0        0.09431        0.99986        0.99823
   579.0        0.09424        0.99986        0.99824
   580.0        0.09416        0.99986        0.99824
   581.0        0.09409        0.99986        0.99825
   582.0        0.09402        0.99986        0.99825
   583.0        0.09395        0.99986        0.99825
   584.0        0.09388        0.99986        0.99826
   585.0        0.09380        0.99987        0.99826
   586.0        0.09373        0.99987        0.99827
   587.0        0.09366        0.99987        0.99827
   588.0        0.09359        0.99987        0.99828
   589.0        0.09352        0.99987        0.99828
   590.0        0.09345        0.99987        0.99829
   591.0        0.09338        0.99987        0.99829
   592.0        0.09331        0.99987        0.99830
   593.0        0.09324        0.99987        0.99830
   594.0        0.09317        0.99987        0.99830
   595.0        0.09310        0.99987        0.99831
   596.0        0.09303        0.99987        0.99831
   597.0        0.09296        0.99987        0.99832
   598.0        0.09289        0.99987        0.99832
   599.0        0.09282        0.99987        0.99833
   600.0        0.09275        0.99987        0.99833
   601.0        0.09268        0.99987        0.99833
   602.0        0.09261        0.99987        0.99834
   603.0        0.09254        0.99987        0.99834
   604.0        0.09247        0.99987        0.99835
   605.0        0.09241        0.99987        0.99835
   606.0        0.09234        0.99988        0.99836
   607.0        0.09227        0.99988        0.99836
   608.0        0.09220        0.99988        0.99836
   609.0        0.09213        0.99988        0.99837
   610.0        0.09207        0.99988        0.99837
   611.0        0.09200        0.99988        0.99838
   612.0        0.09193        0.99988        0.99838
   613.0        0.09186        0.99988        0.99839
   614.0        0.09180        0.99988        0.99839
   615.0        0.09173        0.99988        0.99839
   616.0        0.09166        0.99988        0.99840
   617.0        0.09160        0.99988        0.99840
   618.0        0.09153        0.99988        0.99841
   619.0        0.09147        0.99988        0.99841
   620.0        0.09140        0.99988        0.99841
   621.0        0.09133        0.99988        0.99842
   622.0        0.09127        0.99988        0.99842
   623.0        0.09120        0.99988        0.99843
   624.0        0.09114        0.99988        0.99843
   625.0        0.09107        0.99988        0.99843
   626.0        0.09101        0.99988        0.99844
   627.0        0.09094        0.99988        0.99844
   628.0        0.09088        0.99988        0.99844
   629.0        0.09081        0.99988        0.99845
   630.0        0.09075        0.99988        0.99845
   631.0        0.09068        0.99989        0.99846
   632.0        0.09062        0.99989        0.99846
   633.0        0.09056        0.99989        0.99846
   634.0        0.09049        0.99989        0.99847
   635.0        0.09043        0.99989        0.99847
   636.0        0.09037        0.99989        0.99847
   637.0        0.09030        0.99989        0.99848
   638.0        0.09024        0.99989        0.99848
   639.0        0.09018        0.99989        0.99849
   640.0        0.09011        0.99989        0.99849
   641.0        0.09005        0.99989        0.99849
   642.0        0.08999        0.99989        0.99850
   643.0        0.08993        0.99989        0.99850
   644.0        0.08986        0.99989        0.99850
   645.0        0.08980        0.99989        0.99851
   646.0        0.08974        0.99989        0.99851
   647.0        0.08968        0.99989        0.99851
   648.0        0.08961        0.99989        0.99852
   649.0        0.08955        0.99989        0.99852
   650.0        0.08949        0.99989        0.99853
   651.0        0.08943        0.99989        0.99853
   652.0        0.08937        0.99989        0.99853
   653.0        0.08931        0.99989        0.99854
   654.0        0.08925        0.99989        0.99854
   655.0        0.08919        0.99989        0.99854
   656.0        0.08913        0.99989        0.99855
   657.0        0.08906        0.99989        0.99855
   658.0        0.08900        0.99989        0.99855
   659.0        0.08894        0.99989        0.99856
   660.0        0.08888        0.99990        0.99856
   661.0        0.08882        0.99990        0.99856
   662.0        0.08876        0.99990        0.99857
   663.0        0.08870        0.99990        0.99857
   664.0        0.08864        0.99990        0.99857
   665.0        0.08858        0.99990        0.99858
   666.0        0.08853        0.99990        0.99858
   667.0        0.08847        0.99990        0.99858
   668.0        0.08841        0.99990        0.99859
   669.0        0.08835        0.99990        0.99859
   670.0        0.08829        0.99990        0.99859
   671.0        0.08823        0.99990        0.99860
   672.0        0.08817        0.99990        0.99860
   673.0        0.08811        0.99990        0.99860
   674.0        0.08805        0.99990        0.99861
   675.0        0.08800        0.99990        0.99861
   676.0        0.08794        0.99990        0.99861
   677.0        0.08788        0.99990        0.99862
   678.0        0.08782        0.99990        0.99862
   679.0        0.08777        0.99990        0.99862
   680.0        0.08771        0.99990        0.99863
   681.0        0.08765        0.99990        0.99863
   682.0        0.08759        0.99990        0.99863
   683.0        0.08754        0.99990        0.99863
   684.0        0.08748        0.99990        0.99864
   685.0        0.08742        0.99990        0.99864
   686.0        0.08736        0.99990        0.99864
   687.0        0.08731        0.99990        0.99865
   688.0        0.08725        0.99990        0.99865
   689.0        0.08719        0.99990        0.99865
   690.0        0.08714        0.99990        0.99866
   691.0        0.08708        0.99990        0.99866
   692.0        0.08703        0.99990        0.99866
   693.0        0.08697        0.99990        0.99866
   694.0        0.08691        0.99990        0.99867
   695.0        0.08686        0.99990        0.99867
   696.0        0.08680        0.99991        0.99867
   697.0        0.08675        0.99991        0.99868
   698.0        0.08669        0.99991        0.99868
   699.0        0.08664        0.99991        0.99868
   700.0        0.08658        0.99991        0.99869
   701.0        0.08653        0.99991        0.99869
   702.0        0.08647        0.99991        0.99869
   703.0        0.08642        0.99991        0.99869
   704.0        0.08636        0.99991        0.99870
   705.0        0.08631        0.99991        0.99870
   706.0        0.08625        0.99991        0.99870
   707.0        0.08620        0.99991        0.99871
   708.0        0.08614        0.99991        0.99871
   709.0        0.08609        0.99991        0.99871
   710.0        0.08603        0.99991        0.99871
   711.0        0.08598        0.99991        0.99872
   712.0        0.08593        0.99991        0.99872
   713.0        0.08587        0.99991        0.99872
   714.0        0.08582        0.99991        0.99873
   715.0        0.08577        0.99991        0.99873
   716.0        0.08571        0.99991        0.99873
   717.0        0.08566        0.99991        0.99873
   718.0        0.08561        0.99991        0.99874
   719.0        0.08555        0.99991        0.99874
   720.0        0.08550        0.99991        0.99874
   721.0        0.08545        0.99991        0.99874
   722.0        0.08539        0.99991        0.99875
   723.0        0.08534        0.99991        0.99875
   724.0        0.08529        0.99991        0.99875
   725.0        0.08524        0.99991        0.99876
   726.0        0.08518        0.99991        0.99876
   727.0        0.08513        0.99991        0.99876
   728.0        0.08508        0.99991        0.99876
   729.0        0.08503        0.99991        0.99877
   730.0        0.08497        0.99991        0.99877
   731.0        0.08492        0.99991        0.99877
   732.0        0.08487        0.99991        0.99877
   733.0        0.08482        0.99991        0.99878
   734.0        0.08477        0.99991        0.99878
   735.0        0.08472        0.99991        0.99878
   736.0        0.08467        0.99991        0.99878
   737.0        0.08461        0.99991        0.99879
   738.0        0.08456        0.99992        0.99879
   739.0        0.08451        0.99992        0.99879
   740.0        0.08446        0.99992        0.99879
   741.0        0.08441        0.99992        0.99880
   742.0        0.08436        0.99992        0.99880
   743.0        0.08431        0.99992        0.99880
   744.0        0.08426        0.99992        0.99880
   745.0        0.08421        0.99992        0.99881
   746.0        0.08416        0.99992        0.99881
   747.0        0.08411        0.99992        0.99881
   748.0        0.08406        0.99992        0.99881
   749.0        0.08401        0.99992        0.99882
   750.0        0.08396        0.99992        0.99882
   751.0        0.08391        0.99992        0.99882
   752.0        0.08386        0.99992        0.99882
   753.0        0.08381        0.99992        0.99883
   754.0        0.08376        0.99992        0.99883
   755.0        0.08370        0.99992        0.99883
   756.0        0.08365        0.99992        0.99883
   757.0        0.08360        0.99992        0.99884
   758.0        0.08355        0.99992        0.99884
   759.0        0.08349        0.99992        0.99884
   760.0        0.08344        0.99992        0.99884
   761.0        0.08339        0.99992        0.99885
   762.0        0.08334        0.99992        0.99885
   763.0        0.08328        0.99992        0.99885
   764.0        0.08323        0.99992        0.99885
   765.0        0.08318        0.99992        0.99885
   766.0        0.08313        0.99992        0.99886
   767.0        0.08308        0.99992        0.99886
   768.0        0.08303        0.99992        0.99886
   769.0        0.08297        0.99992        0.99886
   770.0        0.08292        0.99992        0.99887
   771.0        0.08287        0.99992        0.99887
   772.0        0.08282        0.99992        0.99887
   773.0        0.08277        0.99992        0.99887
   774.0        0.08272        0.99992        0.99887
   775.0        0.08267        0.99992        0.99888
   776.0        0.08262        0.99992        0.99888
   777.0        0.08257        0.99992        0.99888
   778.0        0.08252        0.99992        0.99888
   779.0        0.08247        0.99992        0.99889
   780.0        0.08242        0.99992        0.99889
   781.0        0.08237        0.99992        0.99889
   782.0        0.08232        0.99992        0.99889
   783.0        0.08227        0.99992        0.99889
   784.0        0.08222        0.99992        0.99890
   785.0        0.08217        0.99992        0.99890
   786.0        0.08212        0.99992        0.99890
   787.0        0.08207        0.99992        0.99890
   788.0        0.08202        0.99992        0.99890
   789.0        0.08197        0.99993        0.99891
   790.0        0.08192        0.99993        0.99891
   791.0        0.08187        0.99993        0.99891
   792.0        0.08182        0.99993        0.99891
   793.0        0.08177        0.99993        0.99892
   794.0        0.08172        0.99993        0.99892
   795.0        0.08167        0.99993        0.99892
   796.0        0.08162        0.99993        0.99892
   797.0        0.08158        0.99993        0.99892
   798.0        0.08153        0.99993        0.99893
   799.0        0.08148        0.99993        0.99893
   800.0        0.08143        0.99993        0.99893
   801.0        0.08138        0.99993        0.99893
   802.0        0.08133        0.99993        0.99893
   803.0        0.08128        0.99993        0.99894
   804.0        0.08124        0.99993        0.99894
   805.0        0.08119        0.99993        0.99894
   806.0        0.08114        0.99993        0.99894
   807.0        0.08109        0.99993        0.99894
   808.0        0.08105        0.99993        0.99895
   809.0        0.08100        0.99993        0.99895
   810.0        0.08095        0.99993        0.99895
   811.0        0.08090        0.99993        0.99895
   812.0        0.08086        0.99993        0.99895
   813.0        0.08081        0.99993        0.99896
   814.0        0.08076        0.99993        0.99896
   815.0        0.08071        0.99993        0.99896
   816.0        0.08067        0.99993        0.99896
   817.0        0.08062        0.99993        0.99896
   818.0        0.08057        0.99993        0.99897
   819.0        0.08053        0.99993        0.99897
   820.0        0.08048        0.99993        0.99897
   821.0        0.08043        0.99993        0.99897
   822.0        0.08039        0.99993        0.99897
   823.0        0.08034        0.99993        0.99897
   824.0        0.08029        0.99993        0.99898
   825.0        0.08025        0.99993        0.99898
   826.0        0.08020        0.99993        0.99898
   827.0        0.08015        0.99993        0.99898
   828.0        0.08011        0.99993        0.99898
   829.0        0.08006        0.99993        0.99899
   830.0        0.08002        0.99993        0.99899
   831.0        0.07997        0.99993        0.99899
   832.0        0.07993        0.99993        0.99899
   833.0        0.07988        0.99993        0.99899
   834.0        0.07983        0.99993        0.99900
   835.0        0.07979        0.99993        0.99900
   836.0        0.07974        0.99993        0.99900
   837.0        0.07970        0.99993        0.99900
   838.0        0.07965        0.99993        0.99900
   839.0        0.07961        0.99993        0.99900
   840.0        0.07956        0.99993        0.99901
   841.0        0.07952        0.99993        0.99901
   842.0        0.07947        0.99993        0.99901
   843.0        0.07943        0.99993        0.99901
   844.0        0.07938        0.99993        0.99901
   845.0        0.07934        0.99993        0.99902
   846.0        0.07929        0.99993        0.99902
   847.0        0.07925        0.99993        0.99902
   848.0        0.07920        0.99993        0.99902
   849.0        0.07916        0.99993        0.99902
   850.0        0.07912        0.99993        0.99902
   851.0        0.07907        0.99993        0.99903
   852.0        0.07903        0.99993        0.99903
   853.0        0.07898        0.99993        0.99903
   854.0        0.07894        0.99993        0.99903
   855.0        0.07890        0.99993        0.99903
   856.0        0.07885        0.99993        0.99903
   857.0        0.07881        0.99993        0.99904
   858.0        0.07876        0.99994        0.99904
   859.0        0.07872        0.99994        0.99904
   860.0        0.07868        0.99994        0.99904
   861.0        0.07863        0.99994        0.99904
   862.0        0.07859        0.99994        0.99904
   863.0        0.07855        0.99994        0.99905
   864.0        0.07850        0.99994        0.99905
   865.0        0.07846        0.99994        0.99905
   866.0        0.07842        0.99994        0.99905
   867.0        0.07837        0.99994        0.99905
   868.0        0.07833        0.99994        0.99905
   869.0        0.07829        0.99994        0.99906
   870.0        0.07825        0.99994        0.99906
   871.0        0.07820        0.99994        0.99906
   872.0        0.07816        0.99994        0.99906
   873.0        0.07812        0.99994        0.99906
   874.0        0.07808        0.99994        0.99906
   875.0        0.07803        0.99994        0.99907
   876.0        0.07799        0.99994        0.99907
   877.0        0.07795        0.99994        0.99907
   878.0        0.07791        0.99994        0.99907
   879.0        0.07786        0.99994        0.99907
   880.0        0.07782        0.99994        0.99907
   881.0        0.07778        0.99994        0.99908
   882.0        0.07774        0.99994        0.99908
   883.0        0.07770        0.99994        0.99908
   884.0        0.07765        0.99994        0.99908
   885.0        0.07761        0.99994        0.99908
   886.0        0.07757        0.99994        0.99908
   887.0        0.07753        0.99994        0.99909
   888.0        0.07749        0.99994        0.99909
   889.0        0.07745        0.99994        0.99909
   890.0        0.07741        0.99994        0.99909
   891.0        0.07736        0.99994        0.99909
   892.0        0.07732        0.99994        0.99909
   893.0        0.07728        0.99994        0.99909
   894.0        0.07724        0.99994        0.99910
   895.0        0.07720        0.99994        0.99910
   896.0        0.07716        0.99994        0.99910
   897.0        0.07712        0.99994        0.99910
   898.0        0.07708        0.99994        0.99910
   899.0        0.07704        0.99994        0.99910
   900.0        0.07700        0.99994        0.99911
   901.0        0.07696        0.99994        0.99911
   902.0        0.07691        0.99994        0.99911
   903.0        0.07687        0.99994        0.99911
   904.0        0.07683        0.99994        0.99911
   905.0        0.07679        0.99994        0.99911
   906.0        0.07675        0.99994        0.99911
   907.0        0.07671        0.99994        0.99912
   908.0        0.07667        0.99994        0.99912
   909.0        0.07663        0.99994        0.99912
   910.0        0.07659        0.99994        0.99912
   911.0        0.07655        0.99994        0.99912
   912.0        0.07651        0.99994        0.99912
   913.0        0.07647        0.99994        0.99912
   914.0        0.07643        0.99994        0.99913
   915.0        0.07639        0.99994        0.99913
   916.0        0.07635        0.99994        0.99913
   917.0        0.07631        0.99994        0.99913
   918.0        0.07627        0.99994        0.99913
   919.0        0.07624        0.99994        0.99913
   920.0        0.07620        0.99994        0.99913
   921.0        0.07616        0.99994        0.99914
   922.0        0.07612        0.99994        0.99914
   923.0        0.07608        0.99994        0.99914
   924.0        0.07604        0.99994        0.99914
   925.0        0.07600        0.99994        0.99914
   926.0        0.07596        0.99994        0.99914
   927.0        0.07592        0.99994        0.99914
   928.0        0.07588        0.99994        0.99915
   929.0        0.07584        0.99994        0.99915
   930.0        0.07581        0.99994        0.99915
   931.0        0.07577        0.99994        0.99915
   932.0        0.07573        0.99994        0.99915
   933.0        0.07569        0.99994        0.99915
   934.0        0.07565        0.99994        0.99915
   935.0        0.07561        0.99994        0.99916
   936.0        0.07557        0.99994        0.99916
   937.0        0.07554        0.99994        0.99916
   938.0        0.07550        0.99994        0.99916
   939.0        0.07546        0.99994        0.99916
   940.0        0.07542        0.99994        0.99916
   941.0        0.07538        0.99994        0.99916
   942.0        0.07534        0.99994        0.99917
   943.0        0.07531        0.99994        0.99917
   944.0        0.07527        0.99994        0.99917
   945.0        0.07523        0.99994        0.99917
   946.0        0.07519        0.99994        0.99917
   947.0        0.07516        0.99994        0.99917
   948.0        0.07512        0.99994        0.99917
   949.0        0.07508        0.99995        0.99917
   950.0        0.07504        0.99995        0.99918
   951.0        0.07501        0.99995        0.99918
   952.0        0.07497        0.99995        0.99918
   953.0        0.07493        0.99995        0.99918
   954.0        0.07489        0.99995        0.99918
   955.0        0.07486        0.99995        0.99918
   956.0        0.07482        0.99995        0.99918
   957.0        0.07478        0.99995        0.99919
   958.0        0.07474        0.99995        0.99919
   959.0        0.07471        0.99995        0.99919
   960.0        0.07467        0.99995        0.99919
   961.0        0.07463        0.99995        0.99919
   962.0        0.07460        0.99995        0.99919
   963.0        0.07456        0.99995        0.99919
   964.0        0.07452        0.99995        0.99919
   965.0        0.07449        0.99995        0.99920
   966.0        0.07445        0.99995        0.99920
   967.0        0.07441        0.99995        0.99920
   968.0        0.07438        0.99995        0.99920
   969.0        0.07434        0.99995        0.99920
   970.0        0.07430        0.99995        0.99920
   971.0        0.07427        0.99995        0.99920
   972.0        0.07423        0.99995        0.99920
   973.0        0.07419        0.99995        0.99921
   974.0        0.07416        0.99995        0.99921
   975.0        0.07412        0.99995        0.99921
   976.0        0.07409        0.99995        0.99921
   977.0        0.07405        0.99995        0.99921
   978.0        0.07401        0.99995        0.99921
   979.0        0.07398        0.99995        0.99921
   980.0        0.07394        0.99995        0.99921
   981.0        0.07391        0.99995        0.99922
   982.0        0.07387        0.99995        0.99922
   983.0        0.07384        0.99995        0.99922
   984.0        0.07380        0.99995        0.99922
   985.0        0.07376        0.99995        0.99922
   986.0        0.07373        0.99995        0.99922
   987.0        0.07369        0.99995        0.99922
   988.0        0.07366        0.99995        0.99922
   989.0        0.07362        0.99995        0.99923
   990.0        0.07359        0.99995        0.99923
   991.0        0.07355        0.99995        0.99923
   992.0        0.07352        0.99995        0.99923
   993.0        0.07348        0.99995        0.99923
   994.0        0.07345        0.99995        0.99923
   995.0        0.07341        0.99995        0.99923
   996.0        0.07338        0.99995        0.99923
   997.0        0.07334        0.99995        0.99923
   998.0        0.07331        0.99995        0.99924
   999.0        0.07327        0.99995        0.99924
  1000.0        0.07324        0.99995        0.99924
