 graphite            
 Density =    2.260000      Aeff =    12.01100      Zeff =    6.000000    
     1.0     4966.78320        0.00058        0.00991
     2.0      683.61047        0.00313        0.04068
     3.0      202.60538        0.00798        0.08967
     4.0       85.12221        0.01505        0.14893
     5.0       42.83143        0.02494        0.21005
     6.0       24.56141        0.03785        0.26780
     7.0       15.43776        0.05414        0.32100
     8.0       10.32248        0.07436        0.36791
     9.0        7.25528        0.09887        0.41089
    10.0        5.33561        0.12732        0.45076
    11.0        4.07180        0.15877        0.48526
    12.0        3.20780        0.19321        0.51751
    13.0        2.59745        0.23009        0.54770
    14.0        2.15404        0.26877        0.57615
    15.0        1.82434        0.30868        0.60281
    16.0        1.56958        0.35021        0.62778
    17.0        1.37363        0.39180        0.65116
    18.0        1.22001        0.43263        0.67272
    19.0        1.09649        0.47160        0.69171
    20.0        0.99710        0.50917        0.70947
    21.0        0.91615        0.54504        0.72615
    22.0        0.84971        0.57909        0.74157
    23.0        0.79455        0.61112        0.75605
    24.0        0.74847        0.64113        0.76947
    25.0        0.70870        0.66863        0.78156
    26.0        0.67458        0.69402        0.79267
    27.0        0.64531        0.71749        0.80309
    28.0        0.62006        0.73915        0.81281
    29.0        0.59820        0.75910        0.82188
    30.0        0.57912        0.77743        0.83040
    31.0        0.56228        0.79448        0.83834
    32.0        0.54692        0.80991        0.84559
    33.0        0.53289        0.82391        0.85224
    34.0        0.52038        0.83675        0.85851
    35.0        0.50918        0.84851        0.86439
    36.0        0.49912        0.85930        0.86995
    37.0        0.49005        0.86919        0.87518
    38.0        0.48184        0.87827        0.88011
    39.0        0.47439        0.88661        0.88478
    40.0        0.46761        0.89427        0.88917
    41.0        0.46141        0.90131        0.89335
    42.0        0.45575        0.90778        0.89730
    43.0        0.45055        0.91375        0.90102
    44.0        0.44576        0.91925        0.90457
    45.0        0.44134        0.92432        0.90794
    46.0        0.43726        0.92901        0.91114
    47.0        0.43348        0.93334        0.91418
    48.0        0.42967        0.93730        0.91701
    49.0        0.42579        0.94093        0.91963
    50.0        0.42214        0.94430        0.92214
    51.0        0.41870        0.94742        0.92454
    52.0        0.41547        0.95033        0.92682
    53.0        0.41241        0.95304        0.92901
    54.0        0.40952        0.95556        0.93110
    55.0        0.40678        0.95792        0.93310
    56.0        0.40418        0.96011        0.93502
    57.0        0.40172        0.96217        0.93686
    58.0        0.39937        0.96409        0.93862
    59.0        0.39713        0.96588        0.94031
    60.0        0.39500        0.96756        0.94193
    61.0        0.39296        0.96914        0.94349
    62.0        0.39101        0.97062        0.94498
    63.0        0.38914        0.97201        0.94642
    64.0        0.38735        0.97332        0.94781
    65.0        0.38564        0.97455        0.94914
    66.0        0.38399        0.97571        0.95042
    67.0        0.38240        0.97680        0.95165
    68.0        0.38088        0.97783        0.95284
    69.0        0.37939        0.97880        0.95398
    70.0        0.37763        0.97969        0.95505
    71.0        0.37592        0.98054        0.95607
    72.0        0.37427        0.98135        0.95707
    73.0        0.37267        0.98211        0.95803
    74.0        0.37112        0.98283        0.95895
    75.0        0.36961        0.98351        0.95985
    76.0        0.36815        0.98416        0.96071
    77.0        0.36672        0.98477        0.96155
    78.0        0.36534        0.98536        0.96237
    79.0        0.36399        0.98592        0.96315
    80.0        0.36267        0.98644        0.96391
    81.0        0.36139        0.98695        0.96465
    82.0        0.36015        0.98743        0.96537
    83.0        0.35893        0.98788        0.96606
    84.0        0.35774        0.98832        0.96674
    85.0        0.35658        0.98873        0.96739
    86.0        0.35545        0.98913        0.96802
    87.0        0.35434        0.98951        0.96864
    88.0        0.35326        0.98987        0.96923
    89.0        0.35220        0.99021        0.96982
    90.0        0.35116        0.99054        0.97038
    91.0        0.35014        0.99086        0.97093
    92.0        0.34915        0.99116        0.97146
    93.0        0.34818        0.99145        0.97198
    94.0        0.34722        0.99172        0.97248
    95.0        0.34629        0.99199        0.97297
    96.0        0.34537        0.99224        0.97345
    97.0        0.34447        0.99249        0.97391
    98.0        0.34359        0.99272        0.97437
    99.0        0.34272        0.99294        0.97481
   100.0        0.34187        0.99316        0.97524
   101.0        0.34086        0.99336        0.97564
   102.0        0.33986        0.99356        0.97604
   103.0        0.33888        0.99375        0.97642
   104.0        0.33791        0.99393        0.97680
   105.0        0.33696        0.99410        0.97717
   106.0        0.33603        0.99427        0.97752
   107.0        0.33511        0.99443        0.97787
   108.0        0.33421        0.99458        0.97821
   109.0        0.33332        0.99473        0.97854
   110.0        0.33244        0.99488        0.97887
   111.0        0.33157        0.99502        0.97919
   112.0        0.33072        0.99515        0.97950
   113.0        0.32988        0.99528        0.97980
   114.0        0.32906        0.99541        0.98010
   115.0        0.32824        0.99553        0.98039
   116.0        0.32744        0.99564        0.98067
   117.0        0.32664        0.99576        0.98095
   118.0        0.32586        0.99586        0.98122
   119.0        0.32509        0.99597        0.98148
   120.0        0.32433        0.99607        0.98174
   121.0        0.32358        0.99617        0.98200
   122.0        0.32284        0.99626        0.98224
   123.0        0.32210        0.99635        0.98249
   124.0        0.32138        0.99644        0.98273
   125.0        0.32067        0.99653        0.98296
   126.0        0.31997        0.99661        0.98319
   127.0        0.31927        0.99669        0.98341
   128.0        0.31858        0.99676        0.98363
   129.0        0.31791        0.99684        0.98384
   130.0        0.31723        0.99691        0.98405
   131.0        0.31657        0.99698        0.98426
   132.0        0.31592        0.99705        0.98446
   133.0        0.31527        0.99711        0.98466
   134.0        0.31457        0.99718        0.98485
   135.0        0.31384        0.99724        0.98504
   136.0        0.31312        0.99730        0.98522
   137.0        0.31241        0.99736        0.98540
   138.0        0.31171        0.99741        0.98557
   139.0        0.31102        0.99747        0.98574
   140.0        0.31033        0.99752        0.98591
   141.0        0.30965        0.99757        0.98608
   142.0        0.30898        0.99762        0.98624
   143.0        0.30831        0.99767        0.98640
   144.0        0.30765        0.99772        0.98656
   145.0        0.30700        0.99776        0.98671
   146.0        0.30636        0.99781        0.98686
   147.0        0.30572        0.99785        0.98701
   148.0        0.30508        0.99790        0.98716
   149.0        0.30446        0.99794        0.98730
   150.0        0.30384        0.99798        0.98744
   151.0        0.30322        0.99802        0.98758
   152.0        0.30262        0.99806        0.98772
   153.0        0.30202        0.99809        0.98785
   154.0        0.30142        0.99813        0.98798
   155.0        0.30083        0.99816        0.98811
   156.0        0.30024        0.99820        0.98824
   157.0        0.29967        0.99823        0.98837
   158.0        0.29909        0.99827        0.98849
   159.0        0.29852        0.99830        0.98861
   160.0        0.29796        0.99833        0.98873
   161.0        0.29740        0.99836        0.98885
   162.0        0.29685        0.99839        0.98896
   163.0        0.29630        0.99842        0.98907
   164.0        0.29575        0.99845        0.98919
   165.0        0.29521        0.99848        0.98930
   166.0        0.29468        0.99850        0.98940
   167.0        0.29415        0.99853        0.98951
   168.0        0.29363        0.99855        0.98962
   169.0        0.29311        0.99858        0.98972
   170.0        0.29259        0.99860        0.98982
   171.0        0.29208        0.99863        0.98992
   172.0        0.29153        0.99865        0.99002
   173.0        0.29095        0.99867        0.99011
   174.0        0.29038        0.99870        0.99020
   175.0        0.28980        0.99872        0.99029
   176.0        0.28924        0.99874        0.99039
   177.0        0.28868        0.99876        0.99047
   178.0        0.28812        0.99878        0.99056
   179.0        0.28756        0.99880        0.99065
   180.0        0.28702        0.99882        0.99073
   181.0        0.28647        0.99884        0.99082
   182.0        0.28593        0.99886        0.99090
   183.0        0.28540        0.99888        0.99098
   184.0        0.28486        0.99889        0.99106
   185.0        0.28434        0.99891        0.99114
   186.0        0.28381        0.99893        0.99122
   187.0        0.28329        0.99894        0.99129
   188.0        0.28278        0.99896        0.99137
   189.0        0.28227        0.99898        0.99145
   190.0        0.28176        0.99899        0.99152
   191.0        0.28126        0.99901        0.99159
   192.0        0.28076        0.99902        0.99166
   193.0        0.28026        0.99904        0.99173
   194.0        0.27977        0.99905        0.99180
   195.0        0.27928        0.99907        0.99187
   196.0        0.27879        0.99908        0.99194
   197.0        0.27831        0.99909        0.99201
   198.0        0.27783        0.99911        0.99207
   199.0        0.27736        0.99912        0.99214
   200.0        0.27689        0.99913        0.99220
   201.0        0.27642        0.99914        0.99227
   202.0        0.27595        0.99916        0.99233
   203.0        0.27549        0.99917        0.99239
   204.0        0.27503        0.99918        0.99245
   205.0        0.27458        0.99919        0.99252
   206.0        0.27413        0.99920        0.99257
   207.0        0.27368        0.99921        0.99263
   208.0        0.27323        0.99922        0.99269
   209.0        0.27279        0.99923        0.99275
   210.0        0.27235        0.99924        0.99281
   211.0        0.27191        0.99925        0.99286
   212.0        0.27148        0.99926        0.99292
   213.0        0.27105        0.99927        0.99297
   214.0        0.27062        0.99928        0.99303
   215.0        0.27019        0.99929        0.99308
   216.0        0.26977        0.99930        0.99313
   217.0        0.26935        0.99931        0.99319
   218.0        0.26893        0.99932        0.99324
   219.0        0.26852        0.99933        0.99329
   220.0        0.26811        0.99934        0.99334
   221.0        0.26770        0.99934        0.99339
   222.0        0.26729        0.99935        0.99344
   223.0        0.26689        0.99936        0.99348
   224.0        0.26649        0.99937        0.99353
   225.0        0.26609        0.99938        0.99358
   226.0        0.26569        0.99938        0.99363
   227.0        0.26530        0.99939        0.99367
   228.0        0.26491        0.99940        0.99372
   229.0        0.26452        0.99941        0.99376
   230.0        0.26413        0.99941        0.99381
   231.0        0.26374        0.99942        0.99385
   232.0        0.26336        0.99943        0.99390
   233.0        0.26298        0.99943        0.99394
   234.0        0.26260        0.99944        0.99398
   235.0        0.26223        0.99945        0.99403
   236.0        0.26186        0.99945        0.99407
   237.0        0.26148        0.99946        0.99411
   238.0        0.26112        0.99947        0.99415
   239.0        0.26075        0.99947        0.99419
   240.0        0.26038        0.99948        0.99423
   241.0        0.26002        0.99949        0.99427
   242.0        0.25966        0.99949        0.99431
   243.0        0.25930        0.99950        0.99435
   244.0        0.25895        0.99950        0.99439
   245.0        0.25859        0.99951        0.99442
   246.0        0.25824        0.99951        0.99446
   247.0        0.25789        0.99952        0.99450
   248.0        0.25754        0.99952        0.99453
   249.0        0.25720        0.99953        0.99457
   250.0        0.25685        0.99954        0.99461
   251.0        0.25651        0.99954        0.99464
   252.0        0.25617        0.99955        0.99468
   253.0        0.25583        0.99955        0.99471
   254.0        0.25549        0.99956        0.99475
   255.0        0.25516        0.99956        0.99478
   256.0        0.25483        0.99957        0.99481
   257.0        0.25449        0.99957        0.99485
   258.0        0.25416        0.99957        0.99488
   259.0        0.25384        0.99958        0.99491
   260.0        0.25351        0.99958        0.99495
   261.0        0.25319        0.99959        0.99498
   262.0        0.25286        0.99959        0.99501
   263.0        0.25254        0.99960        0.99504
   264.0        0.25222        0.99960        0.99507
   265.0        0.25191        0.99961        0.99510
   266.0        0.25159        0.99961        0.99513
   267.0        0.25125        0.99961        0.99516
   268.0        0.25089        0.99962        0.99519
   269.0        0.25053        0.99962        0.99522
   270.0        0.25017        0.99963        0.99525
   271.0        0.24982        0.99963        0.99528
   272.0        0.24946        0.99963        0.99530
   273.0        0.24911        0.99964        0.99533
   274.0        0.24876        0.99964        0.99536
   275.0        0.24841        0.99964        0.99539
   276.0        0.24807        0.99965        0.99541
   277.0        0.24772        0.99965        0.99544
   278.0        0.24738        0.99965        0.99547
   279.0        0.24704        0.99966        0.99549
   280.0        0.24670        0.99966        0.99552
   281.0        0.24636        0.99966        0.99554
   282.0        0.24602        0.99967        0.99557
   283.0        0.24569        0.99967        0.99559
   284.0        0.24535        0.99967        0.99562
   285.0        0.24502        0.99968        0.99564
   286.0        0.24469        0.99968        0.99567
   287.0        0.24436        0.99968        0.99569
   288.0        0.24404        0.99969        0.99572
   289.0        0.24371        0.99969        0.99574
   290.0        0.24339        0.99969        0.99576
   291.0        0.24307        0.99970        0.99579
   292.0        0.24275        0.99970        0.99581
   293.0        0.24243        0.99970        0.99583
   294.0        0.24211        0.99970        0.99586
   295.0        0.24180        0.99971        0.99588
   296.0        0.24148        0.99971        0.99590
   297.0        0.24117        0.99971        0.99592
   298.0        0.24086        0.99971        0.99595
   299.0        0.24055        0.99972        0.99597
   300.0        0.24024        0.99972        0.99599
   301.0        0.23994        0.99972        0.99601
   302.0        0.23963        0.99972        0.99603
   303.0        0.23933        0.99973        0.99605
   304.0        0.23902        0.99973        0.99607
   305.0        0.23872        0.99973        0.99609
   306.0        0.23842        0.99973        0.99611
   307.0        0.23813        0.99974        0.99614
   308.0        0.23783        0.99974        0.99616
   309.0        0.23753        0.99974        0.99618
   310.0        0.23724        0.99974        0.99620
   311.0        0.23695        0.99974        0.99621
   312.0        0.23666        0.99975        0.99623
   313.0        0.23637        0.99975        0.99625
   314.0        0.23608        0.99975        0.99627
   315.0        0.23579        0.99975        0.99629
   316.0        0.23550        0.99975        0.99631
   317.0        0.23522        0.99976        0.99633
   318.0        0.23493        0.99976        0.99635
   319.0        0.23465        0.99976        0.99637
   320.0        0.23437        0.99976        0.99638
   321.0        0.23409        0.99976        0.99640
   322.0        0.23381        0.99977        0.99642
   323.0        0.23354        0.99977        0.99644
   324.0        0.23326        0.99977        0.99646
   325.0        0.23298        0.99977        0.99647
   326.0        0.23271        0.99977        0.99649
   327.0        0.23244        0.99978        0.99651
   328.0        0.23217        0.99978        0.99653
   329.0        0.23190        0.99978        0.99654
   330.0        0.23163        0.99978        0.99656
   331.0        0.23136        0.99978        0.99658
   332.0        0.23109        0.99978        0.99659
   333.0        0.23083        0.99979        0.99661
   334.0        0.23056        0.99979        0.99663
   335.0        0.23030        0.99979        0.99664
   336.0        0.23003        0.99979        0.99666
   337.0        0.22977        0.99979        0.99667
   338.0        0.22951        0.99979        0.99669
   339.0        0.22925        0.99980        0.99671
   340.0        0.22900        0.99980        0.99672
   341.0        0.22874        0.99980        0.99674
   342.0        0.22848        0.99980        0.99675
   343.0        0.22823        0.99980        0.99677
   344.0        0.22797        0.99980        0.99678
   345.0        0.22772        0.99980        0.99680
   346.0        0.22747        0.99981        0.99681
   347.0        0.22722        0.99981        0.99683
   348.0        0.22697        0.99981        0.99684
   349.0        0.22672        0.99981        0.99686
   350.0        0.22647        0.99981        0.99687
   351.0        0.22623        0.99981        0.99689
   352.0        0.22598        0.99981        0.99690
   353.0        0.22574        0.99982        0.99691
   354.0        0.22549        0.99982        0.99693
   355.0        0.22525        0.99982        0.99694
   356.0        0.22501        0.99982        0.99696
   357.0        0.22477        0.99982        0.99697
   358.0        0.22453        0.99982        0.99698
   359.0        0.22429        0.99982        0.99700
   360.0        0.22405        0.99982        0.99701
   361.0        0.22381        0.99983        0.99702
   362.0        0.22358        0.99983        0.99704
   363.0        0.22334        0.99983        0.99705
   364.0        0.22311        0.99983        0.99706
   365.0        0.22287        0.99983        0.99708
   366.0        0.22264        0.99983        0.99709
   367.0        0.22241        0.99983        0.99710
   368.0        0.22218        0.99983        0.99711
   369.0        0.22195        0.99984        0.99713
   370.0        0.22172        0.99984        0.99714
   371.0        0.22149        0.99984        0.99715
   372.0        0.22126        0.99984        0.99716
   373.0        0.22104        0.99984        0.99718
   374.0        0.22081        0.99984        0.99719
   375.0        0.22059        0.99984        0.99720
   376.0        0.22036        0.99984        0.99721
   377.0        0.22014        0.99984        0.99722
   378.0        0.21992        0.99985        0.99724
   379.0        0.21969        0.99985        0.99725
   380.0        0.21947        0.99985        0.99726
   381.0        0.21925        0.99985        0.99727
   382.0        0.21904        0.99985        0.99728
   383.0        0.21882        0.99985        0.99729
   384.0        0.21860        0.99985        0.99731
   385.0        0.21838        0.99985        0.99732
   386.0        0.21817        0.99985        0.99733
   387.0        0.21795        0.99985        0.99734
   388.0        0.21774        0.99986        0.99735
   389.0        0.21752        0.99986        0.99736
   390.0        0.21731        0.99986        0.99737
   391.0        0.21710        0.99986        0.99738
   392.0        0.21689        0.99986        0.99739
   393.0        0.21668        0.99986        0.99740
   394.0        0.21647        0.99986        0.99742
   395.0        0.21626        0.99986        0.99743
   396.0        0.21605        0.99986        0.99744
   397.0        0.21584        0.99986        0.99745
   398.0        0.21564        0.99986        0.99746
   399.0        0.21543        0.99987        0.99747
   400.0        0.21522        0.99987        0.99748
   401.0        0.21502        0.99987        0.99749
   402.0        0.21482        0.99987        0.99750
   403.0        0.21461        0.99987        0.99751
   404.0        0.21441        0.99987        0.99752
   405.0        0.21421        0.99987        0.99753
   406.0        0.21401        0.99987        0.99754
   407.0        0.21381        0.99987        0.99755
   408.0        0.21361        0.99987        0.99756
   409.0        0.21341        0.99987        0.99757
   410.0        0.21321        0.99987        0.99758
   411.0        0.21301        0.99987        0.99759
   412.0        0.21282        0.99988        0.99760
   413.0        0.21262        0.99988        0.99760
   414.0        0.21242        0.99988        0.99761
   415.0        0.21223        0.99988        0.99762
   416.0        0.21203        0.99988        0.99763
   417.0        0.21184        0.99988        0.99764
   418.0        0.21165        0.99988        0.99765
   419.0        0.21146        0.99988        0.99766
   420.0        0.21126        0.99988        0.99767
   421.0        0.21107        0.99988        0.99768
   422.0        0.21088        0.99988        0.99769
   423.0        0.21069        0.99988        0.99770
   424.0        0.21050        0.99988        0.99770
   425.0        0.21031        0.99988        0.99771
   426.0        0.21013        0.99989        0.99772
   427.0        0.20994        0.99989        0.99773
   428.0        0.20974        0.99989        0.99774
   429.0        0.20954        0.99989        0.99775
   430.0        0.20933        0.99989        0.99776
   431.0        0.20913        0.99989        0.99776
   432.0        0.20892        0.99989        0.99777
   433.0        0.20872        0.99989        0.99778
   434.0        0.20852        0.99989        0.99779
   435.0        0.20832        0.99989        0.99780
   436.0        0.20812        0.99989        0.99780
   437.0        0.20792        0.99989        0.99781
   438.0        0.20772        0.99989        0.99782
   439.0        0.20752        0.99989        0.99783
   440.0        0.20732        0.99989        0.99784
   441.0        0.20713        0.99989        0.99784
   442.0        0.20693        0.99989        0.99785
   443.0        0.20673        0.99990        0.99786
   444.0        0.20654        0.99990        0.99787
   445.0        0.20634        0.99990        0.99787
   446.0        0.20615        0.99990        0.99788
   447.0        0.20596        0.99990        0.99789
   448.0        0.20577        0.99990        0.99790
   449.0        0.20557        0.99990        0.99790
   450.0        0.20538        0.99990        0.99791
   451.0        0.20519        0.99990        0.99792
   452.0        0.20500        0.99990        0.99793
   453.0        0.20481        0.99990        0.99793
   454.0        0.20462        0.99990        0.99794
   455.0        0.20443        0.99990        0.99795
   456.0        0.20425        0.99990        0.99795
   457.0        0.20406        0.99990        0.99796
   458.0        0.20387        0.99990        0.99797
   459.0        0.20368        0.99990        0.99797
   460.0        0.20350        0.99990        0.99798
   461.0        0.20331        0.99990        0.99799
   462.0        0.20313        0.99991        0.99800
   463.0        0.20295        0.99991        0.99800
   464.0        0.20276        0.99991        0.99801
   465.0        0.20258        0.99991        0.99802
   466.0        0.20240        0.99991        0.99802
   467.0        0.20222        0.99991        0.99803
   468.0        0.20204        0.99991        0.99804
   469.0        0.20185        0.99991        0.99804
   470.0        0.20167        0.99991        0.99805
   471.0        0.20150        0.99991        0.99806
   472.0        0.20132        0.99991        0.99806
   473.0        0.20114        0.99991        0.99807
   474.0        0.20096        0.99991        0.99807
   475.0        0.20078        0.99991        0.99808
   476.0        0.20061        0.99991        0.99809
   477.0        0.20043        0.99991        0.99809
   478.0        0.20026        0.99991        0.99810
   479.0        0.20008        0.99991        0.99811
   480.0        0.19991        0.99991        0.99811
   481.0        0.19973        0.99991        0.99812
   482.0        0.19956        0.99991        0.99813
   483.0        0.19939        0.99991        0.99813
   484.0        0.19921        0.99992        0.99814
   485.0        0.19904        0.99992        0.99814
   486.0        0.19887        0.99992        0.99815
   487.0        0.19870        0.99992        0.99816
   488.0        0.19853        0.99992        0.99816
   489.0        0.19836        0.99992        0.99817
   490.0        0.19819        0.99992        0.99817
   491.0        0.19802        0.99992        0.99818
   492.0        0.19785        0.99992        0.99818
   493.0        0.19768        0.99992        0.99819
   494.0        0.19751        0.99992        0.99820
   495.0        0.19735        0.99992        0.99820
   496.0        0.19718        0.99992        0.99821
   497.0        0.19701        0.99992        0.99821
   498.0        0.19685        0.99992        0.99822
   499.0        0.19668        0.99992        0.99822
   500.0        0.19652        0.99992        0.99823
   501.0        0.19636        0.99992        0.99824
   502.0        0.19619        0.99992        0.99824
   503.0        0.19603        0.99992        0.99825
   504.0        0.19587        0.99992        0.99825
   505.0        0.19570        0.99992        0.99826
   506.0        0.19554        0.99992        0.99826
   507.0        0.19538        0.99992        0.99827
   508.0        0.19522        0.99992        0.99827
   509.0        0.19506        0.99992        0.99828
   510.0        0.19490        0.99992        0.99828
   511.0        0.19474        0.99993        0.99829
   512.0        0.19458        0.99993        0.99830
   513.0        0.19442        0.99993        0.99830
   514.0        0.19426        0.99993        0.99831
   515.0        0.19411        0.99993        0.99831
   516.0        0.19395        0.99993        0.99832
   517.0        0.19379        0.99993        0.99832
   518.0        0.19363        0.99993        0.99833
   519.0        0.19348        0.99993        0.99833
   520.0        0.19332        0.99993        0.99834
   521.0        0.19317        0.99993        0.99834
   522.0        0.19301        0.99993        0.99835
   523.0        0.19286        0.99993        0.99835
   524.0        0.19270        0.99993        0.99836
   525.0        0.19255        0.99993        0.99836
   526.0        0.19240        0.99993        0.99837
   527.0        0.19224        0.99993        0.99837
   528.0        0.19209        0.99993        0.99838
   529.0        0.19194        0.99993        0.99838
   530.0        0.19179        0.99993        0.99839
   531.0        0.19164        0.99993        0.99839
   532.0        0.19149        0.99993        0.99840
   533.0        0.19134        0.99993        0.99840
   534.0        0.19119        0.99993        0.99841
   535.0        0.19104        0.99993        0.99841
   536.0        0.19089        0.99993        0.99841
   537.0        0.19074        0.99993        0.99842
   538.0        0.19059        0.99993        0.99842
   539.0        0.19044        0.99993        0.99843
   540.0        0.19030        0.99993        0.99843
   541.0        0.19015        0.99993        0.99844
   542.0        0.19000        0.99993        0.99844
   543.0        0.18986        0.99993        0.99845
   544.0        0.18971        0.99993        0.99845
   545.0        0.18956        0.99993        0.99846
   546.0        0.18942        0.99993        0.99846
   547.0        0.18927        0.99994        0.99846
   548.0        0.18913        0.99994        0.99847
   549.0        0.18899        0.99994        0.99847
   550.0        0.18884        0.99994        0.99848
   551.0        0.18870        0.99994        0.99848
   552.0        0.18856        0.99994        0.99849
   553.0        0.18841        0.99994        0.99849
   554.0        0.18827        0.99994        0.99850
   555.0        0.18813        0.99994        0.99850
   556.0        0.18799        0.99994        0.99850
   557.0        0.18785        0.99994        0.99851
   558.0        0.18771        0.99994        0.99851
   559.0        0.18757        0.99994        0.99852
   560.0        0.18743        0.99994        0.99852
   561.0        0.18729        0.99994        0.99852
   562.0        0.18715        0.99994        0.99853
   563.0        0.18701        0.99994        0.99853
   564.0        0.18687        0.99994        0.99854
   565.0        0.18673        0.99994        0.99854
   566.0        0.18659        0.99994        0.99855
   567.0        0.18646        0.99994        0.99855
   568.0        0.18631        0.99994        0.99855
   569.0        0.18617        0.99994        0.99856
   570.0        0.18602        0.99994        0.99856
   571.0        0.18588        0.99994        0.99857
   572.0        0.18573        0.99994        0.99857
   573.0        0.18559        0.99994        0.99857
   574.0        0.18544        0.99994        0.99858
   575.0        0.18530        0.99994        0.99858
   576.0        0.18515        0.99994        0.99858
   577.0        0.18501        0.99994        0.99859
   578.0        0.18487        0.99994        0.99859
   579.0        0.18472        0.99994        0.99860
   580.0        0.18458        0.99994        0.99860
   581.0        0.18444        0.99994        0.99860
   582.0        0.18430        0.99994        0.99861
   583.0        0.18416        0.99994        0.99861
   584.0        0.18402        0.99994        0.99861
   585.0        0.18388        0.99994        0.99862
   586.0        0.18374        0.99994        0.99862
   587.0        0.18360        0.99994        0.99863
   588.0        0.18346        0.99994        0.99863
   589.0        0.18332        0.99994        0.99863
   590.0        0.18318        0.99994        0.99864
   591.0        0.18304        0.99995        0.99864
   592.0        0.18290        0.99995        0.99864
   593.0        0.18276        0.99995        0.99865
   594.0        0.18263        0.99995        0.99865
   595.0        0.18249        0.99995        0.99865
   596.0        0.18235        0.99995        0.99866
   597.0        0.18222        0.99995        0.99866
   598.0        0.18208        0.99995        0.99866
   599.0        0.18195        0.99995        0.99867
   600.0        0.18181        0.99995        0.99867
   601.0        0.18167        0.99995        0.99867
   602.0        0.18154        0.99995        0.99868
   603.0        0.18141        0.99995        0.99868
   604.0        0.18127        0.99995        0.99868
   605.0        0.18114        0.99995        0.99869
   606.0        0.18100        0.99995        0.99869
   607.0        0.18087        0.99995        0.99869
   608.0        0.18074        0.99995        0.99870
   609.0        0.18061        0.99995        0.99870
   610.0        0.18047        0.99995        0.99870
   611.0        0.18034        0.99995        0.99871
   612.0        0.18021        0.99995        0.99871
   613.0        0.18008        0.99995        0.99871
   614.0        0.17995        0.99995        0.99872
   615.0        0.17982        0.99995        0.99872
   616.0        0.17969        0.99995        0.99872
   617.0        0.17956        0.99995        0.99873
   618.0        0.17943        0.99995        0.99873
   619.0        0.17930        0.99995        0.99873
   620.0        0.17917        0.99995        0.99874
   621.0        0.17904        0.99995        0.99874
   622.0        0.17891        0.99995        0.99874
   623.0        0.17878        0.99995        0.99875
   624.0        0.17866        0.99995        0.99875
   625.0        0.17853        0.99995        0.99875
   626.0        0.17840        0.99995        0.99876
   627.0        0.17827        0.99995        0.99876
   628.0        0.17815        0.99995        0.99876
   629.0        0.17802        0.99995        0.99877
   630.0        0.17789        0.99995        0.99877
   631.0        0.17777        0.99995        0.99877
   632.0        0.17764        0.99995        0.99877
   633.0        0.17752        0.99995        0.99878
   634.0        0.17739        0.99995        0.99878
   635.0        0.17727        0.99995        0.99878
   636.0        0.17714        0.99995        0.99879
   637.0        0.17702        0.99995        0.99879
   638.0        0.17690        0.99995        0.99879
   639.0        0.17677        0.99995        0.99879
   640.0        0.17665        0.99995        0.99880
   641.0        0.17653        0.99995        0.99880
   642.0        0.17640        0.99995        0.99880
   643.0        0.17628        0.99995        0.99881
   644.0        0.17616        0.99995        0.99881
   645.0        0.17604        0.99995        0.99881
   646.0        0.17592        0.99995        0.99882
   647.0        0.17579        0.99995        0.99882
   648.0        0.17567        0.99995        0.99882
   649.0        0.17555        0.99995        0.99882
   650.0        0.17543        0.99996        0.99883
   651.0        0.17531        0.99996        0.99883
   652.0        0.17519        0.99996        0.99883
   653.0        0.17507        0.99996        0.99883
   654.0        0.17495        0.99996        0.99884
   655.0        0.17483        0.99996        0.99884
   656.0        0.17471        0.99996        0.99884
   657.0        0.17460        0.99996        0.99885
   658.0        0.17448        0.99996        0.99885
   659.0        0.17436        0.99996        0.99885
   660.0        0.17424        0.99996        0.99885
   661.0        0.17412        0.99996        0.99886
   662.0        0.17401        0.99996        0.99886
   663.0        0.17389        0.99996        0.99886
   664.0        0.17377        0.99996        0.99886
   665.0        0.17366        0.99996        0.99887
   666.0        0.17354        0.99996        0.99887
   667.0        0.17342        0.99996        0.99887
   668.0        0.17331        0.99996        0.99888
   669.0        0.17319        0.99996        0.99888
   670.0        0.17308        0.99996        0.99888
   671.0        0.17296        0.99996        0.99888
   672.0        0.17285        0.99996        0.99889
   673.0        0.17273        0.99996        0.99889
   674.0        0.17262        0.99996        0.99889
   675.0        0.17250        0.99996        0.99889
   676.0        0.17239        0.99996        0.99890
   677.0        0.17228        0.99996        0.99890
   678.0        0.17216        0.99996        0.99890
   679.0        0.17205        0.99996        0.99890
   680.0        0.17194        0.99996        0.99891
   681.0        0.17182        0.99996        0.99891
   682.0        0.17171        0.99996        0.99891
   683.0        0.17160        0.99996        0.99891
   684.0        0.17149        0.99996        0.99892
   685.0        0.17138        0.99996        0.99892
   686.0        0.17126        0.99996        0.99892
   687.0        0.17115        0.99996        0.99892
   688.0        0.17104        0.99996        0.99893
   689.0        0.17093        0.99996        0.99893
   690.0        0.17082        0.99996        0.99893
   691.0        0.17071        0.99996        0.99893
   692.0        0.17060        0.99996        0.99894
   693.0        0.17049        0.99996        0.99894
   694.0        0.17038        0.99996        0.99894
   695.0        0.17027        0.99996        0.99894
   696.0        0.17016        0.99996        0.99894
   697.0        0.17005        0.99996        0.99895
   698.0        0.16995        0.99996        0.99895
   699.0        0.16984        0.99996        0.99895
   700.0        0.16973        0.99996        0.99895
   701.0        0.16962        0.99996        0.99896
   702.0        0.16951        0.99996        0.99896
   703.0        0.16941        0.99996        0.99896
   704.0        0.16930        0.99996        0.99896
   705.0        0.16919        0.99996        0.99897
   706.0        0.16908        0.99996        0.99897
   707.0        0.16898        0.99996        0.99897
   708.0        0.16887        0.99996        0.99897
   709.0        0.16876        0.99996        0.99897
   710.0        0.16866        0.99996        0.99898
   711.0        0.16855        0.99996        0.99898
   712.0        0.16845        0.99996        0.99898
   713.0        0.16834        0.99996        0.99898
   714.0        0.16824        0.99996        0.99899
   715.0        0.16813        0.99996        0.99899
   716.0        0.16803        0.99996        0.99899
   717.0        0.16792        0.99996        0.99899
   718.0        0.16782        0.99996        0.99899
   719.0        0.16772        0.99996        0.99900
   720.0        0.16761        0.99996        0.99900
   721.0        0.16751        0.99996        0.99900
   722.0        0.16740        0.99996        0.99900
   723.0        0.16730        0.99996        0.99901
   724.0        0.16720        0.99996        0.99901
   725.0        0.16709        0.99996        0.99901
   726.0        0.16699        0.99996        0.99901
   727.0        0.16689        0.99996        0.99901
   728.0        0.16679        0.99996        0.99902
   729.0        0.16669        0.99996        0.99902
   730.0        0.16658        0.99996        0.99902
   731.0        0.16648        0.99996        0.99902
   732.0        0.16638        0.99996        0.99902
   733.0        0.16628        0.99996        0.99903
   734.0        0.16618        0.99996        0.99903
   735.0        0.16608        0.99996        0.99903
   736.0        0.16598        0.99996        0.99903
   737.0        0.16588        0.99996        0.99903
   738.0        0.16578        0.99996        0.99904
   739.0        0.16568        0.99996        0.99904
   740.0        0.16558        0.99996        0.99904
   741.0        0.16548        0.99996        0.99904
   742.0        0.16538        0.99997        0.99904
   743.0        0.16528        0.99997        0.99905
   744.0        0.16518        0.99997        0.99905
   745.0        0.16508        0.99997        0.99905
   746.0        0.16498        0.99997        0.99905
   747.0        0.16488        0.99997        0.99905
   748.0        0.16479        0.99997        0.99906
   749.0        0.16469        0.99997        0.99906
   750.0        0.16459        0.99997        0.99906
   751.0        0.16449        0.99997        0.99906
   752.0        0.16439        0.99997        0.99906
   753.0        0.16430        0.99997        0.99907
   754.0        0.16419        0.99997        0.99907
   755.0        0.16409        0.99997        0.99907
   756.0        0.16399        0.99997        0.99907
   757.0        0.16389        0.99997        0.99907
   758.0        0.16378        0.99997        0.99908
   759.0        0.16368        0.99997        0.99908
   760.0        0.16358        0.99997        0.99908
   761.0        0.16347        0.99997        0.99908
   762.0        0.16337        0.99997        0.99908
   763.0        0.16327        0.99997        0.99908
   764.0        0.16317        0.99997        0.99909
   765.0        0.16307        0.99997        0.99909
   766.0        0.16297        0.99997        0.99909
   767.0        0.16287        0.99997        0.99909
   768.0        0.16277        0.99997        0.99909
   769.0        0.16266        0.99997        0.99910
   770.0        0.16256        0.99997        0.99910
   771.0        0.16246        0.99997        0.99910
   772.0        0.16236        0.99997        0.99910
   773.0        0.16226        0.99997        0.99910
   774.0        0.16216        0.99997        0.99910
   775.0        0.16206        0.99997        0.99911
   776.0        0.16197        0.99997        0.99911
   777.0        0.16187        0.99997        0.99911
   778.0        0.16177        0.99997        0.99911
   779.0        0.16167        0.99997        0.99911
   780.0        0.16157        0.99997        0.99911
   781.0        0.16147        0.99997        0.99912
   782.0        0.16137        0.99997        0.99912
   783.0        0.16128        0.99997        0.99912
   784.0        0.16118        0.99997        0.99912
   785.0        0.16108        0.99997        0.99912
   786.0        0.16098        0.99997        0.99913
   787.0        0.16089        0.99997        0.99913
   788.0        0.16079        0.99997        0.99913
   789.0        0.16069        0.99997        0.99913
   790.0        0.16059        0.99997        0.99913
   791.0        0.16050        0.99997        0.99913
   792.0        0.16040        0.99997        0.99914
   793.0        0.16031        0.99997        0.99914
   794.0        0.16021        0.99997        0.99914
   795.0        0.16011        0.99997        0.99914
   796.0        0.16002        0.99997        0.99914
   797.0        0.15992        0.99997        0.99914
   798.0        0.15983        0.99997        0.99915
   799.0        0.15973        0.99997        0.99915
   800.0        0.15964        0.99997        0.99915
   801.0        0.15954        0.99997        0.99915
   802.0        0.15945        0.99997        0.99915
   803.0        0.15935        0.99997        0.99915
   804.0        0.15926        0.99997        0.99915
   805.0        0.15917        0.99997        0.99916
   806.0        0.15907        0.99997        0.99916
   807.0        0.15898        0.99997        0.99916
   808.0        0.15888        0.99997        0.99916
   809.0        0.15879        0.99997        0.99916
   810.0        0.15870        0.99997        0.99916
   811.0        0.15860        0.99997        0.99917
   812.0        0.15851        0.99997        0.99917
   813.0        0.15842        0.99997        0.99917
   814.0        0.15833        0.99997        0.99917
   815.0        0.15824        0.99997        0.99917
   816.0        0.15814        0.99997        0.99917
   817.0        0.15805        0.99997        0.99918
   818.0        0.15796        0.99997        0.99918
   819.0        0.15787        0.99997        0.99918
   820.0        0.15778        0.99997        0.99918
   821.0        0.15768        0.99997        0.99918
   822.0        0.15759        0.99997        0.99918
   823.0        0.15750        0.99997        0.99918
   824.0        0.15741        0.99997        0.99919
   825.0        0.15732        0.99997        0.99919
   826.0        0.15723        0.99997        0.99919
   827.0        0.15714        0.99997        0.99919
   828.0        0.15705        0.99997        0.99919
   829.0        0.15696        0.99997        0.99919
   830.0        0.15687        0.99997        0.99919
   831.0        0.15678        0.99997        0.99920
   832.0        0.15669        0.99997        0.99920
   833.0        0.15660        0.99997        0.99920
   834.0        0.15651        0.99997        0.99920
   835.0        0.15642        0.99997        0.99920
   836.0        0.15633        0.99997        0.99920
   837.0        0.15624        0.99997        0.99921
   838.0        0.15616        0.99997        0.99921
   839.0        0.15607        0.99997        0.99921
   840.0        0.15598        0.99997        0.99921
   841.0        0.15589        0.99997        0.99921
   842.0        0.15580        0.99997        0.99921
   843.0        0.15571        0.99997        0.99921
   844.0        0.15563        0.99997        0.99922
   845.0        0.15554        0.99997        0.99922
   846.0        0.15545        0.99997        0.99922
   847.0        0.15537        0.99997        0.99922
   848.0        0.15528        0.99997        0.99922
   849.0        0.15519        0.99997        0.99922
   850.0        0.15510        0.99997        0.99922
   851.0        0.15502        0.99997        0.99922
   852.0        0.15493        0.99997        0.99923
   853.0        0.15485        0.99997        0.99923
   854.0        0.15476        0.99997        0.99923
   855.0        0.15467        0.99997        0.99923
   856.0        0.15459        0.99997        0.99923
   857.0        0.15450        0.99997        0.99923
   858.0        0.15442        0.99997        0.99923
   859.0        0.15433        0.99997        0.99924
   860.0        0.15425        0.99997        0.99924
   861.0        0.15416        0.99997        0.99924
   862.0        0.15407        0.99997        0.99924
   863.0        0.15399        0.99997        0.99924
   864.0        0.15391        0.99997        0.99924
   865.0        0.15382        0.99997        0.99924
   866.0        0.15374        0.99997        0.99925
   867.0        0.15365        0.99997        0.99925
   868.0        0.15357        0.99997        0.99925
   869.0        0.15348        0.99997        0.99925
   870.0        0.15340        0.99997        0.99925
   871.0        0.15332        0.99997        0.99925
   872.0        0.15323        0.99997        0.99925
   873.0        0.15315        0.99997        0.99925
   874.0        0.15307        0.99997        0.99926
   875.0        0.15298        0.99997        0.99926
   876.0        0.15290        0.99997        0.99926
   877.0        0.15282        0.99997        0.99926
   878.0        0.15273        0.99997        0.99926
   879.0        0.15265        0.99997        0.99926
   880.0        0.15257        0.99997        0.99926
   881.0        0.15249        0.99997        0.99926
   882.0        0.15241        0.99997        0.99927
   883.0        0.15232        0.99997        0.99927
   884.0        0.15224        0.99997        0.99927
   885.0        0.15216        0.99997        0.99927
   886.0        0.15208        0.99997        0.99927
   887.0        0.15200        0.99997        0.99927
   888.0        0.15192        0.99997        0.99927
   889.0        0.15183        0.99997        0.99927
   890.0        0.15175        0.99997        0.99928
   891.0        0.15167        0.99997        0.99928
   892.0        0.15159        0.99997        0.99928
   893.0        0.15151        0.99997        0.99928
   894.0        0.15143        0.99997        0.99928
   895.0        0.15135        0.99997        0.99928
   896.0        0.15127        0.99997        0.99928
   897.0        0.15119        0.99997        0.99928
   898.0        0.15111        0.99997        0.99929
   899.0        0.15103        0.99997        0.99929
   900.0        0.15095        0.99998        0.99929
   901.0        0.15087        0.99998        0.99929
   902.0        0.15079        0.99998        0.99929
   903.0        0.15071        0.99998        0.99929
   904.0        0.15063        0.99998        0.99929
   905.0        0.15055        0.99998        0.99929
   906.0        0.15047        0.99998        0.99930
   907.0        0.15040        0.99998        0.99930
   908.0        0.15032        0.99998        0.99930
   909.0        0.15024        0.99998        0.99930
   910.0        0.15016        0.99998        0.99930
   911.0        0.15008        0.99998        0.99930
   912.0        0.15000        0.99998        0.99930
   913.0        0.14992        0.99998        0.99930
   914.0        0.14985        0.99998        0.99930
   915.0        0.14977        0.99998        0.99931
   916.0        0.14969        0.99998        0.99931
   917.0        0.14961        0.99998        0.99931
   918.0        0.14954        0.99998        0.99931
   919.0        0.14946        0.99998        0.99931
   920.0        0.14938        0.99998        0.99931
   921.0        0.14931        0.99998        0.99931
   922.0        0.14923        0.99998        0.99931
   923.0        0.14915        0.99998        0.99932
   924.0        0.14908        0.99998        0.99932
   925.0        0.14900        0.99998        0.99932
   926.0        0.14892        0.99998        0.99932
   927.0        0.14885        0.99998        0.99932
   928.0        0.14877        0.99998        0.99932
   929.0        0.14869        0.99998        0.99932
   930.0        0.14862        0.99998        0.99932
   931.0        0.14854        0.99998        0.99932
   932.0        0.14847        0.99998        0.99933
   933.0        0.14839        0.99998        0.99933
   934.0        0.14832        0.99998        0.99933
   935.0        0.14824        0.99998        0.99933
   936.0        0.14816        0.99998        0.99933
   937.0        0.14809        0.99998        0.99933
   938.0        0.14801        0.99998        0.99933
   939.0        0.14794        0.99998        0.99933
   940.0        0.14786        0.99998        0.99933
   941.0        0.14779        0.99998        0.99934
   942.0        0.14772        0.99998        0.99934
   943.0        0.14764        0.99998        0.99934
   944.0        0.14757        0.99998        0.99934
   945.0        0.14749        0.99998        0.99934
   946.0        0.14742        0.99998        0.99934
   947.0        0.14734        0.99998        0.99934
   948.0        0.14727        0.99998        0.99934
   949.0        0.14720        0.99998        0.99934
   950.0        0.14712        0.99998        0.99934
   951.0        0.14705        0.99998        0.99935
   952.0        0.14698        0.99998        0.99935
   953.0        0.14690        0.99998        0.99935
   954.0        0.14683        0.99998        0.99935
   955.0        0.14676        0.99998        0.99935
   956.0        0.14668        0.99998        0.99935
   957.0        0.14661        0.99998        0.99935
   958.0        0.14654        0.99998        0.99935
   959.0        0.14647        0.99998        0.99935
   960.0        0.14639        0.99998        0.99936
   961.0        0.14632        0.99998        0.99936
   962.0        0.14625        0.99998        0.99936
   963.0        0.14618        0.99998        0.99936
   964.0        0.14610        0.99998        0.99936
   965.0        0.14603        0.99998        0.99936
   966.0        0.14596        0.99998        0.99936
   967.0        0.14589        0.99998        0.99936
   968.0        0.14582        0.99998        0.99936
   969.0        0.14575        0.99998        0.99936
   970.0        0.14568        0.99998        0.99937
   971.0        0.14560        0.99998        0.99937
   972.0        0.14553        0.99998        0.99937
   973.0        0.14546        0.99998        0.99937
   974.0        0.14539        0.99998        0.99937
   975.0        0.14532        0.99998        0.99937
   976.0        0.14525        0.99998        0.99937
   977.0        0.14518        0.99998        0.99937
   978.0        0.14511        0.99998        0.99937
   979.0        0.14504        0.99998        0.99937
   980.0        0.14497        0.99998        0.99937
   981.0        0.14490        0.99998        0.99938
   982.0        0.14483        0.99998        0.99938
   983.0        0.14476        0.99998        0.99938
   984.0        0.14469        0.99998        0.99938
   985.0        0.14462        0.99998        0.99938
   986.0        0.14455        0.99998        0.99938
   987.0        0.14448        0.99998        0.99938
   988.0        0.14441        0.99998        0.99938
   989.0        0.14434        0.99998        0.99938
   990.0        0.14427        0.99998        0.99938
   991.0        0.14420        0.99998        0.99939
   992.0        0.14413        0.99998        0.99939
   993.0        0.14406        0.99998        0.99939
   994.0        0.14399        0.99998        0.99939
   995.0        0.14392        0.99998        0.99939
   996.0        0.14386        0.99998        0.99939
   997.0        0.14379        0.99998        0.99939
   998.0        0.14372        0.99998        0.99939
   999.0        0.14365        0.99998        0.99939
  1000.0        0.14358        0.99998        0.99939
