 GSO                 
 Density =    6.710000      Aeff =    116.2712      Zeff =    50.07620    
     1.0    17869.36133        0.00065        0.00387
     2.0    18870.63477        0.00184        0.00331
     3.0     7142.31592        0.00457        0.00565
     4.0     3494.20142        0.00783        0.00903
     5.0     1980.08838        0.01122        0.01360
     6.0     1233.87463        0.01395        0.02024
     7.0      823.41217        0.01260        0.03739
     8.0     2054.21191        0.00643        0.03202
     9.0     1771.89673        0.01061        0.02413
    10.0     1360.70837        0.01381        0.02564
    11.0     1065.88098        0.01675        0.02827
    12.0      848.65363        0.01965        0.03159
    13.0      687.56165        0.02242        0.03556
    14.0      566.79858        0.02520        0.03973
    15.0      472.73984        0.02805        0.04418
    16.0      398.23425        0.03088        0.04893
    17.0      339.04913        0.03374        0.05394
    18.0      291.38205        0.03659        0.05921
    19.0      252.53094        0.03948        0.06471
    20.0      220.51744        0.04241        0.07017
    21.0      193.75804        0.04538        0.07580
    22.0      171.29329        0.04831        0.08175
    23.0      152.03075        0.05133        0.08792
    24.0      135.59370        0.05427        0.09450
    25.0      121.51813        0.05724        0.10126
    26.0      109.37927        0.06016        0.10834
    27.0       98.85096        0.06301        0.11539
    28.0       89.67896        0.06588        0.12260
    29.0       81.63710        0.06866        0.13022
    30.0       74.56011        0.07141        0.13809
    31.0       68.29329        0.07419        0.14614
    32.0       62.73748        0.07701        0.15428
    33.0       57.78749        0.07978        0.16272
    34.0       53.36173        0.08252        0.17146
    35.0       49.37817        0.08526        0.18043
    36.0       45.77375        0.08809        0.18940
    37.0       42.52012        0.09082        0.19856
    38.0       39.57304        0.09341        0.20820
    39.0       36.89989        0.09595        0.21817
    40.0       34.47212        0.09851        0.22826
    41.0       32.25058        0.10079        0.23929
    42.0       30.22360        0.10310        0.25016
    43.0       28.35778        0.10504        0.26214
    44.0       26.63980        0.10672        0.27510
    45.0       25.05341        0.10809        0.28928
    46.0       23.59554        0.10951        0.30367
    47.0       22.22694        0.10992        0.32163
    48.0       20.93386        0.10905        0.34463
    49.0       19.69838        0.10628        0.37619
    50.0       18.49294        0.10039        0.42472
    51.0       89.17265        0.02575        0.34381
    52.0       85.01161        0.02950        0.31505
    53.0       81.00719        0.03184        0.30664
    54.0       77.23621        0.03382        0.30308
    55.0       73.69522        0.03564        0.30181
    56.0       70.36659        0.03728        0.30245
    57.0       67.24045        0.03885        0.30398
    58.0       64.29935        0.04033        0.30653
    59.0       61.53268        0.04175        0.30964
    60.0       58.93054        0.04318        0.31285
    61.0       56.48604        0.04463        0.31603
    62.0       54.17989        0.04606        0.31957
    63.0       51.99985        0.04740        0.32376
    64.0       49.94149        0.04876        0.32801
    65.0       47.99593        0.05011        0.33199
    66.0       46.15592        0.05148        0.33587
    67.0       44.41249        0.05283        0.34001
    68.0       42.76073        0.05419        0.34413
    69.0       41.19246        0.05551        0.34853
    70.0       39.70401        0.05682        0.35297
    71.0       38.29050        0.05816        0.35737
    72.0       36.94767        0.05950        0.36173
    73.0       35.67052        0.06086        0.36608
    74.0       34.45316        0.06218        0.37074
    75.0       33.29318        0.06348        0.37555
    76.0       32.18961        0.06484        0.38002
    77.0       31.13743        0.06622        0.38445
    78.0       30.13358        0.06760        0.38887
    79.0       29.17450        0.06897        0.39341
    80.0       28.25724        0.07033        0.39813
    81.0       27.34766        0.07175        0.40295
    82.0       26.47989        0.07323        0.40751
    83.0       25.65078        0.07473        0.41202
    84.0       24.85792        0.07623        0.41648
    85.0       24.09924        0.07774        0.42098
    86.0       23.37202        0.07923        0.42566
    87.0       22.67450        0.08068        0.43059
    88.0       22.00743        0.08220        0.43518
    89.0       21.36797        0.08374        0.43973
    90.0       20.75445        0.08528        0.44418
    91.0       20.16566        0.08682        0.44853
    92.0       19.59986        0.08836        0.45298
    93.0       19.05630        0.08989        0.45746
    94.0       18.53405        0.09144        0.46189
    95.0       18.03234        0.09302        0.46620
    96.0       17.55014        0.09463        0.47041
    97.0       17.08626        0.09624        0.47458
    98.0       16.63983        0.09788        0.47871
    99.0       16.21001        0.09952        0.48280
   100.0       15.79603        0.10118        0.48685
   101.0       15.39655        0.10278        0.49091
   102.0       15.01136        0.10438        0.49497
   103.0       14.63992        0.10600        0.49899
   104.0       14.28163        0.10762        0.50297
   105.0       13.93588        0.10926        0.50691
   106.0       13.60211        0.11091        0.51082
   107.0       13.27983        0.11257        0.51468
   108.0       12.96854        0.11425        0.51851
   109.0       12.66773        0.11593        0.52230
   110.0       12.37698        0.11763        0.52606
   111.0       12.09571        0.11933        0.52983
   112.0       11.82368        0.12104        0.53357
   113.0       11.56051        0.12276        0.53727
   114.0       11.30581        0.12450        0.54093
   115.0       11.05926        0.12624        0.54456
   116.0       10.82051        0.12800        0.54815
   117.0       10.58927        0.12976        0.55170
   118.0       10.36524        0.13154        0.55522
   119.0       10.14811        0.13333        0.55871
   120.0        9.93750        0.13512        0.56221
   121.0        9.73330        0.13692        0.56568
   122.0        9.53524        0.13873        0.56912
   123.0        9.34311        0.14055        0.57252
   124.0        9.15666        0.14239        0.57589
   125.0        8.97569        0.14423        0.57922
   126.0        8.79999        0.14608        0.58252
   127.0        8.62938        0.14794        0.58579
   128.0        8.46365        0.14982        0.58902
   129.0        8.30258        0.15169        0.59226
   130.0        8.14603        0.15358        0.59548
   131.0        7.99384        0.15547        0.59867
   132.0        7.84590        0.15737        0.60182
   133.0        7.70205        0.15928        0.60495
   134.0        7.56209        0.16120        0.60802
   135.0        7.42590        0.16312        0.61106
   136.0        7.29349        0.16505        0.61406
   137.0        7.16478        0.16699        0.61704
   138.0        7.03945        0.16893        0.61998
   139.0        6.91745        0.17089        0.62289
   140.0        6.79864        0.17285        0.62578
   141.0        6.68291        0.17482        0.62863
   142.0        6.57016        0.17680        0.63146
   143.0        6.46030        0.17879        0.63426
   144.0        6.35323        0.18078        0.63703
   145.0        6.24886        0.18279        0.63977
   146.0        6.14712        0.18480        0.64248
   147.0        6.04790        0.18682        0.64516
   148.0        5.95115        0.18885        0.64782
   149.0        5.85676        0.19089        0.65045
   150.0        5.76468        0.19293        0.65305
   151.0        5.67450        0.19500        0.65563
   152.0        5.58626        0.19704        0.65811
   153.0        5.50008        0.19907        0.66054
   154.0        5.41593        0.20111        0.66295
   155.0        5.33376        0.20316        0.66534
   156.0        5.25353        0.20522        0.66770
   157.0        5.17516        0.20728        0.67004
   158.0        5.09863        0.20935        0.67236
   159.0        5.02382        0.21142        0.67465
   160.0        4.95074        0.21350        0.67693
   161.0        4.87929        0.21558        0.67919
   162.0        4.80946        0.21767        0.68143
   163.0        4.74120        0.21976        0.68365
   164.0        4.67445        0.22186        0.68584
   165.0        4.60918        0.22396        0.68801
   166.0        4.54533        0.22607        0.69017
   167.0        4.48290        0.22818        0.69230
   168.0        4.42182        0.23030        0.69441
   169.0        4.36205        0.23243        0.69650
   170.0        4.30357        0.23455        0.69856
   171.0        4.24633        0.23669        0.70061
   172.0        4.19028        0.23882        0.70263
   173.0        4.13537        0.24094        0.70463
   174.0        4.08159        0.24308        0.70661
   175.0        4.02897        0.24521        0.70857
   176.0        3.97740        0.24735        0.71051
   177.0        3.92690        0.24950        0.71243
   178.0        3.87745        0.25164        0.71433
   179.0        3.82898        0.25379        0.71622
   180.0        3.78150        0.25595        0.71809
   181.0        3.73499        0.25810        0.71994
   182.0        3.68938        0.26026        0.72177
   183.0        3.64470        0.26242        0.72358
   184.0        3.60089        0.26459        0.72538
   185.0        3.55794        0.26676        0.72716
   186.0        3.51584        0.26893        0.72893
   187.0        3.47454        0.27110        0.73068
   188.0        3.43403        0.27327        0.73242
   189.0        3.39432        0.27545        0.73414
   190.0        3.35535        0.27762        0.73585
   191.0        3.31712        0.27980        0.73755
   192.0        3.27960        0.28198        0.73923
   193.0        3.24280        0.28417        0.74089
   194.0        3.20668        0.28635        0.74253
   195.0        3.17124        0.28854        0.74417
   196.0        3.13646        0.29073        0.74578
   197.0        3.10232        0.29291        0.74738
   198.0        3.06880        0.29511        0.74897
   199.0        3.03589        0.29730        0.75054
   200.0        3.00357        0.29949        0.75210
   201.0        2.97187        0.30168        0.75364
   202.0        2.94073        0.30387        0.75517
   203.0        2.91017        0.30606        0.75669
   204.0        2.88010        0.30825        0.75821
   205.0        2.85057        0.31044        0.75972
   206.0        2.82156        0.31262        0.76121
   207.0        2.79304        0.31481        0.76269
   208.0        2.76504        0.31700        0.76416
   209.0        2.73751        0.31919        0.76562
   210.0        2.71046        0.32137        0.76706
   211.0        2.68386        0.32356        0.76849
   212.0        2.65772        0.32575        0.76990
   213.0        2.63203        0.32794        0.77131
   214.0        2.60674        0.33012        0.77269
   215.0        2.58175        0.33226        0.77403
   216.0        2.55717        0.33441        0.77536
   217.0        2.53300        0.33656        0.77667
   218.0        2.50922        0.33870        0.77799
   219.0        2.48582        0.34084        0.77929
   220.0        2.46280        0.34298        0.78059
   221.0        2.44016        0.34512        0.78187
   222.0        2.41790        0.34725        0.78314
   223.0        2.39601        0.34938        0.78440
   224.0        2.37446        0.35152        0.78565
   225.0        2.35325        0.35365        0.78689
   226.0        2.33238        0.35577        0.78812
   227.0        2.31184        0.35790        0.78933
   228.0        2.29163        0.36003        0.79054
   229.0        2.27172        0.36215        0.79174
   230.0        2.25213        0.36427        0.79292
   231.0        2.23286        0.36639        0.79410
   232.0        2.21388        0.36850        0.79526
   233.0        2.19519        0.37061        0.79642
   234.0        2.17679        0.37272        0.79757
   235.0        2.15866        0.37483        0.79871
   236.0        2.14080        0.37693        0.79985
   237.0        2.12322        0.37903        0.80097
   238.0        2.10589        0.38113        0.80209
   239.0        2.08883        0.38322        0.80319
   240.0        2.07201        0.38532        0.80429
   241.0        2.05545        0.38741        0.80538
   242.0        2.03913        0.38949        0.80646
   243.0        2.02305        0.39158        0.80753
   244.0        2.00720        0.39366        0.80859
   245.0        1.99158        0.39574        0.80964
   246.0        1.97619        0.39782        0.81068
   247.0        1.96102        0.39989        0.81172
   248.0        1.94606        0.40196        0.81274
   249.0        1.93132        0.40402        0.81376
   250.0        1.91679        0.40609        0.81478
   251.0        1.90245        0.40814        0.81579
   252.0        1.88832        0.41020        0.81679
   253.0        1.87439        0.41225        0.81778
   254.0        1.86065        0.41430        0.81876
   255.0        1.84710        0.41634        0.81974
   256.0        1.83374        0.41838        0.82071
   257.0        1.82056        0.42042        0.82167
   258.0        1.80756        0.42245        0.82262
   259.0        1.79475        0.42448        0.82357
   260.0        1.78210        0.42650        0.82451
   261.0        1.76963        0.42852        0.82544
   262.0        1.75733        0.43054        0.82636
   263.0        1.74519        0.43255        0.82728
   264.0        1.73321        0.43456        0.82818
   265.0        1.72139        0.43657        0.82909
   266.0        1.70973        0.43857        0.82998
   267.0        1.69821        0.44056        0.83086
   268.0        1.68681        0.44254        0.83173
   269.0        1.67557        0.44451        0.83260
   270.0        1.66446        0.44648        0.83347
   271.0        1.65350        0.44845        0.83432
   272.0        1.64269        0.45041        0.83517
   273.0        1.63201        0.45237        0.83601
   274.0        1.62147        0.45432        0.83685
   275.0        1.61107        0.45627        0.83768
   276.0        1.60079        0.45821        0.83850
   277.0        1.59065        0.46015        0.83932
   278.0        1.58063        0.46208        0.84013
   279.0        1.57074        0.46401        0.84094
   280.0        1.56098        0.46594        0.84173
   281.0        1.55133        0.46786        0.84253
   282.0        1.54181        0.46977        0.84331
   283.0        1.53240        0.47168        0.84409
   284.0        1.52311        0.47359        0.84487
   285.0        1.51393        0.47549        0.84564
   286.0        1.50487        0.47739        0.84640
   287.0        1.49591        0.47928        0.84716
   288.0        1.48707        0.48117        0.84791
   289.0        1.47833        0.48305        0.84865
   290.0        1.46969        0.48492        0.84939
   291.0        1.46116        0.48680        0.85013
   292.0        1.45273        0.48866        0.85086
   293.0        1.44439        0.49052        0.85159
   294.0        1.43616        0.49238        0.85232
   295.0        1.42802        0.49423        0.85303
   296.0        1.41998        0.49607        0.85375
   297.0        1.41203        0.49791        0.85446
   298.0        1.40417        0.49975        0.85516
   299.0        1.39641        0.50157        0.85586
   300.0        1.38874        0.50340        0.85655
   301.0        1.38146        0.50510        0.85724
   302.0        1.37426        0.50681        0.85792
   303.0        1.36715        0.50850        0.85860
   304.0        1.36011        0.51019        0.85927
   305.0        1.35315        0.51188        0.85994
   306.0        1.34626        0.51356        0.86060
   307.0        1.33945        0.51524        0.86126
   308.0        1.33272        0.51691        0.86192
   309.0        1.32605        0.51858        0.86257
   310.0        1.31946        0.52024        0.86321
   311.0        1.31294        0.52190        0.86385
   312.0        1.30649        0.52355        0.86449
   313.0        1.30011        0.52520        0.86512
   314.0        1.29379        0.52684        0.86574
   315.0        1.28750        0.52846        0.86636
   316.0        1.28124        0.53006        0.86696
   317.0        1.27504        0.53166        0.86755
   318.0        1.26890        0.53325        0.86815
   319.0        1.26283        0.53484        0.86874
   320.0        1.25683        0.53642        0.86932
   321.0        1.25088        0.53800        0.86990
   322.0        1.24499        0.53957        0.87048
   323.0        1.23917        0.54114        0.87105
   324.0        1.23341        0.54270        0.87162
   325.0        1.22771        0.54425        0.87219
   326.0        1.22206        0.54580        0.87275
   327.0        1.21647        0.54735        0.87331
   328.0        1.21094        0.54889        0.87386
   329.0        1.20546        0.55043        0.87441
   330.0        1.20004        0.55196        0.87496
   331.0        1.19467        0.55349        0.87550
   332.0        1.18935        0.55501        0.87604
   333.0        1.18409        0.55652        0.87657
   334.0        1.17888        0.55803        0.87710
   335.0        1.17372        0.55954        0.87763
   336.0        1.16861        0.56104        0.87815
   337.0        1.16355        0.56254        0.87867
   338.0        1.15854        0.56403        0.87919
   339.0        1.15357        0.56552        0.87970
   340.0        1.14866        0.56700        0.88021
   341.0        1.14379        0.56848        0.88072
   342.0        1.13897        0.56995        0.88122
   343.0        1.13420        0.57141        0.88172
   344.0        1.12947        0.57287        0.88222
   345.0        1.12479        0.57433        0.88271
   346.0        1.12015        0.57578        0.88320
   347.0        1.11556        0.57722        0.88369
   348.0        1.11100        0.57866        0.88417
   349.0        1.10649        0.58010        0.88465
   350.0        1.10203        0.58153        0.88513
   351.0        1.09760        0.58296        0.88561
   352.0        1.09321        0.58438        0.88608
   353.0        1.08887        0.58579        0.88655
   354.0        1.08456        0.58720        0.88701
   355.0        1.08029        0.58861        0.88747
   356.0        1.07607        0.59001        0.88793
   357.0        1.07187        0.59141        0.88839
   358.0        1.06772        0.59280        0.88884
   359.0        1.06361        0.59419        0.88929
   360.0        1.05953        0.59557        0.88974
   361.0        1.05549        0.59695        0.89019
   362.0        1.05148        0.59832        0.89063
   363.0        1.04752        0.59969        0.89107
   364.0        1.04358        0.60105        0.89151
   365.0        1.03968        0.60240        0.89195
   366.0        1.03581        0.60376        0.89238
   367.0        1.03198        0.60511        0.89281
   368.0        1.02819        0.60645        0.89323
   369.0        1.02442        0.60779        0.89366
   370.0        1.02069        0.60912        0.89408
   371.0        1.01699        0.61045        0.89450
   372.0        1.01332        0.61177        0.89492
   373.0        1.00968        0.61309        0.89533
   374.0        1.00608        0.61441        0.89574
   375.0        1.00250        0.61572        0.89615
   376.0        0.99896        0.61702        0.89656
   377.0        0.99544        0.61832        0.89696
   378.0        0.99196        0.61962        0.89736
   379.0        0.98851        0.62091        0.89776
   380.0        0.98508        0.62219        0.89816
   381.0        0.98169        0.62347        0.89855
   382.0        0.97832        0.62475        0.89894
   383.0        0.97498        0.62602        0.89933
   384.0        0.97166        0.62729        0.89972
   385.0        0.96838        0.62855        0.90010
   386.0        0.96512        0.62981        0.90049
   387.0        0.96189        0.63106        0.90087
   388.0        0.95869        0.63231        0.90124
   389.0        0.95551        0.63356        0.90162
   390.0        0.95235        0.63480        0.90199
   391.0        0.94923        0.63603        0.90236
   392.0        0.94613        0.63726        0.90273
   393.0        0.94305        0.63849        0.90310
   394.0        0.94000        0.63971        0.90347
   395.0        0.93697        0.64093        0.90383
   396.0        0.93396        0.64214        0.90419
   397.0        0.93098        0.64334        0.90455
   398.0        0.92803        0.64455        0.90491
   399.0        0.92510        0.64575        0.90526
   400.0        0.92219        0.64694        0.90562
   401.0        0.91931        0.64813        0.90597
   402.0        0.91645        0.64931        0.90632
   403.0        0.91361        0.65049        0.90666
   404.0        0.91079        0.65166        0.90701
   405.0        0.90800        0.65283        0.90735
   406.0        0.90523        0.65399        0.90769
   407.0        0.90248        0.65515        0.90803
   408.0        0.89975        0.65631        0.90837
   409.0        0.89704        0.65746        0.90870
   410.0        0.89436        0.65860        0.90904
   411.0        0.89169        0.65975        0.90937
   412.0        0.88904        0.66089        0.90970
   413.0        0.88642        0.66202        0.91003
   414.0        0.88381        0.66315        0.91035
   415.0        0.88123        0.66428        0.91067
   416.0        0.87866        0.66540        0.91100
   417.0        0.87611        0.66651        0.91132
   418.0        0.87358        0.66762        0.91164
   419.0        0.87107        0.66873        0.91195
   420.0        0.86858        0.66984        0.91227
   421.0        0.86611        0.67094        0.91258
   422.0        0.86366        0.67203        0.91289
   423.0        0.86122        0.67312        0.91320
   424.0        0.85880        0.67421        0.91351
   425.0        0.85640        0.67529        0.91382
   426.0        0.85401        0.67637        0.91412
   427.0        0.85165        0.67745        0.91442
   428.0        0.84929        0.67851        0.91473
   429.0        0.84695        0.67958        0.91502
   430.0        0.84461        0.68063        0.91532
   431.0        0.84230        0.68168        0.91561
   432.0        0.84001        0.68273        0.91591
   433.0        0.83773        0.68378        0.91620
   434.0        0.83546        0.68482        0.91649
   435.0        0.83322        0.68586        0.91678
   436.0        0.83098        0.68689        0.91706
   437.0        0.82877        0.68792        0.91735
   438.0        0.82657        0.68894        0.91763
   439.0        0.82438        0.68996        0.91791
   440.0        0.82221        0.69098        0.91820
   441.0        0.82006        0.69199        0.91847
   442.0        0.81792        0.69300        0.91875
   443.0        0.81580        0.69400        0.91903
   444.0        0.81369        0.69500        0.91930
   445.0        0.81160        0.69600        0.91958
   446.0        0.80952        0.69699        0.91985
   447.0        0.80745        0.69798        0.92012
   448.0        0.80548        0.69890        0.92039
   449.0        0.80354        0.69979        0.92065
   450.0        0.80161        0.70068        0.92092
   451.0        0.79970        0.70157        0.92118
   452.0        0.79780        0.70246        0.92145
   453.0        0.79591        0.70334        0.92171
   454.0        0.79403        0.70422        0.92197
   455.0        0.79217        0.70509        0.92223
   456.0        0.79031        0.70596        0.92249
   457.0        0.78847        0.70683        0.92274
   458.0        0.78664        0.70770        0.92300
   459.0        0.78482        0.70856        0.92325
   460.0        0.78302        0.70942        0.92350
   461.0        0.78122        0.71028        0.92376
   462.0        0.77944        0.71113        0.92401
   463.0        0.77766        0.71198        0.92425
   464.0        0.77590        0.71283        0.92450
   465.0        0.77415        0.71367        0.92475
   466.0        0.77241        0.71451        0.92499
   467.0        0.77068        0.71535        0.92523
   468.0        0.76896        0.71618        0.92548
   469.0        0.76726        0.71701        0.92572
   470.0        0.76555        0.71784        0.92596
   471.0        0.76387        0.71867        0.92620
   472.0        0.76219        0.71949        0.92643
   473.0        0.76053        0.72031        0.92667
   474.0        0.75887        0.72112        0.92690
   475.0        0.75722        0.72194        0.92714
   476.0        0.75556        0.72273        0.92737
   477.0        0.75388        0.72352        0.92759
   478.0        0.75222        0.72431        0.92782
   479.0        0.75057        0.72510        0.92804
   480.0        0.74893        0.72588        0.92826
   481.0        0.74730        0.72666        0.92848
   482.0        0.74568        0.72744        0.92870
   483.0        0.74406        0.72821        0.92892
   484.0        0.74246        0.72898        0.92914
   485.0        0.74087        0.72975        0.92936
   486.0        0.73928        0.73051        0.92957
   487.0        0.73771        0.73128        0.92979
   488.0        0.73614        0.73203        0.93000
   489.0        0.73458        0.73279        0.93021
   490.0        0.73303        0.73355        0.93042
   491.0        0.73150        0.73430        0.93063
   492.0        0.72996        0.73505        0.93084
   493.0        0.72844        0.73579        0.93105
   494.0        0.72693        0.73653        0.93126
   495.0        0.72543        0.73727        0.93146
   496.0        0.72393        0.73801        0.93167
   497.0        0.72245        0.73875        0.93187
   498.0        0.72097        0.73948        0.93207
   499.0        0.71950        0.74021        0.93228
   500.0        0.71803        0.74094        0.93248
   501.0        0.71658        0.74166        0.93268
   502.0        0.71513        0.74238        0.93287
   503.0        0.71370        0.74310        0.93307
   504.0        0.71227        0.74382        0.93327
   505.0        0.71085        0.74453        0.93347
   506.0        0.70943        0.74524        0.93366
   507.0        0.70803        0.74595        0.93386
   508.0        0.70663        0.74665        0.93405
   509.0        0.70524        0.74736        0.93424
   510.0        0.70386        0.74806        0.93443
   511.0        0.70248        0.74876        0.93462
   512.0        0.70111        0.74945        0.93481
   513.0        0.69975        0.75014        0.93500
   514.0        0.69840        0.75083        0.93519
   515.0        0.69705        0.75152        0.93538
   516.0        0.69572        0.75221        0.93556
   517.0        0.69439        0.75289        0.93575
   518.0        0.69306        0.75357        0.93593
   519.0        0.69174        0.75425        0.93612
   520.0        0.69043        0.75492        0.93630
   521.0        0.68913        0.75560        0.93648
   522.0        0.68784        0.75627        0.93666
   523.0        0.68654        0.75694        0.93684
   524.0        0.68526        0.75760        0.93702
   525.0        0.68399        0.75827        0.93720
   526.0        0.68272        0.75893        0.93738
   527.0        0.68146        0.75958        0.93756
   528.0        0.68020        0.76024        0.93773
   529.0        0.67895        0.76089        0.93791
   530.0        0.67771        0.76155        0.93808
   531.0        0.67647        0.76220        0.93826
   532.0        0.67524        0.76284        0.93843
   533.0        0.67402        0.76349        0.93860
   534.0        0.67280        0.76413        0.93877
   535.0        0.67159        0.76477        0.93895
   536.0        0.67039        0.76541        0.93912
   537.0        0.66919        0.76604        0.93928
   538.0        0.66800        0.76667        0.93945
   539.0        0.66681        0.76730        0.93962
   540.0        0.66563        0.76793        0.93979
   541.0        0.66446        0.76856        0.93995
   542.0        0.66329        0.76918        0.94012
   543.0        0.66213        0.76980        0.94029
   544.0        0.66097        0.77042        0.94045
   545.0        0.65982        0.77104        0.94061
   546.0        0.65867        0.77166        0.94078
   547.0        0.65753        0.77227        0.94094
   548.0        0.65640        0.77288        0.94110
   549.0        0.65527        0.77349        0.94126
   550.0        0.65415        0.77409        0.94142
   551.0        0.65303        0.77470        0.94158
   552.0        0.65192        0.77530        0.94174
   553.0        0.65082        0.77590        0.94190
   554.0        0.64972        0.77650        0.94205
   555.0        0.64862        0.77709        0.94221
   556.0        0.64753        0.77769        0.94237
   557.0        0.64645        0.77828        0.94252
   558.0        0.64537        0.77887        0.94268
   559.0        0.64429        0.77945        0.94283
   560.0        0.64322        0.78004        0.94298
   561.0        0.64216        0.78062        0.94314
   562.0        0.64110        0.78120        0.94329
   563.0        0.64005        0.78178        0.94344
   564.0        0.63900        0.78236        0.94359
   565.0        0.63796        0.78293        0.94374
   566.0        0.63692        0.78350        0.94389
   567.0        0.63589        0.78407        0.94404
   568.0        0.63485        0.78464        0.94419
   569.0        0.63382        0.78521        0.94433
   570.0        0.63280        0.78577        0.94448
   571.0        0.63178        0.78633        0.94462
   572.0        0.63076        0.78689        0.94477
   573.0        0.62975        0.78744        0.94491
   574.0        0.62874        0.78800        0.94506
   575.0        0.62774        0.78855        0.94520
   576.0        0.62674        0.78910        0.94534
   577.0        0.62575        0.78965        0.94549
   578.0        0.62476        0.79019        0.94563
   579.0        0.62378        0.79074        0.94577
   580.0        0.62280        0.79128        0.94591
   581.0        0.62183        0.79182        0.94605
   582.0        0.62086        0.79236        0.94619
   583.0        0.61989        0.79290        0.94632
   584.0        0.61893        0.79343        0.94646
   585.0        0.61797        0.79396        0.94660
   586.0        0.61702        0.79449        0.94674
   587.0        0.61607        0.79502        0.94687
   588.0        0.61513        0.79555        0.94701
   589.0        0.61419        0.79608        0.94714
   590.0        0.61325        0.79660        0.94728
   591.0        0.61232        0.79712        0.94741
   592.0        0.61140        0.79764        0.94755
   593.0        0.61047        0.79816        0.94768
   594.0        0.60956        0.79868        0.94781
   595.0        0.60864        0.79919        0.94795
   596.0        0.60773        0.79971        0.94808
   597.0        0.60682        0.80022        0.94821
   598.0        0.60592        0.80073        0.94834
   599.0        0.60502        0.80123        0.94847
   600.0        0.60413        0.80174        0.94860
   601.0        0.60324        0.80224        0.94873
   602.0        0.60235        0.80274        0.94885
   603.0        0.60147        0.80324        0.94898
   604.0        0.60060        0.80373        0.94911
   605.0        0.59972        0.80423        0.94924
   606.0        0.59886        0.80472        0.94936
   607.0        0.59799        0.80521        0.94949
   608.0        0.59713        0.80570        0.94961
   609.0        0.59627        0.80619        0.94974
   610.0        0.59542        0.80667        0.94986
   611.0        0.59457        0.80716        0.94999
   612.0        0.59372        0.80764        0.95011
   613.0        0.59288        0.80812        0.95023
   614.0        0.59204        0.80860        0.95036
   615.0        0.59120        0.80908        0.95048
   616.0        0.59037        0.80955        0.95060
   617.0        0.58954        0.81003        0.95072
   618.0        0.58871        0.81050        0.95084
   619.0        0.58789        0.81097        0.95096
   620.0        0.58707        0.81144        0.95108
   621.0        0.58626        0.81191        0.95120
   622.0        0.58545        0.81237        0.95132
   623.0        0.58464        0.81284        0.95144
   624.0        0.58383        0.81330        0.95155
   625.0        0.58303        0.81376        0.95167
   626.0        0.58223        0.81422        0.95179
   627.0        0.58144        0.81468        0.95190
   628.0        0.58065        0.81514        0.95202
   629.0        0.57986        0.81559        0.95213
   630.0        0.57908        0.81605        0.95225
   631.0        0.57829        0.81650        0.95236
   632.0        0.57751        0.81695        0.95248
   633.0        0.57674        0.81740        0.95259
   634.0        0.57597        0.81785        0.95270
   635.0        0.57520        0.81829        0.95282
   636.0        0.57443        0.81874        0.95293
   637.0        0.57367        0.81918        0.95304
   638.0        0.57291        0.81962        0.95315
   639.0        0.57215        0.82006        0.95326
   640.0        0.57140        0.82050        0.95337
   641.0        0.57065        0.82094        0.95348
   642.0        0.56990        0.82137        0.95359
   643.0        0.56916        0.82181        0.95370
   644.0        0.56842        0.82224        0.95381
   645.0        0.56768        0.82266        0.95392
   646.0        0.56698        0.82304        0.95403
   647.0        0.56628        0.82343        0.95414
   648.0        0.56558        0.82381        0.95424
   649.0        0.56488        0.82419        0.95435
   650.0        0.56419        0.82457        0.95446
   651.0        0.56350        0.82494        0.95456
   652.0        0.56281        0.82532        0.95467
   653.0        0.56213        0.82569        0.95477
   654.0        0.56144        0.82607        0.95488
   655.0        0.56076        0.82644        0.95498
   656.0        0.56009        0.82681        0.95509
   657.0        0.55941        0.82718        0.95519
   658.0        0.55874        0.82755        0.95529
   659.0        0.55807        0.82792        0.95540
   660.0        0.55740        0.82829        0.95550
   661.0        0.55673        0.82865        0.95560
   662.0        0.55607        0.82902        0.95570
   663.0        0.55541        0.82938        0.95581
   664.0        0.55475        0.82975        0.95591
   665.0        0.55410        0.83011        0.95601
   666.0        0.55344        0.83047        0.95611
   667.0        0.55279        0.83083        0.95621
   668.0        0.55214        0.83119        0.95630
   669.0        0.55150        0.83154        0.95640
   670.0        0.55085        0.83190        0.95650
   671.0        0.55021        0.83225        0.95660
   672.0        0.54957        0.83261        0.95670
   673.0        0.54894        0.83296        0.95679
   674.0        0.54830        0.83331        0.95689
   675.0        0.54767        0.83366        0.95699
   676.0        0.54704        0.83401        0.95708
   677.0        0.54641        0.83436        0.95718
   678.0        0.54578        0.83471        0.95727
   679.0        0.54516        0.83505        0.95737
   680.0        0.54454        0.83540        0.95746
   681.0        0.54392        0.83574        0.95756
   682.0        0.54330        0.83609        0.95765
   683.0        0.54269        0.83643        0.95775
   684.0        0.54207        0.83677        0.95784
   685.0        0.54147        0.83711        0.95793
   686.0        0.54086        0.83745        0.95803
   687.0        0.54025        0.83779        0.95812
   688.0        0.53965        0.83812        0.95821
   689.0        0.53904        0.83846        0.95830
   690.0        0.53845        0.83879        0.95839
   691.0        0.53785        0.83913        0.95849
   692.0        0.53725        0.83946        0.95858
   693.0        0.53666        0.83979        0.95867
   694.0        0.53606        0.84012        0.95876
   695.0        0.53547        0.84045        0.95885
   696.0        0.53489        0.84078        0.95894
   697.0        0.53430        0.84111        0.95903
   698.0        0.53372        0.84144        0.95911
   699.0        0.53314        0.84176        0.95920
   700.0        0.53256        0.84209        0.95929
   701.0        0.53198        0.84241        0.95938
   702.0        0.53140        0.84273        0.95947
   703.0        0.53083        0.84305        0.95955
   704.0        0.53026        0.84338        0.95964
   705.0        0.52969        0.84370        0.95973
   706.0        0.52912        0.84401        0.95981
   707.0        0.52855        0.84433        0.95990
   708.0        0.52799        0.84465        0.95999
   709.0        0.52743        0.84497        0.96007
   710.0        0.52687        0.84528        0.96016
   711.0        0.52631        0.84560        0.96024
   712.0        0.52575        0.84591        0.96033
   713.0        0.52520        0.84622        0.96041
   714.0        0.52464        0.84653        0.96050
   715.0        0.52409        0.84684        0.96058
   716.0        0.52354        0.84715        0.96066
   717.0        0.52300        0.84746        0.96075
   718.0        0.52245        0.84777        0.96083
   719.0        0.52190        0.84808        0.96091
   720.0        0.52136        0.84838        0.96099
   721.0        0.52082        0.84869        0.96108
   722.0        0.52028        0.84899        0.96116
   723.0        0.51975        0.84929        0.96124
   724.0        0.51921        0.84960        0.96132
   725.0        0.51868        0.84990        0.96140
   726.0        0.51815        0.85020        0.96148
   727.0        0.51762        0.85050        0.96156
   728.0        0.51709        0.85080        0.96164
   729.0        0.51656        0.85110        0.96172
   730.0        0.51604        0.85139        0.96180
   731.0        0.51551        0.85169        0.96188
   732.0        0.51499        0.85198        0.96196
   733.0        0.51447        0.85228        0.96204
   734.0        0.51395        0.85257        0.96212
   735.0        0.51344        0.85286        0.96220
   736.0        0.51292        0.85316        0.96227
   737.0        0.51241        0.85345        0.96235
   738.0        0.51190        0.85374        0.96243
   739.0        0.51139        0.85403        0.96251
   740.0        0.51088        0.85431        0.96258
   741.0        0.51037        0.85460        0.96266
   742.0        0.50987        0.85489        0.96274
   743.0        0.50936        0.85517        0.96281
   744.0        0.50886        0.85546        0.96289
   745.0        0.50836        0.85574        0.96297
   746.0        0.50786        0.85603        0.96304
   747.0        0.50736        0.85631        0.96312
   748.0        0.50687        0.85659        0.96319
   749.0        0.50637        0.85687        0.96327
   750.0        0.50588        0.85715        0.96334
   751.0        0.50539        0.85743        0.96341
   752.0        0.50490        0.85771        0.96349
   753.0        0.50441        0.85799        0.96356
   754.0        0.50392        0.85826        0.96364
   755.0        0.50343        0.85854        0.96371
   756.0        0.50294        0.85881        0.96378
   757.0        0.50245        0.85909        0.96385
   758.0        0.50197        0.85936        0.96393
   759.0        0.50148        0.85963        0.96400
   760.0        0.50100        0.85990        0.96407
   761.0        0.50052        0.86017        0.96414
   762.0        0.50004        0.86044        0.96421
   763.0        0.49956        0.86071        0.96428
   764.0        0.49909        0.86098        0.96435
   765.0        0.49861        0.86124        0.96442
   766.0        0.49814        0.86151        0.96450
   767.0        0.49766        0.86177        0.96457
   768.0        0.49719        0.86204        0.96464
   769.0        0.49672        0.86230        0.96471
   770.0        0.49625        0.86257        0.96477
   771.0        0.49579        0.86283        0.96484
   772.0        0.49532        0.86309        0.96491
   773.0        0.49486        0.86335        0.96498
   774.0        0.49439        0.86361        0.96505
   775.0        0.49393        0.86387        0.96512
   776.0        0.49347        0.86413        0.96519
   777.0        0.49301        0.86439        0.96525
   778.0        0.49256        0.86464        0.96532
   779.0        0.49210        0.86490        0.96539
   780.0        0.49165        0.86516        0.96546
   781.0        0.49118        0.86541        0.96552
   782.0        0.49071        0.86566        0.96559
   783.0        0.49025        0.86591        0.96565
   784.0        0.48978        0.86616        0.96572
   785.0        0.48932        0.86641        0.96578
   786.0        0.48885        0.86665        0.96585
   787.0        0.48839        0.86690        0.96591
   788.0        0.48793        0.86714        0.96598
   789.0        0.48747        0.86739        0.96604
   790.0        0.48701        0.86763        0.96610
   791.0        0.48656        0.86788        0.96617
   792.0        0.48610        0.86812        0.96623
   793.0        0.48565        0.86836        0.96629
   794.0        0.48520        0.86860        0.96636
   795.0        0.48474        0.86885        0.96642
   796.0        0.48429        0.86909        0.96648
   797.0        0.48385        0.86933        0.96655
   798.0        0.48340        0.86956        0.96661
   799.0        0.48295        0.86980        0.96667
   800.0        0.48251        0.87004        0.96673
   801.0        0.48206        0.87028        0.96679
   802.0        0.48162        0.87051        0.96685
   803.0        0.48118        0.87075        0.96692
   804.0        0.48074        0.87098        0.96698
   805.0        0.48030        0.87121        0.96704
   806.0        0.47987        0.87145        0.96710
   807.0        0.47943        0.87168        0.96716
   808.0        0.47900        0.87191        0.96722
   809.0        0.47856        0.87214        0.96728
   810.0        0.47813        0.87237        0.96734
   811.0        0.47770        0.87260        0.96740
   812.0        0.47727        0.87283        0.96746
   813.0        0.47684        0.87306        0.96752
   814.0        0.47642        0.87328        0.96758
   815.0        0.47599        0.87351        0.96764
   816.0        0.47557        0.87374        0.96770
   817.0        0.47514        0.87396        0.96776
   818.0        0.47472        0.87419        0.96781
   819.0        0.47430        0.87441        0.96787
   820.0        0.47388        0.87464        0.96793
   821.0        0.47346        0.87486        0.96799
   822.0        0.47304        0.87508        0.96805
   823.0        0.47262        0.87530        0.96810
   824.0        0.47221        0.87553        0.96816
   825.0        0.47179        0.87575        0.96822
   826.0        0.47138        0.87597        0.96828
   827.0        0.47097        0.87619        0.96833
   828.0        0.47056        0.87640        0.96839
   829.0        0.47015        0.87662        0.96845
   830.0        0.46974        0.87684        0.96850
   831.0        0.46933        0.87706        0.96856
   832.0        0.46892        0.87728        0.96862
   833.0        0.46852        0.87749        0.96867
   834.0        0.46811        0.87771        0.96873
   835.0        0.46771        0.87792        0.96879
   836.0        0.46731        0.87814        0.96884
   837.0        0.46691        0.87835        0.96890
   838.0        0.46650        0.87856        0.96895
   839.0        0.46610        0.87878        0.96901
   840.0        0.46571        0.87899        0.96906
   841.0        0.46531        0.87920        0.96912
   842.0        0.46491        0.87941        0.96917
   843.0        0.46452        0.87962        0.96923
   844.0        0.46412        0.87983        0.96928
   845.0        0.46373        0.88004        0.96934
   846.0        0.46334        0.88025        0.96939
   847.0        0.46295        0.88046        0.96944
   848.0        0.46256        0.88067        0.96950
   849.0        0.46217        0.88087        0.96955
   850.0        0.46178        0.88108        0.96960
   851.0        0.46139        0.88129        0.96966
   852.0        0.46101        0.88149        0.96971
   853.0        0.46062        0.88170        0.96976
   854.0        0.46024        0.88190        0.96982
   855.0        0.45985        0.88211        0.96987
   856.0        0.45947        0.88231        0.96992
   857.0        0.45909        0.88251        0.96997
   858.0        0.45871        0.88271        0.97003
   859.0        0.45833        0.88292        0.97008
   860.0        0.45796        0.88312        0.97013
   861.0        0.45758        0.88332        0.97018
   862.0        0.45720        0.88352        0.97023
   863.0        0.45683        0.88372        0.97029
   864.0        0.45645        0.88392        0.97034
   865.0        0.45608        0.88412        0.97039
   866.0        0.45571        0.88431        0.97044
   867.0        0.45533        0.88451        0.97049
   868.0        0.45496        0.88471        0.97054
   869.0        0.45459        0.88491        0.97059
   870.0        0.45423        0.88510        0.97064
   871.0        0.45386        0.88530        0.97069
   872.0        0.45349        0.88549        0.97074
   873.0        0.45313        0.88569        0.97079
   874.0        0.45276        0.88588        0.97084
   875.0        0.45240        0.88608        0.97089
   876.0        0.45203        0.88627        0.97094
   877.0        0.45167        0.88646        0.97099
   878.0        0.45131        0.88665        0.97104
   879.0        0.45095        0.88685        0.97109
   880.0        0.45059        0.88704        0.97114
   881.0        0.45023        0.88723        0.97119
   882.0        0.44987        0.88742        0.97124
   883.0        0.44952        0.88761        0.97129
   884.0        0.44916        0.88780        0.97134
   885.0        0.44881        0.88798        0.97138
   886.0        0.44845        0.88817        0.97143
   887.0        0.44810        0.88836        0.97148
   888.0        0.44775        0.88855        0.97153
   889.0        0.44740        0.88874        0.97158
   890.0        0.44704        0.88892        0.97163
   891.0        0.44669        0.88911        0.97167
   892.0        0.44635        0.88929        0.97172
   893.0        0.44600        0.88948        0.97177
   894.0        0.44565        0.88966        0.97182
   895.0        0.44531        0.88984        0.97186
   896.0        0.44497        0.89001        0.97191
   897.0        0.44463        0.89018        0.97196
   898.0        0.44429        0.89035        0.97200
   899.0        0.44395        0.89052        0.97205
   900.0        0.44362        0.89069        0.97210
   901.0        0.44328        0.89086        0.97214
   902.0        0.44295        0.89103        0.97219
   903.0        0.44261        0.89120        0.97224
   904.0        0.44228        0.89136        0.97228
   905.0        0.44195        0.89153        0.97233
   906.0        0.44161        0.89170        0.97238
   907.0        0.44128        0.89187        0.97243
   908.0        0.44095        0.89203        0.97247
   909.0        0.44062        0.89220        0.97252
   910.0        0.44029        0.89236        0.97257
   911.0        0.43996        0.89253        0.97261
   912.0        0.43964        0.89269        0.97266
   913.0        0.43931        0.89286        0.97271
   914.0        0.43898        0.89302        0.97275
   915.0        0.43866        0.89318        0.97280
   916.0        0.43833        0.89335        0.97285
   917.0        0.43801        0.89351        0.97289
   918.0        0.43769        0.89367        0.97294
   919.0        0.43736        0.89383        0.97298
   920.0        0.43704        0.89399        0.97303
   921.0        0.43672        0.89416        0.97307
   922.0        0.43640        0.89432        0.97312
   923.0        0.43608        0.89448        0.97316
   924.0        0.43576        0.89464        0.97321
   925.0        0.43544        0.89480        0.97325
   926.0        0.43513        0.89495        0.97330
   927.0        0.43481        0.89511        0.97334
   928.0        0.43450        0.89527        0.97339
   929.0        0.43418        0.89543        0.97343
   930.0        0.43387        0.89559        0.97348
   931.0        0.43355        0.89575        0.97352
   932.0        0.43324        0.89590        0.97357
   933.0        0.43293        0.89606        0.97361
   934.0        0.43262        0.89621        0.97365
   935.0        0.43230        0.89637        0.97370
   936.0        0.43199        0.89653        0.97374
   937.0        0.43169        0.89668        0.97378
   938.0        0.43138        0.89684        0.97383
   939.0        0.43107        0.89699        0.97387
   940.0        0.43076        0.89714        0.97391
   941.0        0.43045        0.89730        0.97396
   942.0        0.43015        0.89745        0.97400
   943.0        0.42984        0.89760        0.97404
   944.0        0.42954        0.89776        0.97408
   945.0        0.42924        0.89791        0.97412
   946.0        0.42893        0.89806        0.97417
   947.0        0.42863        0.89821        0.97421
   948.0        0.42833        0.89836        0.97425
   949.0        0.42803        0.89851        0.97429
   950.0        0.42773        0.89866        0.97433
   951.0        0.42743        0.89881        0.97438
   952.0        0.42713        0.89896        0.97442
   953.0        0.42683        0.89911        0.97446
   954.0        0.42653        0.89926        0.97450
   955.0        0.42623        0.89941        0.97454
   956.0        0.42594        0.89956        0.97458
   957.0        0.42564        0.89971        0.97462
   958.0        0.42534        0.89986        0.97466
   959.0        0.42505        0.90000        0.97470
   960.0        0.42476        0.90015        0.97474
   961.0        0.42446        0.90030        0.97478
   962.0        0.42417        0.90044        0.97482
   963.0        0.42388        0.90059        0.97486
   964.0        0.42359        0.90074        0.97490
   965.0        0.42330        0.90088        0.97494
   966.0        0.42301        0.90103        0.97498
   967.0        0.42272        0.90117        0.97502
   968.0        0.42243        0.90131        0.97506
   969.0        0.42214        0.90146        0.97510
   970.0        0.42185        0.90160        0.97514
   971.0        0.42156        0.90175        0.97518
   972.0        0.42128        0.90189        0.97522
   973.0        0.42099        0.90203        0.97526
   974.0        0.42071        0.90217        0.97530
   975.0        0.42042        0.90232        0.97534
   976.0        0.42014        0.90246        0.97538
   977.0        0.41986        0.90260        0.97542
   978.0        0.41957        0.90274        0.97545
   979.0        0.41929        0.90288        0.97549
   980.0        0.41901        0.90302        0.97553
   981.0        0.41873        0.90316        0.97557
   982.0        0.41845        0.90330        0.97561
   983.0        0.41817        0.90344        0.97564
   984.0        0.41789        0.90358        0.97568
   985.0        0.41761        0.90372        0.97572
   986.0        0.41733        0.90386        0.97576
   987.0        0.41705        0.90400        0.97579
   988.0        0.41678        0.90413        0.97583
   989.0        0.41650        0.90427        0.97587
   990.0        0.41623        0.90441        0.97590
   991.0        0.41595        0.90455        0.97594
   992.0        0.41568        0.90468        0.97598
   993.0        0.41540        0.90482        0.97601
   994.0        0.41513        0.90495        0.97605
   995.0        0.41486        0.90509        0.97609
   996.0        0.41458        0.90523        0.97612
   997.0        0.41431        0.90536        0.97616
   998.0        0.41404        0.90550        0.97620
   999.0        0.41377        0.90563        0.97623
  1000.0        0.41350        0.90577        0.97627
