 heart               
 Density =    1.030000      Aeff =    12.64467      Zeff =    6.964249    
     1.0     3760.81250        0.00042        0.00895
     2.0      568.71259        0.00227        0.03408
     3.0      181.64058        0.00562        0.07235
     4.0       78.24948        0.01049        0.11901
     5.0       40.27794        0.01686        0.17042
     6.0       23.46321        0.02470        0.22299
     7.0       14.70546        0.03460        0.27403
     8.0        9.84805        0.04644        0.32229
     9.0        6.92960        0.06038        0.36659
    10.0        5.08121        0.07649        0.40772
    11.0        3.85244        0.09476        0.44515
    12.0        3.00553        0.11510        0.47929
    13.0        2.39338        0.13809        0.51107
    14.0        1.94541        0.16315        0.54004
    15.0        1.61226        0.18995        0.56670
    16.0        1.35904        0.21839        0.59157
    17.0        1.16360        0.24812        0.61483
    18.0        1.01027        0.27886        0.63650
    19.0        0.88807        0.31012        0.65643
    20.0        0.78924        0.34145        0.67453
    21.0        0.70864        0.37276        0.69148
    22.0        0.64232        0.40389        0.70733
    23.0        0.58725        0.43459        0.72219
    24.0        0.54108        0.46462        0.73624
    25.0        0.50179        0.49410        0.74928
    26.0        0.46810        0.52281        0.76159
    27.0        0.43897        0.55008        0.77277
    28.0        0.41386        0.57615        0.78340
    29.0        0.39209        0.60101        0.79328
    30.0        0.37317        0.62466        0.80252
    31.0        0.35659        0.64712        0.81126
    32.0        0.34200        0.66831        0.81941
    33.0        0.32910        0.68828        0.82706
    34.0        0.31767        0.70708        0.83426
    35.0        0.30751        0.72474        0.84104
    36.0        0.29844        0.74132        0.84742
    37.0        0.29015        0.75671        0.85335
    38.0        0.28260        0.77107        0.85890
    39.0        0.27578        0.78451        0.86415
    40.0        0.26959        0.79708        0.86915
    41.0        0.26397        0.80883        0.87389
    42.0        0.25884        0.81981        0.87840
    43.0        0.25415        0.83008        0.88267
    44.0        0.24986        0.83968        0.88672
    45.0        0.24588        0.84863        0.89057
    46.0        0.24223        0.85700        0.89422
    47.0        0.23881        0.86481        0.89768
    48.0        0.23549        0.87202        0.90090
    49.0        0.23237        0.87876        0.90395
    50.0        0.22947        0.88507        0.90687
    51.0        0.22675        0.89104        0.90966
    52.0        0.22420        0.89662        0.91233
    53.0        0.22182        0.90186        0.91488
    54.0        0.21958        0.90678        0.91734
    55.0        0.21747        0.91140        0.91969
    56.0        0.21549        0.91573        0.92193
    57.0        0.21363        0.91981        0.92409
    58.0        0.21186        0.92364        0.92617
    59.0        0.21017        0.92724        0.92815
    60.0        0.20857        0.93063        0.93005
    61.0        0.20706        0.93382        0.93188
    62.0        0.20562        0.93683        0.93365
    63.0        0.20425        0.93967        0.93534
    64.0        0.20294        0.94236        0.93697
    65.0        0.20170        0.94489        0.93854
    66.0        0.20051        0.94728        0.94005
    67.0        0.19938        0.94954        0.94151
    68.0        0.19830        0.95168        0.94292
    69.0        0.19718        0.95369        0.94425
    70.0        0.19604        0.95558        0.94551
    71.0        0.19494        0.95737        0.94674
    72.0        0.19388        0.95906        0.94792
    73.0        0.19285        0.96067        0.94906
    74.0        0.19187        0.96220        0.95016
    75.0        0.19092        0.96366        0.95123
    76.0        0.19000        0.96504        0.95227
    77.0        0.18909        0.96635        0.95327
    78.0        0.18821        0.96760        0.95423
    79.0        0.18737        0.96879        0.95517
    80.0        0.18654        0.96993        0.95607
    81.0        0.18575        0.97101        0.95695
    82.0        0.18497        0.97204        0.95781
    83.0        0.18422        0.97303        0.95864
    84.0        0.18349        0.97397        0.95944
    85.0        0.18278        0.97486        0.96022
    86.0        0.18209        0.97572        0.96098
    87.0        0.18141        0.97654        0.96172
    88.0        0.18076        0.97733        0.96243
    89.0        0.18012        0.97808        0.96313
    90.0        0.17950        0.97880        0.96380
    91.0        0.17889        0.97949        0.96446
    92.0        0.17830        0.98014        0.96510
    93.0        0.17772        0.98078        0.96572
    94.0        0.17715        0.98138        0.96633
    95.0        0.17660        0.98196        0.96692
    96.0        0.17606        0.98252        0.96749
    97.0        0.17553        0.98306        0.96805
    98.0        0.17502        0.98357        0.96859
    99.0        0.17451        0.98407        0.96912
   100.0        0.17402        0.98454        0.96964
   101.0        0.17345        0.98499        0.97013
   102.0        0.17289        0.98541        0.97061
   103.0        0.17234        0.98582        0.97107
   104.0        0.17180        0.98622        0.97153
   105.0        0.17127        0.98660        0.97197
   106.0        0.17075        0.98697        0.97240
   107.0        0.17024        0.98732        0.97282
   108.0        0.16974        0.98767        0.97323
   109.0        0.16924        0.98800        0.97364
   110.0        0.16876        0.98831        0.97403
   111.0        0.16828        0.98862        0.97442
   112.0        0.16781        0.98892        0.97479
   113.0        0.16735        0.98921        0.97516
   114.0        0.16690        0.98948        0.97552
   115.0        0.16645        0.98975        0.97587
   116.0        0.16601        0.99001        0.97622
   117.0        0.16558        0.99026        0.97655
   118.0        0.16515        0.99050        0.97688
   119.0        0.16474        0.99073        0.97720
   120.0        0.16432        0.99096        0.97752
   121.0        0.16391        0.99118        0.97783
   122.0        0.16351        0.99139        0.97813
   123.0        0.16312        0.99160        0.97842
   124.0        0.16273        0.99180        0.97871
   125.0        0.16234        0.99199        0.97900
   126.0        0.16196        0.99218        0.97927
   127.0        0.16159        0.99236        0.97955
   128.0        0.16122        0.99253        0.97981
   129.0        0.16086        0.99270        0.98008
   130.0        0.16050        0.99287        0.98033
   131.0        0.16014        0.99303        0.98058
   132.0        0.15979        0.99318        0.98083
   133.0        0.15945        0.99333        0.98107
   134.0        0.15907        0.99348        0.98130
   135.0        0.15869        0.99362        0.98153
   136.0        0.15831        0.99375        0.98175
   137.0        0.15793        0.99389        0.98197
   138.0        0.15756        0.99402        0.98219
   139.0        0.15719        0.99414        0.98240
   140.0        0.15683        0.99426        0.98260
   141.0        0.15647        0.99438        0.98281
   142.0        0.15612        0.99450        0.98300
   143.0        0.15577        0.99461        0.98320
   144.0        0.15542        0.99472        0.98339
   145.0        0.15508        0.99482        0.98358
   146.0        0.15474        0.99493        0.98376
   147.0        0.15440        0.99503        0.98395
   148.0        0.15407        0.99512        0.98413
   149.0        0.15374        0.99522        0.98430
   150.0        0.15342        0.99531        0.98447
   151.0        0.15310        0.99540        0.98464
   152.0        0.15278        0.99549        0.98481
   153.0        0.15246        0.99558        0.98498
   154.0        0.15215        0.99566        0.98514
   155.0        0.15184        0.99574        0.98530
   156.0        0.15154        0.99582        0.98545
   157.0        0.15123        0.99590        0.98560
   158.0        0.15093        0.99598        0.98576
   159.0        0.15064        0.99605        0.98590
   160.0        0.15034        0.99612        0.98605
   161.0        0.15005        0.99619        0.98619
   162.0        0.14976        0.99626        0.98633
   163.0        0.14948        0.99633        0.98647
   164.0        0.14920        0.99639        0.98661
   165.0        0.14892        0.99646        0.98675
   166.0        0.14864        0.99652        0.98688
   167.0        0.14836        0.99658        0.98701
   168.0        0.14809        0.99664        0.98714
   169.0        0.14782        0.99670        0.98726
   170.0        0.14755        0.99676        0.98739
   171.0        0.14729        0.99681        0.98751
   172.0        0.14701        0.99686        0.98763
   173.0        0.14671        0.99692        0.98775
   174.0        0.14641        0.99697        0.98786
   175.0        0.14611        0.99702        0.98797
   176.0        0.14582        0.99707        0.98808
   177.0        0.14553        0.99711        0.98819
   178.0        0.14525        0.99716        0.98830
   179.0        0.14496        0.99721        0.98841
   180.0        0.14468        0.99725        0.98851
   181.0        0.14440        0.99730        0.98861
   182.0        0.14412        0.99734        0.98872
   183.0        0.14384        0.99738        0.98882
   184.0        0.14357        0.99742        0.98891
   185.0        0.14330        0.99746        0.98901
   186.0        0.14303        0.99750        0.98911
   187.0        0.14276        0.99754        0.98920
   188.0        0.14250        0.99758        0.98930
   189.0        0.14224        0.99761        0.98939
   190.0        0.14198        0.99765        0.98948
   191.0        0.14172        0.99769        0.98957
   192.0        0.14146        0.99772        0.98966
   193.0        0.14121        0.99775        0.98975
   194.0        0.14096        0.99779        0.98983
   195.0        0.14070        0.99782        0.98992
   196.0        0.14046        0.99785        0.99000
   197.0        0.14021        0.99788        0.99008
   198.0        0.13996        0.99792        0.99017
   199.0        0.13972        0.99795        0.99025
   200.0        0.13948        0.99798        0.99033
   201.0        0.13924        0.99800        0.99040
   202.0        0.13900        0.99803        0.99048
   203.0        0.13877        0.99806        0.99056
   204.0        0.13853        0.99808        0.99063
   205.0        0.13830        0.99811        0.99071
   206.0        0.13807        0.99813        0.99078
   207.0        0.13784        0.99816        0.99085
   208.0        0.13761        0.99818        0.99093
   209.0        0.13739        0.99821        0.99100
   210.0        0.13716        0.99823        0.99107
   211.0        0.13694        0.99825        0.99114
   212.0        0.13672        0.99828        0.99121
   213.0        0.13650        0.99830        0.99127
   214.0        0.13628        0.99832        0.99134
   215.0        0.13606        0.99834        0.99141
   216.0        0.13584        0.99836        0.99147
   217.0        0.13563        0.99839        0.99154
   218.0        0.13542        0.99841        0.99160
   219.0        0.13521        0.99843        0.99166
   220.0        0.13500        0.99845        0.99172
   221.0        0.13479        0.99846        0.99179
   222.0        0.13458        0.99848        0.99185
   223.0        0.13437        0.99850        0.99191
   224.0        0.13417        0.99852        0.99197
   225.0        0.13397        0.99854        0.99202
   226.0        0.13376        0.99856        0.99208
   227.0        0.13356        0.99857        0.99214
   228.0        0.13336        0.99859        0.99220
   229.0        0.13317        0.99861        0.99225
   230.0        0.13297        0.99863        0.99231
   231.0        0.13277        0.99864        0.99236
   232.0        0.13258        0.99866        0.99242
   233.0        0.13238        0.99867        0.99247
   234.0        0.13219        0.99869        0.99252
   235.0        0.13200        0.99871        0.99257
   236.0        0.13181        0.99872        0.99263
   237.0        0.13162        0.99874        0.99268
   238.0        0.13143        0.99875        0.99273
   239.0        0.13125        0.99876        0.99278
   240.0        0.13106        0.99878        0.99283
   241.0        0.13088        0.99879        0.99288
   242.0        0.13070        0.99881        0.99292
   243.0        0.13051        0.99882        0.99297
   244.0        0.13033        0.99883        0.99302
   245.0        0.13015        0.99885        0.99307
   246.0        0.12997        0.99886        0.99311
   247.0        0.12979        0.99887        0.99316
   248.0        0.12962        0.99888        0.99320
   249.0        0.12944        0.99890        0.99325
   250.0        0.12927        0.99891        0.99329
   251.0        0.12909        0.99892        0.99334
   252.0        0.12892        0.99893        0.99338
   253.0        0.12875        0.99894        0.99342
   254.0        0.12858        0.99896        0.99347
   255.0        0.12841        0.99897        0.99351
   256.0        0.12824        0.99898        0.99355
   257.0        0.12807        0.99899        0.99359
   258.0        0.12790        0.99900        0.99363
   259.0        0.12774        0.99901        0.99367
   260.0        0.12757        0.99902        0.99371
   261.0        0.12741        0.99903        0.99375
   262.0        0.12724        0.99904        0.99379
   263.0        0.12708        0.99905        0.99383
   264.0        0.12692        0.99906        0.99387
   265.0        0.12676        0.99907        0.99391
   266.0        0.12660        0.99908        0.99395
   267.0        0.12643        0.99909        0.99398
   268.0        0.12624        0.99910        0.99402
   269.0        0.12606        0.99911        0.99405
   270.0        0.12588        0.99912        0.99409
   271.0        0.12570        0.99913        0.99412
   272.0        0.12552        0.99914        0.99416
   273.0        0.12534        0.99914        0.99419
   274.0        0.12516        0.99915        0.99423
   275.0        0.12499        0.99916        0.99426
   276.0        0.12481        0.99917        0.99429
   277.0        0.12464        0.99918        0.99433
   278.0        0.12446        0.99919        0.99436
   279.0        0.12429        0.99919        0.99439
   280.0        0.12412        0.99920        0.99442
   281.0        0.12395        0.99921        0.99446
   282.0        0.12377        0.99922        0.99449
   283.0        0.12361        0.99922        0.99452
   284.0        0.12344        0.99923        0.99455
   285.0        0.12327        0.99924        0.99458
   286.0        0.12310        0.99925        0.99461
   287.0        0.12294        0.99925        0.99464
   288.0        0.12277        0.99926        0.99467
   289.0        0.12261        0.99927        0.99470
   290.0        0.12244        0.99927        0.99473
   291.0        0.12228        0.99928        0.99476
   292.0        0.12212        0.99929        0.99479
   293.0        0.12196        0.99929        0.99481
   294.0        0.12180        0.99930        0.99484
   295.0        0.12164        0.99931        0.99487
   296.0        0.12148        0.99931        0.99490
   297.0        0.12132        0.99932        0.99493
   298.0        0.12116        0.99933        0.99495
   299.0        0.12101        0.99933        0.99498
   300.0        0.12085        0.99934        0.99501
   301.0        0.12070        0.99934        0.99503
   302.0        0.12054        0.99935        0.99506
   303.0        0.12039        0.99936        0.99509
   304.0        0.12023        0.99936        0.99511
   305.0        0.12008        0.99937        0.99514
   306.0        0.11993        0.99937        0.99516
   307.0        0.11978        0.99938        0.99519
   308.0        0.11963        0.99938        0.99521
   309.0        0.11948        0.99939        0.99524
   310.0        0.11933        0.99939        0.99526
   311.0        0.11918        0.99940        0.99529
   312.0        0.11904        0.99940        0.99531
   313.0        0.11889        0.99941        0.99534
   314.0        0.11874        0.99941        0.99536
   315.0        0.11860        0.99942        0.99538
   316.0        0.11845        0.99942        0.99541
   317.0        0.11831        0.99943        0.99543
   318.0        0.11817        0.99943        0.99545
   319.0        0.11802        0.99943        0.99548
   320.0        0.11788        0.99944        0.99550
   321.0        0.11774        0.99944        0.99552
   322.0        0.11760        0.99945        0.99554
   323.0        0.11746        0.99945        0.99557
   324.0        0.11732        0.99946        0.99559
   325.0        0.11718        0.99946        0.99561
   326.0        0.11704        0.99947        0.99563
   327.0        0.11690        0.99947        0.99565
   328.0        0.11677        0.99947        0.99567
   329.0        0.11663        0.99948        0.99569
   330.0        0.11649        0.99948        0.99572
   331.0        0.11636        0.99949        0.99574
   332.0        0.11622        0.99949        0.99576
   333.0        0.11609        0.99949        0.99578
   334.0        0.11596        0.99950        0.99580
   335.0        0.11582        0.99950        0.99582
   336.0        0.11569        0.99951        0.99584
   337.0        0.11556        0.99951        0.99586
   338.0        0.11543        0.99951        0.99588
   339.0        0.11530        0.99952        0.99590
   340.0        0.11517        0.99952        0.99592
   341.0        0.11504        0.99952        0.99594
   342.0        0.11491        0.99953        0.99595
   343.0        0.11478        0.99953        0.99597
   344.0        0.11465        0.99953        0.99599
   345.0        0.11452        0.99954        0.99601
   346.0        0.11439        0.99954        0.99603
   347.0        0.11427        0.99954        0.99605
   348.0        0.11414        0.99955        0.99607
   349.0        0.11402        0.99955        0.99608
   350.0        0.11389        0.99955        0.99610
   351.0        0.11377        0.99956        0.99612
   352.0        0.11364        0.99956        0.99614
   353.0        0.11352        0.99956        0.99616
   354.0        0.11340        0.99957        0.99617
   355.0        0.11327        0.99957        0.99619
   356.0        0.11315        0.99957        0.99621
   357.0        0.11303        0.99958        0.99622
   358.0        0.11291        0.99958        0.99624
   359.0        0.11279        0.99958        0.99626
   360.0        0.11267        0.99959        0.99628
   361.0        0.11255        0.99959        0.99629
   362.0        0.11243        0.99959        0.99631
   363.0        0.11231        0.99959        0.99632
   364.0        0.11219        0.99960        0.99634
   365.0        0.11207        0.99960        0.99636
   366.0        0.11196        0.99960        0.99637
   367.0        0.11184        0.99961        0.99639
   368.0        0.11172        0.99961        0.99640
   369.0        0.11161        0.99961        0.99642
   370.0        0.11149        0.99961        0.99644
   371.0        0.11138        0.99962        0.99645
   372.0        0.11126        0.99962        0.99647
   373.0        0.11115        0.99962        0.99648
   374.0        0.11103        0.99962        0.99650
   375.0        0.11092        0.99963        0.99651
   376.0        0.11081        0.99963        0.99653
   377.0        0.11069        0.99963        0.99654
   378.0        0.11058        0.99963        0.99656
   379.0        0.11047        0.99964        0.99657
   380.0        0.11036        0.99964        0.99659
   381.0        0.11025        0.99964        0.99660
   382.0        0.11014        0.99964        0.99661
   383.0        0.11003        0.99965        0.99663
   384.0        0.10992        0.99965        0.99664
   385.0        0.10981        0.99965        0.99666
   386.0        0.10970        0.99965        0.99667
   387.0        0.10959        0.99966        0.99668
   388.0        0.10948        0.99966        0.99670
   389.0        0.10937        0.99966        0.99671
   390.0        0.10927        0.99966        0.99673
   391.0        0.10916        0.99966        0.99674
   392.0        0.10905        0.99967        0.99675
   393.0        0.10895        0.99967        0.99677
   394.0        0.10884        0.99967        0.99678
   395.0        0.10874        0.99967        0.99679
   396.0        0.10863        0.99967        0.99681
   397.0        0.10853        0.99968        0.99682
   398.0        0.10842        0.99968        0.99683
   399.0        0.10832        0.99968        0.99684
   400.0        0.10822        0.99968        0.99686
   401.0        0.10811        0.99969        0.99687
   402.0        0.10801        0.99969        0.99688
   403.0        0.10791        0.99969        0.99689
   404.0        0.10780        0.99969        0.99691
   405.0        0.10770        0.99969        0.99692
   406.0        0.10760        0.99969        0.99693
   407.0        0.10750        0.99970        0.99694
   408.0        0.10740        0.99970        0.99696
   409.0        0.10730        0.99970        0.99697
   410.0        0.10720        0.99970        0.99698
   411.0        0.10710        0.99970        0.99699
   412.0        0.10700        0.99970        0.99700
   413.0        0.10690        0.99971        0.99701
   414.0        0.10680        0.99971        0.99703
   415.0        0.10670        0.99971        0.99704
   416.0        0.10661        0.99971        0.99705
   417.0        0.10651        0.99971        0.99706
   418.0        0.10641        0.99971        0.99707
   419.0        0.10631        0.99972        0.99708
   420.0        0.10622        0.99972        0.99709
   421.0        0.10612        0.99972        0.99711
   422.0        0.10603        0.99972        0.99712
   423.0        0.10593        0.99972        0.99713
   424.0        0.10583        0.99972        0.99714
   425.0        0.10574        0.99973        0.99715
   426.0        0.10564        0.99973        0.99716
   427.0        0.10555        0.99973        0.99717
   428.0        0.10545        0.99973        0.99718
   429.0        0.10535        0.99973        0.99719
   430.0        0.10524        0.99973        0.99720
   431.0        0.10514        0.99973        0.99721
   432.0        0.10504        0.99974        0.99722
   433.0        0.10494        0.99974        0.99723
   434.0        0.10484        0.99974        0.99724
   435.0        0.10473        0.99974        0.99725
   436.0        0.10463        0.99974        0.99726
   437.0        0.10453        0.99974        0.99727
   438.0        0.10443        0.99974        0.99728
   439.0        0.10433        0.99975        0.99729
   440.0        0.10423        0.99975        0.99730
   441.0        0.10413        0.99975        0.99731
   442.0        0.10403        0.99975        0.99732
   443.0        0.10394        0.99975        0.99733
   444.0        0.10384        0.99975        0.99734
   445.0        0.10374        0.99975        0.99735
   446.0        0.10364        0.99976        0.99736
   447.0        0.10354        0.99976        0.99737
   448.0        0.10345        0.99976        0.99738
   449.0        0.10335        0.99976        0.99739
   450.0        0.10325        0.99976        0.99740
   451.0        0.10316        0.99976        0.99740
   452.0        0.10306        0.99976        0.99741
   453.0        0.10297        0.99976        0.99742
   454.0        0.10287        0.99977        0.99743
   455.0        0.10278        0.99977        0.99744
   456.0        0.10268        0.99977        0.99745
   457.0        0.10259        0.99977        0.99746
   458.0        0.10249        0.99977        0.99747
   459.0        0.10240        0.99977        0.99748
   460.0        0.10231        0.99977        0.99748
   461.0        0.10221        0.99977        0.99749
   462.0        0.10212        0.99977        0.99750
   463.0        0.10203        0.99978        0.99751
   464.0        0.10193        0.99978        0.99752
   465.0        0.10184        0.99978        0.99753
   466.0        0.10175        0.99978        0.99753
   467.0        0.10166        0.99978        0.99754
   468.0        0.10157        0.99978        0.99755
   469.0        0.10148        0.99978        0.99756
   470.0        0.10139        0.99978        0.99757
   471.0        0.10130        0.99978        0.99758
   472.0        0.10121        0.99979        0.99758
   473.0        0.10112        0.99979        0.99759
   474.0        0.10103        0.99979        0.99760
   475.0        0.10094        0.99979        0.99761
   476.0        0.10085        0.99979        0.99762
   477.0        0.10076        0.99979        0.99762
   478.0        0.10067        0.99979        0.99763
   479.0        0.10058        0.99979        0.99764
   480.0        0.10050        0.99979        0.99765
   481.0        0.10041        0.99980        0.99765
   482.0        0.10032        0.99980        0.99766
   483.0        0.10023        0.99980        0.99767
   484.0        0.10015        0.99980        0.99768
   485.0        0.10006        0.99980        0.99769
   486.0        0.09997        0.99980        0.99769
   487.0        0.09989        0.99980        0.99770
   488.0        0.09980        0.99980        0.99771
   489.0        0.09972        0.99980        0.99772
   490.0        0.09963        0.99980        0.99772
   491.0        0.09955        0.99980        0.99773
   492.0        0.09946        0.99981        0.99774
   493.0        0.09938        0.99981        0.99774
   494.0        0.09929        0.99981        0.99775
   495.0        0.09921        0.99981        0.99776
   496.0        0.09912        0.99981        0.99777
   497.0        0.09904        0.99981        0.99777
   498.0        0.09896        0.99981        0.99778
   499.0        0.09887        0.99981        0.99779
   500.0        0.09879        0.99981        0.99779
   501.0        0.09871        0.99981        0.99780
   502.0        0.09862        0.99981        0.99781
   503.0        0.09854        0.99982        0.99781
   504.0        0.09846        0.99982        0.99782
   505.0        0.09838        0.99982        0.99783
   506.0        0.09830        0.99982        0.99783
   507.0        0.09822        0.99982        0.99784
   508.0        0.09814        0.99982        0.99785
   509.0        0.09805        0.99982        0.99786
   510.0        0.09797        0.99982        0.99786
   511.0        0.09789        0.99982        0.99787
   512.0        0.09781        0.99982        0.99787
   513.0        0.09773        0.99982        0.99788
   514.0        0.09765        0.99982        0.99789
   515.0        0.09757        0.99982        0.99789
   516.0        0.09749        0.99983        0.99790
   517.0        0.09742        0.99983        0.99791
   518.0        0.09734        0.99983        0.99791
   519.0        0.09726        0.99983        0.99792
   520.0        0.09718        0.99983        0.99793
   521.0        0.09710        0.99983        0.99793
   522.0        0.09702        0.99983        0.99794
   523.0        0.09695        0.99983        0.99794
   524.0        0.09687        0.99983        0.99795
   525.0        0.09679        0.99983        0.99796
   526.0        0.09671        0.99983        0.99796
   527.0        0.09664        0.99983        0.99797
   528.0        0.09656        0.99983        0.99798
   529.0        0.09648        0.99983        0.99798
   530.0        0.09641        0.99983        0.99799
   531.0        0.09633        0.99984        0.99799
   532.0        0.09626        0.99984        0.99800
   533.0        0.09618        0.99984        0.99801
   534.0        0.09610        0.99984        0.99801
   535.0        0.09603        0.99984        0.99802
   536.0        0.09595        0.99984        0.99802
   537.0        0.09588        0.99984        0.99803
   538.0        0.09580        0.99984        0.99803
   539.0        0.09573        0.99984        0.99804
   540.0        0.09566        0.99984        0.99805
   541.0        0.09558        0.99984        0.99805
   542.0        0.09551        0.99984        0.99806
   543.0        0.09543        0.99984        0.99806
   544.0        0.09536        0.99984        0.99807
   545.0        0.09529        0.99984        0.99807
   546.0        0.09521        0.99985        0.99808
   547.0        0.09514        0.99985        0.99809
   548.0        0.09507        0.99985        0.99809
   549.0        0.09500        0.99985        0.99810
   550.0        0.09492        0.99985        0.99810
   551.0        0.09485        0.99985        0.99811
   552.0        0.09478        0.99985        0.99811
   553.0        0.09471        0.99985        0.99812
   554.0        0.09464        0.99985        0.99812
   555.0        0.09456        0.99985        0.99813
   556.0        0.09449        0.99985        0.99813
   557.0        0.09442        0.99985        0.99814
   558.0        0.09435        0.99985        0.99814
   559.0        0.09428        0.99985        0.99815
   560.0        0.09421        0.99985        0.99815
   561.0        0.09414        0.99985        0.99816
   562.0        0.09407        0.99985        0.99817
   563.0        0.09400        0.99986        0.99817
   564.0        0.09393        0.99986        0.99818
   565.0        0.09386        0.99986        0.99818
   566.0        0.09379        0.99986        0.99819
   567.0        0.09372        0.99986        0.99819
   568.0        0.09365        0.99986        0.99820
   569.0        0.09358        0.99986        0.99820
   570.0        0.09350        0.99986        0.99821
   571.0        0.09343        0.99986        0.99821
   572.0        0.09336        0.99986        0.99822
   573.0        0.09328        0.99986        0.99822
   574.0        0.09321        0.99986        0.99822
   575.0        0.09314        0.99986        0.99823
   576.0        0.09307        0.99986        0.99823
   577.0        0.09299        0.99986        0.99824
   578.0        0.09292        0.99986        0.99824
   579.0        0.09285        0.99986        0.99825
   580.0        0.09278        0.99986        0.99825
   581.0        0.09271        0.99986        0.99826
   582.0        0.09264        0.99986        0.99826
   583.0        0.09257        0.99987        0.99827
   584.0        0.09249        0.99987        0.99827
   585.0        0.09242        0.99987        0.99828
   586.0        0.09235        0.99987        0.99828
   587.0        0.09228        0.99987        0.99829
   588.0        0.09221        0.99987        0.99829
   589.0        0.09214        0.99987        0.99829
   590.0        0.09207        0.99987        0.99830
   591.0        0.09200        0.99987        0.99830
   592.0        0.09193        0.99987        0.99831
   593.0        0.09186        0.99987        0.99831
   594.0        0.09180        0.99987        0.99832
   595.0        0.09173        0.99987        0.99832
   596.0        0.09166        0.99987        0.99833
   597.0        0.09159        0.99987        0.99833
   598.0        0.09152        0.99987        0.99833
   599.0        0.09145        0.99987        0.99834
   600.0        0.09138        0.99987        0.99834
   601.0        0.09132        0.99987        0.99835
   602.0        0.09125        0.99987        0.99835
   603.0        0.09118        0.99987        0.99836
   604.0        0.09111        0.99988        0.99836
   605.0        0.09105        0.99988        0.99836
   606.0        0.09098        0.99988        0.99837
   607.0        0.09091        0.99988        0.99837
   608.0        0.09085        0.99988        0.99838
   609.0        0.09078        0.99988        0.99838
   610.0        0.09071        0.99988        0.99838
   611.0        0.09065        0.99988        0.99839
   612.0        0.09058        0.99988        0.99839
   613.0        0.09051        0.99988        0.99840
   614.0        0.09045        0.99988        0.99840
   615.0        0.09038        0.99988        0.99841
   616.0        0.09032        0.99988        0.99841
   617.0        0.09025        0.99988        0.99841
   618.0        0.09019        0.99988        0.99842
   619.0        0.09012        0.99988        0.99842
   620.0        0.09006        0.99988        0.99842
   621.0        0.08999        0.99988        0.99843
   622.0        0.08993        0.99988        0.99843
   623.0        0.08986        0.99988        0.99844
   624.0        0.08980        0.99988        0.99844
   625.0        0.08973        0.99988        0.99844
   626.0        0.08967        0.99988        0.99845
   627.0        0.08961        0.99988        0.99845
   628.0        0.08954        0.99988        0.99846
   629.0        0.08948        0.99989        0.99846
   630.0        0.08941        0.99989        0.99846
   631.0        0.08935        0.99989        0.99847
   632.0        0.08929        0.99989        0.99847
   633.0        0.08923        0.99989        0.99847
   634.0        0.08916        0.99989        0.99848
   635.0        0.08910        0.99989        0.99848
   636.0        0.08904        0.99989        0.99849
   637.0        0.08897        0.99989        0.99849
   638.0        0.08891        0.99989        0.99849
   639.0        0.08885        0.99989        0.99850
   640.0        0.08879        0.99989        0.99850
   641.0        0.08873        0.99989        0.99850
   642.0        0.08866        0.99989        0.99851
   643.0        0.08860        0.99989        0.99851
   644.0        0.08854        0.99989        0.99852
   645.0        0.08848        0.99989        0.99852
   646.0        0.08842        0.99989        0.99852
   647.0        0.08836        0.99989        0.99853
   648.0        0.08830        0.99989        0.99853
   649.0        0.08824        0.99989        0.99853
   650.0        0.08818        0.99989        0.99854
   651.0        0.08812        0.99989        0.99854
   652.0        0.08806        0.99989        0.99854
   653.0        0.08799        0.99989        0.99855
   654.0        0.08793        0.99989        0.99855
   655.0        0.08787        0.99989        0.99855
   656.0        0.08781        0.99989        0.99856
   657.0        0.08776        0.99989        0.99856
   658.0        0.08770        0.99990        0.99856
   659.0        0.08764        0.99990        0.99857
   660.0        0.08758        0.99990        0.99857
   661.0        0.08752        0.99990        0.99857
   662.0        0.08746        0.99990        0.99858
   663.0        0.08740        0.99990        0.99858
   664.0        0.08734        0.99990        0.99858
   665.0        0.08728        0.99990        0.99859
   666.0        0.08722        0.99990        0.99859
   667.0        0.08717        0.99990        0.99859
   668.0        0.08711        0.99990        0.99860
   669.0        0.08705        0.99990        0.99860
   670.0        0.08699        0.99990        0.99860
   671.0        0.08693        0.99990        0.99861
   672.0        0.08688        0.99990        0.99861
   673.0        0.08682        0.99990        0.99861
   674.0        0.08676        0.99990        0.99862
   675.0        0.08670        0.99990        0.99862
   676.0        0.08665        0.99990        0.99862
   677.0        0.08659        0.99990        0.99863
   678.0        0.08653        0.99990        0.99863
   679.0        0.08647        0.99990        0.99863
   680.0        0.08642        0.99990        0.99864
   681.0        0.08636        0.99990        0.99864
   682.0        0.08630        0.99990        0.99864
   683.0        0.08625        0.99990        0.99864
   684.0        0.08619        0.99990        0.99865
   685.0        0.08614        0.99990        0.99865
   686.0        0.08608        0.99990        0.99865
   687.0        0.08602        0.99990        0.99866
   688.0        0.08597        0.99990        0.99866
   689.0        0.08591        0.99990        0.99866
   690.0        0.08586        0.99990        0.99867
   691.0        0.08580        0.99990        0.99867
   692.0        0.08575        0.99990        0.99867
   693.0        0.08569        0.99991        0.99867
   694.0        0.08564        0.99991        0.99868
   695.0        0.08558        0.99991        0.99868
   696.0        0.08553        0.99991        0.99868
   697.0        0.08547        0.99991        0.99869
   698.0        0.08542        0.99991        0.99869
   699.0        0.08536        0.99991        0.99869
   700.0        0.08531        0.99991        0.99870
   701.0        0.08525        0.99991        0.99870
   702.0        0.08520        0.99991        0.99870
   703.0        0.08514        0.99991        0.99870
   704.0        0.08509        0.99991        0.99871
   705.0        0.08504        0.99991        0.99871
   706.0        0.08498        0.99991        0.99871
   707.0        0.08493        0.99991        0.99872
   708.0        0.08488        0.99991        0.99872
   709.0        0.08482        0.99991        0.99872
   710.0        0.08477        0.99991        0.99872
   711.0        0.08472        0.99991        0.99873
   712.0        0.08466        0.99991        0.99873
   713.0        0.08461        0.99991        0.99873
   714.0        0.08456        0.99991        0.99873
   715.0        0.08450        0.99991        0.99874
   716.0        0.08445        0.99991        0.99874
   717.0        0.08440        0.99991        0.99874
   718.0        0.08435        0.99991        0.99875
   719.0        0.08429        0.99991        0.99875
   720.0        0.08424        0.99991        0.99875
   721.0        0.08419        0.99991        0.99875
   722.0        0.08414        0.99991        0.99876
   723.0        0.08409        0.99991        0.99876
   724.0        0.08403        0.99991        0.99876
   725.0        0.08398        0.99991        0.99876
   726.0        0.08393        0.99991        0.99877
   727.0        0.08388        0.99991        0.99877
   728.0        0.08383        0.99991        0.99877
   729.0        0.08378        0.99991        0.99877
   730.0        0.08373        0.99991        0.99878
   731.0        0.08367        0.99991        0.99878
   732.0        0.08362        0.99991        0.99878
   733.0        0.08357        0.99991        0.99879
   734.0        0.08352        0.99991        0.99879
   735.0        0.08347        0.99992        0.99879
   736.0        0.08342        0.99992        0.99879
   737.0        0.08337        0.99992        0.99880
   738.0        0.08332        0.99992        0.99880
   739.0        0.08327        0.99992        0.99880
   740.0        0.08322        0.99992        0.99880
   741.0        0.08317        0.99992        0.99881
   742.0        0.08312        0.99992        0.99881
   743.0        0.08307        0.99992        0.99881
   744.0        0.08302        0.99992        0.99881
   745.0        0.08297        0.99992        0.99882
   746.0        0.08292        0.99992        0.99882
   747.0        0.08287        0.99992        0.99882
   748.0        0.08282        0.99992        0.99882
   749.0        0.08277        0.99992        0.99883
   750.0        0.08272        0.99992        0.99883
   751.0        0.08267        0.99992        0.99883
   752.0        0.08262        0.99992        0.99883
   753.0        0.08258        0.99992        0.99883
   754.0        0.08252        0.99992        0.99884
   755.0        0.08247        0.99992        0.99884
   756.0        0.08242        0.99992        0.99884
   757.0        0.08237        0.99992        0.99884
   758.0        0.08232        0.99992        0.99885
   759.0        0.08227        0.99992        0.99885
   760.0        0.08221        0.99992        0.99885
   761.0        0.08216        0.99992        0.99885
   762.0        0.08211        0.99992        0.99886
   763.0        0.08206        0.99992        0.99886
   764.0        0.08201        0.99992        0.99886
   765.0        0.08196        0.99992        0.99886
   766.0        0.08191        0.99992        0.99886
   767.0        0.08186        0.99992        0.99887
   768.0        0.08181        0.99992        0.99887
   769.0        0.08175        0.99992        0.99887
   770.0        0.08170        0.99992        0.99887
   771.0        0.08165        0.99992        0.99888
   772.0        0.08160        0.99992        0.99888
   773.0        0.08155        0.99992        0.99888
   774.0        0.08150        0.99992        0.99888
   775.0        0.08145        0.99992        0.99888
   776.0        0.08140        0.99992        0.99889
   777.0        0.08135        0.99992        0.99889
   778.0        0.08130        0.99992        0.99889
   779.0        0.08125        0.99992        0.99889
   780.0        0.08120        0.99992        0.99890
   781.0        0.08116        0.99992        0.99890
   782.0        0.08111        0.99992        0.99890
   783.0        0.08106        0.99992        0.99890
   784.0        0.08101        0.99992        0.99890
   785.0        0.08096        0.99992        0.99891
   786.0        0.08091        0.99993        0.99891
   787.0        0.08086        0.99993        0.99891
   788.0        0.08081        0.99993        0.99891
   789.0        0.08076        0.99993        0.99891
   790.0        0.08071        0.99993        0.99892
   791.0        0.08067        0.99993        0.99892
   792.0        0.08062        0.99993        0.99892
   793.0        0.08057        0.99993        0.99892
   794.0        0.08052        0.99993        0.99893
   795.0        0.08047        0.99993        0.99893
   796.0        0.08042        0.99993        0.99893
   797.0        0.08038        0.99993        0.99893
   798.0        0.08033        0.99993        0.99893
   799.0        0.08028        0.99993        0.99894
   800.0        0.08023        0.99993        0.99894
   801.0        0.08019        0.99993        0.99894
   802.0        0.08014        0.99993        0.99894
   803.0        0.08009        0.99993        0.99894
   804.0        0.08004        0.99993        0.99895
   805.0        0.08000        0.99993        0.99895
   806.0        0.07995        0.99993        0.99895
   807.0        0.07990        0.99993        0.99895
   808.0        0.07985        0.99993        0.99895
   809.0        0.07981        0.99993        0.99896
   810.0        0.07976        0.99993        0.99896
   811.0        0.07971        0.99993        0.99896
   812.0        0.07967        0.99993        0.99896
   813.0        0.07962        0.99993        0.99896
   814.0        0.07957        0.99993        0.99897
   815.0        0.07953        0.99993        0.99897
   816.0        0.07948        0.99993        0.99897
   817.0        0.07943        0.99993        0.99897
   818.0        0.07939        0.99993        0.99897
   819.0        0.07934        0.99993        0.99897
   820.0        0.07930        0.99993        0.99898
   821.0        0.07925        0.99993        0.99898
   822.0        0.07920        0.99993        0.99898
   823.0        0.07916        0.99993        0.99898
   824.0        0.07911        0.99993        0.99898
   825.0        0.07907        0.99993        0.99899
   826.0        0.07902        0.99993        0.99899
   827.0        0.07898        0.99993        0.99899
   828.0        0.07893        0.99993        0.99899
   829.0        0.07889        0.99993        0.99899
   830.0        0.07884        0.99993        0.99900
   831.0        0.07880        0.99993        0.99900
   832.0        0.07875        0.99993        0.99900
   833.0        0.07871        0.99993        0.99900
   834.0        0.07866        0.99993        0.99900
   835.0        0.07862        0.99993        0.99900
   836.0        0.07857        0.99993        0.99901
   837.0        0.07853        0.99993        0.99901
   838.0        0.07848        0.99993        0.99901
   839.0        0.07844        0.99993        0.99901
   840.0        0.07839        0.99993        0.99901
   841.0        0.07835        0.99993        0.99902
   842.0        0.07830        0.99993        0.99902
   843.0        0.07826        0.99993        0.99902
   844.0        0.07822        0.99993        0.99902
   845.0        0.07817        0.99993        0.99902
   846.0        0.07813        0.99993        0.99902
   847.0        0.07808        0.99993        0.99903
   848.0        0.07804        0.99993        0.99903
   849.0        0.07800        0.99993        0.99903
   850.0        0.07795        0.99993        0.99903
   851.0        0.07791        0.99993        0.99903
   852.0        0.07787        0.99993        0.99903
   853.0        0.07782        0.99993        0.99904
   854.0        0.07778        0.99993        0.99904
   855.0        0.07774        0.99994        0.99904
   856.0        0.07769        0.99994        0.99904
   857.0        0.07765        0.99994        0.99904
   858.0        0.07761        0.99994        0.99905
   859.0        0.07756        0.99994        0.99905
   860.0        0.07752        0.99994        0.99905
   861.0        0.07748        0.99994        0.99905
   862.0        0.07744        0.99994        0.99905
   863.0        0.07739        0.99994        0.99905
   864.0        0.07735        0.99994        0.99906
   865.0        0.07731        0.99994        0.99906
   866.0        0.07727        0.99994        0.99906
   867.0        0.07722        0.99994        0.99906
   868.0        0.07718        0.99994        0.99906
   869.0        0.07714        0.99994        0.99906
   870.0        0.07710        0.99994        0.99906
   871.0        0.07705        0.99994        0.99907
   872.0        0.07701        0.99994        0.99907
   873.0        0.07697        0.99994        0.99907
   874.0        0.07693        0.99994        0.99907
   875.0        0.07689        0.99994        0.99907
   876.0        0.07684        0.99994        0.99907
   877.0        0.07680        0.99994        0.99908
   878.0        0.07676        0.99994        0.99908
   879.0        0.07672        0.99994        0.99908
   880.0        0.07668        0.99994        0.99908
   881.0        0.07664        0.99994        0.99908
   882.0        0.07660        0.99994        0.99908
   883.0        0.07655        0.99994        0.99909
   884.0        0.07651        0.99994        0.99909
   885.0        0.07647        0.99994        0.99909
   886.0        0.07643        0.99994        0.99909
   887.0        0.07639        0.99994        0.99909
   888.0        0.07635        0.99994        0.99909
   889.0        0.07631        0.99994        0.99910
   890.0        0.07627        0.99994        0.99910
   891.0        0.07623        0.99994        0.99910
   892.0        0.07619        0.99994        0.99910
   893.0        0.07615        0.99994        0.99910
   894.0        0.07611        0.99994        0.99910
   895.0        0.07607        0.99994        0.99910
   896.0        0.07602        0.99994        0.99911
   897.0        0.07598        0.99994        0.99911
   898.0        0.07594        0.99994        0.99911
   899.0        0.07590        0.99994        0.99911
   900.0        0.07586        0.99994        0.99911
   901.0        0.07582        0.99994        0.99911
   902.0        0.07578        0.99994        0.99912
   903.0        0.07574        0.99994        0.99912
   904.0        0.07570        0.99994        0.99912
   905.0        0.07566        0.99994        0.99912
   906.0        0.07562        0.99994        0.99912
   907.0        0.07559        0.99994        0.99912
   908.0        0.07555        0.99994        0.99912
   909.0        0.07551        0.99994        0.99913
   910.0        0.07547        0.99994        0.99913
   911.0        0.07543        0.99994        0.99913
   912.0        0.07539        0.99994        0.99913
   913.0        0.07535        0.99994        0.99913
   914.0        0.07531        0.99994        0.99913
   915.0        0.07527        0.99994        0.99913
   916.0        0.07523        0.99994        0.99914
   917.0        0.07519        0.99994        0.99914
   918.0        0.07515        0.99994        0.99914
   919.0        0.07511        0.99994        0.99914
   920.0        0.07508        0.99994        0.99914
   921.0        0.07504        0.99994        0.99914
   922.0        0.07500        0.99994        0.99914
   923.0        0.07496        0.99994        0.99915
   924.0        0.07492        0.99994        0.99915
   925.0        0.07488        0.99994        0.99915
   926.0        0.07484        0.99994        0.99915
   927.0        0.07481        0.99994        0.99915
   928.0        0.07477        0.99994        0.99915
   929.0        0.07473        0.99994        0.99915
   930.0        0.07469        0.99994        0.99916
   931.0        0.07465        0.99994        0.99916
   932.0        0.07461        0.99994        0.99916
   933.0        0.07458        0.99994        0.99916
   934.0        0.07454        0.99994        0.99916
   935.0        0.07450        0.99994        0.99916
   936.0        0.07446        0.99994        0.99916
   937.0        0.07443        0.99994        0.99916
   938.0        0.07439        0.99994        0.99917
   939.0        0.07435        0.99994        0.99917
   940.0        0.07431        0.99994        0.99917
   941.0        0.07427        0.99994        0.99917
   942.0        0.07424        0.99994        0.99917
   943.0        0.07420        0.99994        0.99917
   944.0        0.07416        0.99994        0.99917
   945.0        0.07413        0.99994        0.99918
   946.0        0.07409        0.99995        0.99918
   947.0        0.07405        0.99995        0.99918
   948.0        0.07401        0.99995        0.99918
   949.0        0.07398        0.99995        0.99918
   950.0        0.07394        0.99995        0.99918
   951.0        0.07390        0.99995        0.99918
   952.0        0.07387        0.99995        0.99918
   953.0        0.07383        0.99995        0.99919
   954.0        0.07379        0.99995        0.99919
   955.0        0.07376        0.99995        0.99919
   956.0        0.07372        0.99995        0.99919
   957.0        0.07368        0.99995        0.99919
   958.0        0.07365        0.99995        0.99919
   959.0        0.07361        0.99995        0.99919
   960.0        0.07357        0.99995        0.99920
   961.0        0.07354        0.99995        0.99920
   962.0        0.07350        0.99995        0.99920
   963.0        0.07346        0.99995        0.99920
   964.0        0.07343        0.99995        0.99920
   965.0        0.07339        0.99995        0.99920
   966.0        0.07336        0.99995        0.99920
   967.0        0.07332        0.99995        0.99920
   968.0        0.07328        0.99995        0.99921
   969.0        0.07325        0.99995        0.99921
   970.0        0.07321        0.99995        0.99921
   971.0        0.07318        0.99995        0.99921
   972.0        0.07314        0.99995        0.99921
   973.0        0.07310        0.99995        0.99921
   974.0        0.07307        0.99995        0.99921
   975.0        0.07303        0.99995        0.99921
   976.0        0.07300        0.99995        0.99922
   977.0        0.07296        0.99995        0.99922
   978.0        0.07293        0.99995        0.99922
   979.0        0.07289        0.99995        0.99922
   980.0        0.07286        0.99995        0.99922
   981.0        0.07282        0.99995        0.99922
   982.0        0.07279        0.99995        0.99922
   983.0        0.07275        0.99995        0.99922
   984.0        0.07271        0.99995        0.99922
   985.0        0.07268        0.99995        0.99923
   986.0        0.07264        0.99995        0.99923
   987.0        0.07261        0.99995        0.99923
   988.0        0.07257        0.99995        0.99923
   989.0        0.07254        0.99995        0.99923
   990.0        0.07251        0.99995        0.99923
   991.0        0.07247        0.99995        0.99923
   992.0        0.07244        0.99995        0.99923
   993.0        0.07240        0.99995        0.99924
   994.0        0.07237        0.99995        0.99924
   995.0        0.07233        0.99995        0.99924
   996.0        0.07230        0.99995        0.99924
   997.0        0.07226        0.99995        0.99924
   998.0        0.07223        0.99995        0.99924
   999.0        0.07219        0.99995        0.99924
  1000.0        0.07216        0.99995        0.99924
