 iodine              
 Density =    3.670000      Aeff =    126.9045      Zeff =    53.00000    
     1.0    33201.90234        0.00049        0.00107
     2.0     7316.68896        0.00255        0.00264
     3.0     2709.23389        0.00542        0.00548
     4.0     1305.90234        0.00747        0.01101
     5.0     3044.74780        0.00356        0.01206
     6.0     2223.61353        0.00688        0.00991
     7.0     1513.64783        0.00977        0.01154
     8.0     1058.76880        0.01278        0.01391
     9.0      782.74908        0.01559        0.01677
    10.0      595.34882        0.01857        0.01987
    11.0      461.40668        0.02172        0.02327
    12.0      365.72794        0.02490        0.02703
    13.0      295.43002        0.02813        0.03114
    14.0      242.52119        0.03140        0.03540
    15.0      201.73520        0.03472        0.03987
    16.0      169.27574        0.03817        0.04468
    17.0      143.57742        0.04152        0.04995
    18.0      122.97979        0.04488        0.05527
    19.0      106.24237        0.04814        0.06097
    20.0       92.48026        0.05128        0.06713
    21.0       81.05995        0.05437        0.07367
    22.0       71.49323        0.05739        0.08064
    23.0       63.35590        0.06020        0.08832
    24.0       56.36255        0.06313        0.09614
    25.0       50.36965        0.06573        0.10464
    26.0       45.21627        0.06828        0.11357
    27.0       40.74653        0.07052        0.12345
    28.0       36.84753        0.07241        0.13444
    29.0       33.42517        0.07377        0.14705
    30.0       30.41639        0.07449        0.16172
    31.0       27.73163        0.07410        0.17997
    32.0       25.27565        0.07070        0.20839
    33.0       22.92283        0.06006        0.27232
    34.0      122.54104        0.01639        0.18793
    35.0      113.84206        0.01915        0.17419
    36.0      105.90929        0.02117        0.17039
    37.0       98.69367        0.02296        0.16966
    38.0       92.11965        0.02453        0.17108
    39.0       86.12787        0.02595        0.17396
    40.0       80.66562        0.02736        0.17713
    41.0       75.67319        0.02876        0.18066
    42.0       71.09319        0.03003        0.18472
    43.0       66.88999        0.03129        0.18888
    44.0       63.02681        0.03258        0.19303
    45.0       59.46458        0.03380        0.19765
    46.0       56.17865        0.03505        0.20220
    47.0       53.14165        0.03632        0.20676
    48.0       50.32722        0.03755        0.21165
    49.0       47.71541        0.03875        0.21677
    50.0       45.29230        0.04003        0.22158
    51.0       42.94849        0.04140        0.22636
    52.0       40.76841        0.04277        0.23134
    53.0       38.73613        0.04407        0.23676
    54.0       36.84148        0.04537        0.24226
    55.0       35.07432        0.04672        0.24759
    56.0       33.42317        0.04809        0.25291
    57.0       31.87655        0.04942        0.25852
    58.0       30.42662        0.05073        0.26433
    59.0       29.06837        0.05210        0.26991
    60.0       27.79320        0.05348        0.27547
    61.0       26.59011        0.05484        0.28131
    62.0       25.45841        0.05621        0.28712
    63.0       24.39340        0.05761        0.29286
    64.0       23.38987        0.05905        0.29849
    65.0       22.44172        0.06043        0.30402
    66.0       21.54594        0.06181        0.30951
    67.0       20.69955        0.06321        0.31497
    68.0       19.89899        0.06462        0.32039
    69.0       19.14127        0.06605        0.32579
    70.0       18.42340        0.06749        0.33115
    71.0       17.74257        0.06893        0.33656
    72.0       17.09632        0.07038        0.34201
    73.0       16.48274        0.07185        0.34742
    74.0       15.89974        0.07332        0.35280
    75.0       15.34543        0.07482        0.35815
    76.0       14.81800        0.07633        0.36345
    77.0       14.31578        0.07786        0.36875
    78.0       13.83726        0.07939        0.37403
    79.0       13.38109        0.08095        0.37927
    80.0       12.94595        0.08252        0.38447
    81.0       12.51907        0.08418        0.38963
    82.0       12.11180        0.08586        0.39475
    83.0       11.72300        0.08756        0.39983
    84.0       11.35154        0.08927        0.40492
    85.0       10.99632        0.09098        0.41006
    86.0       10.65663        0.09271        0.41515
    87.0       10.33168        0.09445        0.42021
    88.0       10.02063        0.09621        0.42522
    89.0        9.72275        0.09799        0.43020
    90.0        9.43718        0.09978        0.43504
    91.0        9.16320        0.10156        0.43979
    92.0        8.90043        0.10335        0.44450
    93.0        8.64828        0.10516        0.44916
    94.0        8.40624        0.10699        0.45379
    95.0        8.17379        0.10883        0.45838
    96.0        7.95045        0.11069        0.46292
    97.0        7.73576        0.11257        0.46742
    98.0        7.52932        0.11445        0.47190
    99.0        7.33068        0.11636        0.47635
   100.0        7.13954        0.11828        0.48075
   101.0        6.95495        0.12018        0.48495
   102.0        6.77720        0.12211        0.48910
   103.0        6.60593        0.12404        0.49322
   104.0        6.44084        0.12599        0.49730
   105.0        6.28166        0.12795        0.50135
   106.0        6.12811        0.12993        0.50538
   107.0        5.97996        0.13191        0.50937
   108.0        5.83698        0.13392        0.51332
   109.0        5.69892        0.13593        0.51723
   110.0        5.56560        0.13796        0.52110
   111.0        5.43678        0.14001        0.52493
   112.0        5.31228        0.14206        0.52873
   113.0        5.19194        0.14414        0.53249
   114.0        5.07550        0.14621        0.53626
   115.0        4.96285        0.14830        0.54001
   116.0        4.85384        0.15039        0.54371
   117.0        4.74834        0.15250        0.54738
   118.0        4.64620        0.15463        0.55102
   119.0        4.54730        0.15677        0.55462
   120.0        4.45147        0.15892        0.55818
   121.0        4.35864        0.16108        0.56171
   122.0        4.26865        0.16325        0.56520
   123.0        4.18141        0.16544        0.56867
   124.0        4.09678        0.16763        0.57212
   125.0        4.01469        0.16983        0.57554
   126.0        3.93506        0.17205        0.57892
   127.0        3.85778        0.17428        0.58227
   128.0        3.78276        0.17652        0.58558
   129.0        3.70994        0.17877        0.58887
   130.0        3.63921        0.18103        0.59211
   131.0        3.57049        0.18330        0.59533
   132.0        3.50373        0.18558        0.59852
   133.0        3.43887        0.18787        0.60168
   134.0        3.37580        0.19018        0.60481
   135.0        3.31449        0.19249        0.60790
   136.0        3.25487        0.19482        0.61097
   137.0        3.19689        0.19715        0.61400
   138.0        3.14048        0.19949        0.61700
   139.0        3.08560        0.20185        0.61997
   140.0        3.03217        0.20421        0.62292
   141.0        2.98017        0.20658        0.62583
   142.0        2.92953        0.20896        0.62873
   143.0        2.88020        0.21135        0.63160
   144.0        2.83218        0.21374        0.63444
   145.0        2.78538        0.21614        0.63726
   146.0        2.73978        0.21856        0.64004
   147.0        2.69535        0.22098        0.64280
   148.0        2.65204        0.22341        0.64553
   149.0        2.60981        0.22584        0.64823
   150.0        2.56865        0.22829        0.65090
   151.0        2.52855        0.23073        0.65355
   152.0        2.48926        0.23314        0.65608
   153.0        2.45088        0.23554        0.65855
   154.0        2.41341        0.23794        0.66099
   155.0        2.37687        0.24034        0.66341
   156.0        2.34118        0.24276        0.66581
   157.0        2.30635        0.24518        0.66818
   158.0        2.27233        0.24760        0.67053
   159.0        2.23911        0.25003        0.67286
   160.0        2.20667        0.25246        0.67516
   161.0        2.17497        0.25490        0.67745
   162.0        2.14400        0.25735        0.67970
   163.0        2.11373        0.25979        0.68195
   164.0        2.08414        0.26224        0.68417
   165.0        2.05522        0.26470        0.68637
   166.0        2.02695        0.26715        0.68855
   167.0        1.99930        0.26962        0.69071
   168.0        1.97227        0.27208        0.69285
   169.0        1.94583        0.27455        0.69497
   170.0        1.91997        0.27702        0.69706
   171.0        1.89466        0.27950        0.69914
   172.0        1.86991        0.28198        0.70119
   173.0        1.84568        0.28446        0.70323
   174.0        1.82199        0.28694        0.70525
   175.0        1.79881        0.28943        0.70724
   176.0        1.77611        0.29191        0.70923
   177.0        1.75388        0.29439        0.71120
   178.0        1.73212        0.29688        0.71315
   179.0        1.71080        0.29936        0.71509
   180.0        1.68992        0.30185        0.71700
   181.0        1.66947        0.30434        0.71890
   182.0        1.64943        0.30683        0.72078
   183.0        1.62979        0.30933        0.72264
   184.0        1.61056        0.31182        0.72449
   185.0        1.59170        0.31432        0.72631
   186.0        1.57322        0.31681        0.72812
   187.0        1.55510        0.31931        0.72991
   188.0        1.53734        0.32181        0.73169
   189.0        1.51992        0.32431        0.73344
   190.0        1.50284        0.32680        0.73519
   191.0        1.48609        0.32930        0.73693
   192.0        1.46965        0.33179        0.73865
   193.0        1.45353        0.33428        0.74036
   194.0        1.43772        0.33678        0.74205
   195.0        1.42220        0.33927        0.74372
   196.0        1.40697        0.34176        0.74538
   197.0        1.39203        0.34425        0.74702
   198.0        1.37737        0.34674        0.74865
   199.0        1.36298        0.34923        0.75026
   200.0        1.34885        0.35172        0.75186
   201.0        1.33523        0.35414        0.75345
   202.0        1.32185        0.35656        0.75501
   203.0        1.30871        0.35898        0.75657
   204.0        1.29580        0.36140        0.75811
   205.0        1.28312        0.36381        0.75965
   206.0        1.27066        0.36622        0.76117
   207.0        1.25841        0.36862        0.76268
   208.0        1.24638        0.37103        0.76417
   209.0        1.23456        0.37343        0.76565
   210.0        1.22294        0.37583        0.76712
   211.0        1.21152        0.37823        0.76857
   212.0        1.20029        0.38063        0.77002
   213.0        1.18926        0.38302        0.77144
   214.0        1.17839        0.38540        0.77285
   215.0        1.16761        0.38773        0.77420
   216.0        1.15701        0.39005        0.77553
   217.0        1.14658        0.39237        0.77686
   218.0        1.13632        0.39469        0.77818
   219.0        1.12624        0.39701        0.77948
   220.0        1.11632        0.39932        0.78077
   221.0        1.10655        0.40163        0.78205
   222.0        1.09695        0.40393        0.78332
   223.0        1.08750        0.40623        0.78458
   224.0        1.07820        0.40852        0.78583
   225.0        1.06904        0.41082        0.78707
   226.0        1.06004        0.41310        0.78829
   227.0        1.05117        0.41539        0.78951
   228.0        1.04244        0.41767        0.79071
   229.0        1.03385        0.41994        0.79191
   230.0        1.02539        0.42221        0.79309
   231.0        1.01706        0.42448        0.79427
   232.0        1.00886        0.42674        0.79543
   233.0        1.00079        0.42899        0.79659
   234.0        0.99283        0.43124        0.79773
   235.0        0.98500        0.43349        0.79887
   236.0        0.97729        0.43573        0.79999
   237.0        0.96969        0.43797        0.80112
   238.0        0.96220        0.44020        0.80223
   239.0        0.95482        0.44242        0.80334
   240.0        0.94755        0.44464        0.80444
   241.0        0.94039        0.44686        0.80553
   242.0        0.93333        0.44906        0.80661
   243.0        0.92638        0.45127        0.80768
   244.0        0.91952        0.45346        0.80874
   245.0        0.91277        0.45566        0.80979
   246.0        0.90611        0.45784        0.81084
   247.0        0.89955        0.46003        0.81187
   248.0        0.89308        0.46220        0.81290
   249.0        0.88671        0.46437        0.81392
   250.0        0.88042        0.46654        0.81493
   251.0        0.87423        0.46870        0.81593
   252.0        0.86811        0.47085        0.81693
   253.0        0.86209        0.47300        0.81792
   254.0        0.85615        0.47513        0.81890
   255.0        0.85030        0.47726        0.81987
   256.0        0.84453        0.47939        0.82083
   257.0        0.83883        0.48151        0.82179
   258.0        0.83322        0.48362        0.82274
   259.0        0.82768        0.48573        0.82368
   260.0        0.82222        0.48783        0.82462
   261.0        0.81682        0.48992        0.82554
   262.0        0.81150        0.49201        0.82646
   263.0        0.80626        0.49409        0.82737
   264.0        0.80108        0.49617        0.82828
   265.0        0.79597        0.49824        0.82918
   266.0        0.79093        0.50030        0.83007
   267.0        0.78595        0.50236        0.83095
   268.0        0.78104        0.50441        0.83183
   269.0        0.77619        0.50645        0.83270
   270.0        0.77141        0.50849        0.83356
   271.0        0.76669        0.51052        0.83441
   272.0        0.76202        0.51255        0.83526
   273.0        0.75742        0.51457        0.83611
   274.0        0.75288        0.51658        0.83694
   275.0        0.74839        0.51858        0.83777
   276.0        0.74396        0.52058        0.83860
   277.0        0.73959        0.52257        0.83942
   278.0        0.73527        0.52455        0.84023
   279.0        0.73101        0.52653        0.84104
   280.0        0.72679        0.52850        0.84184
   281.0        0.72263        0.53047        0.84264
   282.0        0.71852        0.53242        0.84343
   283.0        0.71447        0.53437        0.84421
   284.0        0.71046        0.53632        0.84499
   285.0        0.70650        0.53825        0.84576
   286.0        0.70259        0.54019        0.84652
   287.0        0.69872        0.54211        0.84728
   288.0        0.69490        0.54402        0.84804
   289.0        0.69113        0.54593        0.84878
   290.0        0.68740        0.54784        0.84953
   291.0        0.68372        0.54973        0.85026
   292.0        0.68008        0.55162        0.85100
   293.0        0.67649        0.55350        0.85172
   294.0        0.67293        0.55538        0.85244
   295.0        0.66942        0.55725        0.85316
   296.0        0.66595        0.55911        0.85387
   297.0        0.66252        0.56096        0.85458
   298.0        0.65913        0.56281        0.85528
   299.0        0.65577        0.56465        0.85598
   300.0        0.65246        0.56648        0.85667
   301.0        0.64918        0.56830        0.85736
   302.0        0.64595        0.57012        0.85804
   303.0        0.64275        0.57193        0.85872
   304.0        0.63958        0.57373        0.85940
   305.0        0.63645        0.57552        0.86006
   306.0        0.63336        0.57731        0.86073
   307.0        0.63030        0.57909        0.86139
   308.0        0.62728        0.58087        0.86204
   309.0        0.62429        0.58263        0.86269
   310.0        0.62133        0.58439        0.86334
   311.0        0.61840        0.58615        0.86398
   312.0        0.61551        0.58789        0.86461
   313.0        0.61265        0.58963        0.86524
   314.0        0.60982        0.59137        0.86587
   315.0        0.60699        0.59307        0.86648
   316.0        0.60416        0.59475        0.86708
   317.0        0.60136        0.59642        0.86767
   318.0        0.59859        0.59808        0.86826
   319.0        0.59585        0.59974        0.86884
   320.0        0.59314        0.60139        0.86942
   321.0        0.59045        0.60304        0.86999
   322.0        0.58780        0.60467        0.87057
   323.0        0.58517        0.60631        0.87113
   324.0        0.58257        0.60793        0.87170
   325.0        0.58000        0.60955        0.87226
   326.0        0.57746        0.61116        0.87281
   327.0        0.57494        0.61276        0.87337
   328.0        0.57244        0.61436        0.87392
   329.0        0.56997        0.61595        0.87446
   330.0        0.56753        0.61754        0.87500
   331.0        0.56511        0.61911        0.87554
   332.0        0.56271        0.62069        0.87607
   333.0        0.56034        0.62225        0.87660
   334.0        0.55800        0.62381        0.87713
   335.0        0.55567        0.62536        0.87765
   336.0        0.55337        0.62690        0.87817
   337.0        0.55110        0.62844        0.87869
   338.0        0.54884        0.62997        0.87921
   339.0        0.54660        0.63150        0.87972
   340.0        0.54439        0.63301        0.88023
   341.0        0.54220        0.63452        0.88074
   342.0        0.54003        0.63603        0.88124
   343.0        0.53789        0.63753        0.88174
   344.0        0.53576        0.63902        0.88223
   345.0        0.53365        0.64051        0.88273
   346.0        0.53156        0.64198        0.88322
   347.0        0.52955        0.64339        0.88370
   348.0        0.52759        0.64474        0.88419
   349.0        0.52566        0.64609        0.88467
   350.0        0.52373        0.64744        0.88514
   351.0        0.52183        0.64878        0.88561
   352.0        0.51994        0.65011        0.88608
   353.0        0.51807        0.65144        0.88655
   354.0        0.51622        0.65276        0.88701
   355.0        0.51438        0.65408        0.88747
   356.0        0.51256        0.65539        0.88793
   357.0        0.51076        0.65669        0.88838
   358.0        0.50897        0.65799        0.88883
   359.0        0.50720        0.65928        0.88928
   360.0        0.50544        0.66057        0.88973
   361.0        0.50370        0.66185        0.89017
   362.0        0.50198        0.66313        0.89061
   363.0        0.50027        0.66440        0.89105
   364.0        0.49857        0.66567        0.89148
   365.0        0.49689        0.66693        0.89192
   366.0        0.49522        0.66818        0.89234
   367.0        0.49357        0.66943        0.89277
   368.0        0.49193        0.67067        0.89320
   369.0        0.49031        0.67191        0.89362
   370.0        0.48870        0.67315        0.89404
   371.0        0.48710        0.67437        0.89445
   372.0        0.48551        0.67560        0.89486
   373.0        0.48394        0.67681        0.89528
   374.0        0.48239        0.67802        0.89568
   375.0        0.48084        0.67923        0.89609
   376.0        0.47931        0.68043        0.89649
   377.0        0.47779        0.68163        0.89690
   378.0        0.47628        0.68282        0.89729
   379.0        0.47479        0.68401        0.89769
   380.0        0.47331        0.68519        0.89808
   381.0        0.47184        0.68636        0.89847
   382.0        0.47038        0.68753        0.89886
   383.0        0.46894        0.68870        0.89925
   384.0        0.46750        0.68986        0.89963
   385.0        0.46608        0.69101        0.90002
   386.0        0.46467        0.69216        0.90040
   387.0        0.46327        0.69330        0.90077
   388.0        0.46188        0.69445        0.90115
   389.0        0.46050        0.69558        0.90152
   390.0        0.45914        0.69671        0.90189
   391.0        0.45778        0.69783        0.90226
   392.0        0.45643        0.69895        0.90263
   393.0        0.45510        0.70007        0.90299
   394.0        0.45378        0.70118        0.90335
   395.0        0.45246        0.70228        0.90371
   396.0        0.45116        0.70338        0.90407
   397.0        0.44987        0.70448        0.90443
   398.0        0.44858        0.70557        0.90478
   399.0        0.44731        0.70666        0.90513
   400.0        0.44604        0.70774        0.90548
   401.0        0.44479        0.70881        0.90583
   402.0        0.44355        0.70988        0.90617
   403.0        0.44231        0.71095        0.90652
   404.0        0.44109        0.71201        0.90686
   405.0        0.43987        0.71306        0.90720
   406.0        0.43867        0.71412        0.90753
   407.0        0.43747        0.71516        0.90787
   408.0        0.43628        0.71621        0.90820
   409.0        0.43510        0.71724        0.90854
   410.0        0.43393        0.71828        0.90887
   411.0        0.43277        0.71930        0.90919
   412.0        0.43161        0.72033        0.90952
   413.0        0.43047        0.72135        0.90984
   414.0        0.42933        0.72236        0.91017
   415.0        0.42820        0.72337        0.91049
   416.0        0.42708        0.72438        0.91081
   417.0        0.42597        0.72538        0.91112
   418.0        0.42487        0.72638        0.91144
   419.0        0.42377        0.72737        0.91175
   420.0        0.42268        0.72836        0.91207
   421.0        0.42160        0.72934        0.91238
   422.0        0.42053        0.73032        0.91268
   423.0        0.41946        0.73130        0.91299
   424.0        0.41841        0.73227        0.91330
   425.0        0.41736        0.73324        0.91360
   426.0        0.41631        0.73420        0.91390
   427.0        0.41528        0.73516        0.91420
   428.0        0.41425        0.73611        0.91450
   429.0        0.41323        0.73706        0.91480
   430.0        0.41221        0.73801        0.91510
   431.0        0.41121        0.73895        0.91539
   432.0        0.41021        0.73989        0.91568
   433.0        0.40922        0.74082        0.91598
   434.0        0.40823        0.74175        0.91627
   435.0        0.40725        0.74267        0.91655
   436.0        0.40628        0.74359        0.91684
   437.0        0.40531        0.74451        0.91713
   438.0        0.40435        0.74542        0.91741
   439.0        0.40340        0.74633        0.91769
   440.0        0.40245        0.74724        0.91797
   441.0        0.40151        0.74814        0.91825
   442.0        0.40058        0.74903        0.91853
   443.0        0.39965        0.74992        0.91880
   444.0        0.39873        0.75081        0.91908
   445.0        0.39782        0.75170        0.91935
   446.0        0.39691        0.75258        0.91962
   447.0        0.39601        0.75346        0.91989
   448.0        0.39511        0.75433        0.92016
   449.0        0.39422        0.75520        0.92043
   450.0        0.39333        0.75607        0.92070
   451.0        0.39245        0.75693        0.92096
   452.0        0.39158        0.75778        0.92122
   453.0        0.39071        0.75864        0.92148
   454.0        0.38985        0.75949        0.92174
   455.0        0.38900        0.76034        0.92200
   456.0        0.38814        0.76118        0.92226
   457.0        0.38730        0.76202        0.92252
   458.0        0.38646        0.76285        0.92277
   459.0        0.38563        0.76369        0.92303
   460.0        0.38480        0.76451        0.92328
   461.0        0.38397        0.76534        0.92353
   462.0        0.38315        0.76616        0.92378
   463.0        0.38234        0.76698        0.92403
   464.0        0.38153        0.76779        0.92427
   465.0        0.38073        0.76860        0.92452
   466.0        0.37993        0.76941        0.92477
   467.0        0.37914        0.77021        0.92501
   468.0        0.37835        0.77101        0.92525
   469.0        0.37757        0.77181        0.92549
   470.0        0.37679        0.77260        0.92573
   471.0        0.37601        0.77339        0.92597
   472.0        0.37524        0.77417        0.92621
   473.0        0.37448        0.77496        0.92644
   474.0        0.37372        0.77573        0.92668
   475.0        0.37297        0.77651        0.92691
   476.0        0.37220        0.77727        0.92714
   477.0        0.37142        0.77802        0.92736
   478.0        0.37064        0.77876        0.92758
   479.0        0.36988        0.77951        0.92780
   480.0        0.36911        0.78025        0.92802
   481.0        0.36835        0.78098        0.92824
   482.0        0.36760        0.78171        0.92846
   483.0        0.36685        0.78244        0.92868
   484.0        0.36610        0.78317        0.92889
   485.0        0.36536        0.78389        0.92911
   486.0        0.36462        0.78461        0.92932
   487.0        0.36389        0.78533        0.92953
   488.0        0.36316        0.78604        0.92975
   489.0        0.36244        0.78675        0.92996
   490.0        0.36172        0.78746        0.93017
   491.0        0.36101        0.78817        0.93037
   492.0        0.36029        0.78887        0.93058
   493.0        0.35959        0.78957        0.93079
   494.0        0.35888        0.79026        0.93099
   495.0        0.35818        0.79095        0.93120
   496.0        0.35749        0.79164        0.93140
   497.0        0.35680        0.79233        0.93160
   498.0        0.35611        0.79301        0.93181
   499.0        0.35542        0.79369        0.93201
   500.0        0.35474        0.79437        0.93221
   501.0        0.35410        0.79498        0.93241
   502.0        0.35346        0.79559        0.93260
   503.0        0.35282        0.79619        0.93280
   504.0        0.35218        0.79679        0.93300
   505.0        0.35155        0.79739        0.93319
   506.0        0.35092        0.79798        0.93339
   507.0        0.35029        0.79858        0.93358
   508.0        0.34967        0.79917        0.93377
   509.0        0.34905        0.79976        0.93396
   510.0        0.34844        0.80034        0.93415
   511.0        0.34782        0.80093        0.93434
   512.0        0.34721        0.80151        0.93453
   513.0        0.34661        0.80209        0.93472
   514.0        0.34600        0.80266        0.93491
   515.0        0.34540        0.80324        0.93509
   516.0        0.34480        0.80381        0.93528
   517.0        0.34421        0.80438        0.93546
   518.0        0.34362        0.80495        0.93565
   519.0        0.34303        0.80552        0.93583
   520.0        0.34244        0.80608        0.93601
   521.0        0.34186        0.80664        0.93619
   522.0        0.34128        0.80720        0.93637
   523.0        0.34071        0.80776        0.93655
   524.0        0.34013        0.80831        0.93673
   525.0        0.33956        0.80886        0.93691
   526.0        0.33900        0.80941        0.93708
   527.0        0.33843        0.80996        0.93726
   528.0        0.33787        0.81051        0.93744
   529.0        0.33731        0.81105        0.93761
   530.0        0.33675        0.81159        0.93778
   531.0        0.33620        0.81213        0.93796
   532.0        0.33565        0.81267        0.93813
   533.0        0.33510        0.81320        0.93830
   534.0        0.33455        0.81374        0.93847
   535.0        0.33401        0.81427        0.93864
   536.0        0.33347        0.81480        0.93881
   537.0        0.33293        0.81532        0.93898
   538.0        0.33239        0.81585        0.93915
   539.0        0.33186        0.81637        0.93931
   540.0        0.33133        0.81689        0.93948
   541.0        0.33081        0.81741        0.93965
   542.0        0.33028        0.81793        0.93981
   543.0        0.32976        0.81844        0.93998
   544.0        0.32924        0.81895        0.94014
   545.0        0.32872        0.81947        0.94030
   546.0        0.32821        0.81997        0.94046
   547.0        0.32769        0.82048        0.94062
   548.0        0.32718        0.82098        0.94079
   549.0        0.32667        0.82149        0.94095
   550.0        0.32617        0.82199        0.94110
   551.0        0.32567        0.82249        0.94126
   552.0        0.32517        0.82298        0.94142
   553.0        0.32467        0.82348        0.94158
   554.0        0.32417        0.82397        0.94173
   555.0        0.32368        0.82446        0.94189
   556.0        0.32319        0.82495        0.94205
   557.0        0.32270        0.82544        0.94220
   558.0        0.32221        0.82593        0.94235
   559.0        0.32173        0.82641        0.94251
   560.0        0.32124        0.82689        0.94266
   561.0        0.32076        0.82737        0.94281
   562.0        0.32029        0.82785        0.94296
   563.0        0.31981        0.82832        0.94311
   564.0        0.31934        0.82880        0.94326
   565.0        0.31886        0.82927        0.94341
   566.0        0.31840        0.82974        0.94356
   567.0        0.31793        0.83021        0.94371
   568.0        0.31746        0.83068        0.94386
   569.0        0.31700        0.83114        0.94400
   570.0        0.31654        0.83161        0.94415
   571.0        0.31608        0.83207        0.94429
   572.0        0.31562        0.83253        0.94444
   573.0        0.31517        0.83299        0.94458
   574.0        0.31472        0.83344        0.94473
   575.0        0.31427        0.83390        0.94487
   576.0        0.31382        0.83435        0.94501
   577.0        0.31337        0.83480        0.94515
   578.0        0.31292        0.83525        0.94530
   579.0        0.31248        0.83570        0.94544
   580.0        0.31204        0.83615        0.94558
   581.0        0.31160        0.83659        0.94572
   582.0        0.31117        0.83704        0.94586
   583.0        0.31073        0.83748        0.94599
   584.0        0.31030        0.83792        0.94613
   585.0        0.30986        0.83835        0.94627
   586.0        0.30944        0.83879        0.94641
   587.0        0.30901        0.83923        0.94654
   588.0        0.30858        0.83966        0.94668
   589.0        0.30816        0.84009        0.94681
   590.0        0.30774        0.84052        0.94695
   591.0        0.30732        0.84095        0.94708
   592.0        0.30690        0.84137        0.94721
   593.0        0.30648        0.84180        0.94735
   594.0        0.30607        0.84222        0.94748
   595.0        0.30565        0.84264        0.94761
   596.0        0.30524        0.84306        0.94774
   597.0        0.30483        0.84348        0.94787
   598.0        0.30442        0.84390        0.94800
   599.0        0.30402        0.84431        0.94813
   600.0        0.30361        0.84473        0.94826
   601.0        0.30321        0.84514        0.94839
   602.0        0.30281        0.84555        0.94852
   603.0        0.30241        0.84596        0.94864
   604.0        0.30201        0.84637        0.94877
   605.0        0.30162        0.84677        0.94890
   606.0        0.30122        0.84717        0.94902
   607.0        0.30083        0.84758        0.94915
   608.0        0.30044        0.84798        0.94927
   609.0        0.30005        0.84838        0.94940
   610.0        0.29966        0.84877        0.94952
   611.0        0.29928        0.84917        0.94965
   612.0        0.29889        0.84957        0.94977
   613.0        0.29851        0.84996        0.94989
   614.0        0.29813        0.85035        0.95001
   615.0        0.29775        0.85074        0.95013
   616.0        0.29737        0.85113        0.95026
   617.0        0.29699        0.85152        0.95038
   618.0        0.29662        0.85191        0.95050
   619.0        0.29624        0.85229        0.95062
   620.0        0.29587        0.85268        0.95073
   621.0        0.29550        0.85306        0.95085
   622.0        0.29513        0.85344        0.95097
   623.0        0.29476        0.85382        0.95109
   624.0        0.29439        0.85419        0.95121
   625.0        0.29403        0.85457        0.95132
   626.0        0.29367        0.85495        0.95144
   627.0        0.29330        0.85532        0.95156
   628.0        0.29294        0.85569        0.95167
   629.0        0.29258        0.85607        0.95179
   630.0        0.29223        0.85643        0.95190
   631.0        0.29187        0.85680        0.95202
   632.0        0.29151        0.85717        0.95213
   633.0        0.29116        0.85754        0.95224
   634.0        0.29081        0.85790        0.95236
   635.0        0.29046        0.85826        0.95247
   636.0        0.29011        0.85863        0.95258
   637.0        0.28976        0.85899        0.95269
   638.0        0.28941        0.85935        0.95280
   639.0        0.28907        0.85970        0.95291
   640.0        0.28872        0.86006        0.95302
   641.0        0.28838        0.86041        0.95313
   642.0        0.28804        0.86077        0.95324
   643.0        0.28770        0.86112        0.95335
   644.0        0.28736        0.86147        0.95346
   645.0        0.28702        0.86182        0.95357
   646.0        0.28668        0.86217        0.95368
   647.0        0.28635        0.86252        0.95379
   648.0        0.28601        0.86287        0.95389
   649.0        0.28568        0.86321        0.95400
   650.0        0.28535        0.86355        0.95411
   651.0        0.28502        0.86390        0.95421
   652.0        0.28469        0.86424        0.95432
   653.0        0.28436        0.86458        0.95442
   654.0        0.28404        0.86492        0.95453
   655.0        0.28371        0.86526        0.95463
   656.0        0.28339        0.86559        0.95474
   657.0        0.28306        0.86593        0.95484
   658.0        0.28274        0.86626        0.95494
   659.0        0.28242        0.86659        0.95505
   660.0        0.28210        0.86693        0.95515
   661.0        0.28178        0.86726        0.95525
   662.0        0.28147        0.86759        0.95535
   663.0        0.28115        0.86791        0.95545
   664.0        0.28084        0.86824        0.95555
   665.0        0.28053        0.86856        0.95566
   666.0        0.28021        0.86888        0.95576
   667.0        0.27990        0.86920        0.95586
   668.0        0.27960        0.86952        0.95596
   669.0        0.27929        0.86984        0.95605
   670.0        0.27898        0.87015        0.95615
   671.0        0.27867        0.87047        0.95625
   672.0        0.27837        0.87078        0.95635
   673.0        0.27807        0.87110        0.95645
   674.0        0.27776        0.87141        0.95655
   675.0        0.27746        0.87172        0.95664
   676.0        0.27716        0.87203        0.95674
   677.0        0.27686        0.87234        0.95684
   678.0        0.27656        0.87265        0.95693
   679.0        0.27627        0.87296        0.95703
   680.0        0.27597        0.87326        0.95712
   681.0        0.27568        0.87357        0.95722
   682.0        0.27538        0.87387        0.95731
   683.0        0.27509        0.87418        0.95741
   684.0        0.27480        0.87448        0.95750
   685.0        0.27450        0.87478        0.95760
   686.0        0.27421        0.87508        0.95769
   687.0        0.27393        0.87538        0.95778
   688.0        0.27364        0.87567        0.95788
   689.0        0.27335        0.87597        0.95797
   690.0        0.27306        0.87627        0.95806
   691.0        0.27278        0.87656        0.95815
   692.0        0.27250        0.87686        0.95824
   693.0        0.27221        0.87715        0.95833
   694.0        0.27193        0.87744        0.95843
   695.0        0.27165        0.87773        0.95852
   696.0        0.27137        0.87802        0.95861
   697.0        0.27109        0.87831        0.95870
   698.0        0.27081        0.87860        0.95879
   699.0        0.27053        0.87888        0.95887
   700.0        0.27026        0.87917        0.95896
   701.0        0.26998        0.87946        0.95905
   702.0        0.26971        0.87974        0.95914
   703.0        0.26943        0.88002        0.95923
   704.0        0.26916        0.88030        0.95932
   705.0        0.26889        0.88059        0.95940
   706.0        0.26862        0.88087        0.95949
   707.0        0.26835        0.88114        0.95958
   708.0        0.26808        0.88142        0.95966
   709.0        0.26781        0.88169        0.95975
   710.0        0.26756        0.88193        0.95984
   711.0        0.26730        0.88218        0.95992
   712.0        0.26704        0.88242        0.96001
   713.0        0.26679        0.88267        0.96009
   714.0        0.26653        0.88291        0.96018
   715.0        0.26628        0.88315        0.96026
   716.0        0.26602        0.88339        0.96034
   717.0        0.26577        0.88363        0.96043
   718.0        0.26552        0.88387        0.96051
   719.0        0.26527        0.88411        0.96059
   720.0        0.26502        0.88435        0.96068
   721.0        0.26477        0.88459        0.96076
   722.0        0.26452        0.88482        0.96084
   723.0        0.26427        0.88506        0.96092
   724.0        0.26403        0.88529        0.96101
   725.0        0.26378        0.88553        0.96109
   726.0        0.26353        0.88576        0.96117
   727.0        0.26329        0.88600        0.96125
   728.0        0.26304        0.88623        0.96133
   729.0        0.26280        0.88646        0.96141
   730.0        0.26256        0.88669        0.96149
   731.0        0.26232        0.88692        0.96157
   732.0        0.26208        0.88715        0.96165
   733.0        0.26184        0.88738        0.96173
   734.0        0.26160        0.88761        0.96181
   735.0        0.26136        0.88784        0.96189
   736.0        0.26112        0.88806        0.96197
   737.0        0.26088        0.88829        0.96204
   738.0        0.26064        0.88851        0.96212
   739.0        0.26041        0.88874        0.96220
   740.0        0.26017        0.88896        0.96228
   741.0        0.25994        0.88919        0.96235
   742.0        0.25970        0.88941        0.96243
   743.0        0.25947        0.88963        0.96251
   744.0        0.25924        0.88985        0.96258
   745.0        0.25901        0.89007        0.96266
   746.0        0.25877        0.89029        0.96274
   747.0        0.25854        0.89051        0.96281
   748.0        0.25831        0.89073        0.96289
   749.0        0.25808        0.89095        0.96296
   750.0        0.25786        0.89117        0.96304
   751.0        0.25763        0.89138        0.96311
   752.0        0.25740        0.89160        0.96319
   753.0        0.25717        0.89182        0.96326
   754.0        0.25695        0.89203        0.96333
   755.0        0.25672        0.89224        0.96341
   756.0        0.25650        0.89246        0.96348
   757.0        0.25628        0.89267        0.96356
   758.0        0.25605        0.89288        0.96363
   759.0        0.25583        0.89309        0.96370
   760.0        0.25561        0.89330        0.96377
   761.0        0.25539        0.89352        0.96385
   762.0        0.25516        0.89372        0.96392
   763.0        0.25494        0.89393        0.96399
   764.0        0.25473        0.89414        0.96406
   765.0        0.25451        0.89435        0.96413
   766.0        0.25429        0.89456        0.96420
   767.0        0.25407        0.89476        0.96428
   768.0        0.25385        0.89497        0.96435
   769.0        0.25364        0.89518        0.96442
   770.0        0.25342        0.89538        0.96449
   771.0        0.25321        0.89558        0.96456
   772.0        0.25299        0.89579        0.96463
   773.0        0.25278        0.89599        0.96470
   774.0        0.25256        0.89619        0.96477
   775.0        0.25235        0.89640        0.96483
   776.0        0.25214        0.89660        0.96490
   777.0        0.25193        0.89680        0.96497
   778.0        0.25172        0.89700        0.96504
   779.0        0.25151        0.89720        0.96511
   780.0        0.25130        0.89739        0.96518
   781.0        0.25108        0.89759        0.96524
   782.0        0.25086        0.89778        0.96531
   783.0        0.25064        0.89797        0.96537
   784.0        0.25042        0.89817        0.96544
   785.0        0.25020        0.89836        0.96551
   786.0        0.24998        0.89855        0.96557
   787.0        0.24976        0.89874        0.96563
   788.0        0.24955        0.89893        0.96570
   789.0        0.24933        0.89912        0.96576
   790.0        0.24911        0.89930        0.96583
   791.0        0.24890        0.89949        0.96589
   792.0        0.24868        0.89968        0.96596
   793.0        0.24847        0.89987        0.96602
   794.0        0.24826        0.90005        0.96608
   795.0        0.24804        0.90024        0.96615
   796.0        0.24783        0.90042        0.96621
   797.0        0.24762        0.90061        0.96627
   798.0        0.24741        0.90079        0.96633
   799.0        0.24720        0.90098        0.96640
   800.0        0.24699        0.90116        0.96646
   801.0        0.24678        0.90134        0.96652
   802.0        0.24657        0.90152        0.96658
   803.0        0.24636        0.90170        0.96664
   804.0        0.24615        0.90188        0.96671
   805.0        0.24594        0.90206        0.96677
   806.0        0.24574        0.90224        0.96683
   807.0        0.24553        0.90242        0.96689
   808.0        0.24533        0.90260        0.96695
   809.0        0.24512        0.90278        0.96701
   810.0        0.24492        0.90296        0.96707
   811.0        0.24471        0.90313        0.96713
   812.0        0.24451        0.90331        0.96719
   813.0        0.24431        0.90349        0.96725
   814.0        0.24410        0.90366        0.96731
   815.0        0.24390        0.90384        0.96737
   816.0        0.24370        0.90401        0.96743
   817.0        0.24350        0.90418        0.96749
   818.0        0.24330        0.90436        0.96755
   819.0        0.24310        0.90453        0.96761
   820.0        0.24290        0.90470        0.96766
   821.0        0.24270        0.90488        0.96772
   822.0        0.24250        0.90505        0.96778
   823.0        0.24230        0.90522        0.96784
   824.0        0.24211        0.90539        0.96790
   825.0        0.24191        0.90556        0.96795
   826.0        0.24171        0.90573        0.96801
   827.0        0.24152        0.90590        0.96807
   828.0        0.24132        0.90607        0.96813
   829.0        0.24113        0.90623        0.96818
   830.0        0.24093        0.90640        0.96824
   831.0        0.24074        0.90657        0.96830
   832.0        0.24055        0.90674        0.96835
   833.0        0.24035        0.90690        0.96841
   834.0        0.24016        0.90707        0.96847
   835.0        0.23997        0.90723        0.96852
   836.0        0.23978        0.90740        0.96858
   837.0        0.23959        0.90756        0.96863
   838.0        0.23940        0.90773        0.96869
   839.0        0.23921        0.90789        0.96874
   840.0        0.23902        0.90806        0.96880
   841.0        0.23883        0.90822        0.96886
   842.0        0.23864        0.90838        0.96891
   843.0        0.23845        0.90854        0.96896
   844.0        0.23826        0.90870        0.96902
   845.0        0.23808        0.90886        0.96907
   846.0        0.23789        0.90903        0.96913
   847.0        0.23770        0.90919        0.96918
   848.0        0.23752        0.90935        0.96924
   849.0        0.23733        0.90950        0.96929
   850.0        0.23715        0.90966        0.96934
   851.0        0.23696        0.90982        0.96940
   852.0        0.23678        0.90998        0.96945
   853.0        0.23660        0.91014        0.96950
   854.0        0.23641        0.91029        0.96956
   855.0        0.23623        0.91045        0.96961
   856.0        0.23605        0.91061        0.96966
   857.0        0.23587        0.91076        0.96972
   858.0        0.23569        0.91092        0.96977
   859.0        0.23550        0.91107        0.96982
   860.0        0.23532        0.91123        0.96987
   861.0        0.23514        0.91138        0.96992
   862.0        0.23497        0.91154        0.96998
   863.0        0.23479        0.91169        0.97003
   864.0        0.23461        0.91184        0.97008
   865.0        0.23443        0.91199        0.97013
   866.0        0.23425        0.91215        0.97018
   867.0        0.23407        0.91230        0.97023
   868.0        0.23390        0.91245        0.97028
   869.0        0.23372        0.91260        0.97033
   870.0        0.23355        0.91275        0.97039
   871.0        0.23337        0.91290        0.97044
   872.0        0.23319        0.91305        0.97049
   873.0        0.23302        0.91320        0.97054
   874.0        0.23285        0.91335        0.97059
   875.0        0.23267        0.91350        0.97064
   876.0        0.23250        0.91364        0.97069
   877.0        0.23232        0.91379        0.97074
   878.0        0.23215        0.91394        0.97079
   879.0        0.23198        0.91409        0.97084
   880.0        0.23181        0.91423        0.97088
   881.0        0.23163        0.91438        0.97093
   882.0        0.23146        0.91453        0.97098
   883.0        0.23129        0.91467        0.97103
   884.0        0.23112        0.91482        0.97108
   885.0        0.23095        0.91496        0.97113
   886.0        0.23078        0.91510        0.97118
   887.0        0.23061        0.91525        0.97123
   888.0        0.23045        0.91539        0.97127
   889.0        0.23028        0.91553        0.97132
   890.0        0.23011        0.91568        0.97137
   891.0        0.22994        0.91582        0.97142
   892.0        0.22978        0.91596        0.97147
   893.0        0.22961        0.91610        0.97151
   894.0        0.22944        0.91624        0.97156
   895.0        0.22928        0.91638        0.97161
   896.0        0.22911        0.91652        0.97166
   897.0        0.22895        0.91666        0.97170
   898.0        0.22878        0.91680        0.97175
   899.0        0.22862        0.91694        0.97180
   900.0        0.22845        0.91708        0.97184
   901.0        0.22829        0.91722        0.97189
   902.0        0.22813        0.91735        0.97194
   903.0        0.22796        0.91749        0.97198
   904.0        0.22780        0.91763        0.97203
   905.0        0.22764        0.91776        0.97207
   906.0        0.22748        0.91790        0.97212
   907.0        0.22732        0.91804        0.97217
   908.0        0.22716        0.91817        0.97221
   909.0        0.22699        0.91830        0.97226
   910.0        0.22683        0.91844        0.97230
   911.0        0.22667        0.91857        0.97235
   912.0        0.22651        0.91871        0.97240
   913.0        0.22636        0.91884        0.97244
   914.0        0.22620        0.91897        0.97249
   915.0        0.22604        0.91911        0.97253
   916.0        0.22588        0.91924        0.97258
   917.0        0.22572        0.91937        0.97262
   918.0        0.22556        0.91950        0.97267
   919.0        0.22541        0.91963        0.97271
   920.0        0.22525        0.91977        0.97276
   921.0        0.22509        0.91990        0.97280
   922.0        0.22494        0.92003        0.97284
   923.0        0.22478        0.92016        0.97289
   924.0        0.22463        0.92029        0.97293
   925.0        0.22447        0.92042        0.97298
   926.0        0.22432        0.92055        0.97302
   927.0        0.22416        0.92067        0.97307
   928.0        0.22401        0.92080        0.97311
   929.0        0.22385        0.92093        0.97315
   930.0        0.22370        0.92106        0.97320
   931.0        0.22355        0.92119        0.97324
   932.0        0.22340        0.92131        0.97328
   933.0        0.22324        0.92144        0.97333
   934.0        0.22309        0.92157        0.97337
   935.0        0.22294        0.92169        0.97341
   936.0        0.22279        0.92182        0.97345
   937.0        0.22264        0.92195        0.97350
   938.0        0.22249        0.92207        0.97354
   939.0        0.22234        0.92220        0.97358
   940.0        0.22219        0.92232        0.97362
   941.0        0.22204        0.92244        0.97367
   942.0        0.22189        0.92257        0.97371
   943.0        0.22174        0.92269        0.97375
   944.0        0.22159        0.92282        0.97379
   945.0        0.22144        0.92294        0.97383
   946.0        0.22129        0.92306        0.97388
   947.0        0.22114        0.92318        0.97392
   948.0        0.22100        0.92331        0.97396
   949.0        0.22085        0.92343        0.97400
   950.0        0.22070        0.92355        0.97404
   951.0        0.22056        0.92367        0.97408
   952.0        0.22041        0.92379        0.97412
   953.0        0.22026        0.92391        0.97416
   954.0        0.22012        0.92403        0.97421
   955.0        0.21997        0.92415        0.97425
   956.0        0.21983        0.92427        0.97429
   957.0        0.21968        0.92439        0.97433
   958.0        0.21954        0.92451        0.97437
   959.0        0.21940        0.92463        0.97441
   960.0        0.21925        0.92475        0.97445
   961.0        0.21911        0.92487        0.97449
   962.0        0.21896        0.92499        0.97453
   963.0        0.21882        0.92511        0.97457
   964.0        0.21868        0.92522        0.97461
   965.0        0.21854        0.92534        0.97465
   966.0        0.21839        0.92546        0.97469
   967.0        0.21825        0.92557        0.97473
   968.0        0.21811        0.92569        0.97477
   969.0        0.21797        0.92581        0.97480
   970.0        0.21783        0.92592        0.97484
   971.0        0.21769        0.92604        0.97488
   972.0        0.21755        0.92615        0.97492
   973.0        0.21741        0.92627        0.97496
   974.0        0.21727        0.92638        0.97500
   975.0        0.21713        0.92650        0.97504
   976.0        0.21699        0.92661        0.97508
   977.0        0.21685        0.92673        0.97511
   978.0        0.21671        0.92684        0.97515
   979.0        0.21658        0.92695        0.97519
   980.0        0.21644        0.92707        0.97523
   981.0        0.21630        0.92718        0.97527
   982.0        0.21616        0.92729        0.97530
   983.0        0.21602        0.92740        0.97534
   984.0        0.21589        0.92752        0.97538
   985.0        0.21575        0.92763        0.97542
   986.0        0.21562        0.92774        0.97546
   987.0        0.21548        0.92785        0.97549
   988.0        0.21534        0.92796        0.97553
   989.0        0.21521        0.92807        0.97557
   990.0        0.21507        0.92818        0.97560
   991.0        0.21494        0.92829        0.97564
   992.0        0.21480        0.92840        0.97568
   993.0        0.21467        0.92851        0.97571
   994.0        0.21454        0.92862        0.97575
   995.0        0.21440        0.92873        0.97579
   996.0        0.21427        0.92884        0.97582
   997.0        0.21413        0.92895        0.97586
   998.0        0.21400        0.92905        0.97590
   999.0        0.21387        0.92916        0.97593
  1000.0        0.21374        0.92927        0.97597
