 iron                
 Density =    7.874000      Aeff =    55.84700      Zeff =    26.00000    
     1.0    71036.32813        0.00047        0.00206
     2.0    12749.06152        0.00245        0.00536
     3.0     4370.75977        0.00575        0.01006
     4.0     2007.22229        0.01005        0.01648
     5.0     1092.59460        0.01461        0.02534
     6.0      658.34961        0.01848        0.03865
     7.0      426.80753        0.01309        0.09489
     8.0     2382.00073        0.00478        0.05131
     9.0     1770.69641        0.00642        0.05565
    10.0     1338.60486        0.00805        0.06275
    11.0     1035.98462        0.00967        0.07095
    12.0      819.58368        0.01133        0.08014
    13.0      660.76636        0.01305        0.09007
    14.0      541.39288        0.01481        0.10012
    15.0      449.82303        0.01666        0.11022
    16.0      375.57300        0.01868        0.12092
    17.0      317.09366        0.02077        0.13205
    18.0      270.29352        0.02292        0.14311
    19.0      232.41411        0.02513        0.15439
    20.0      201.43230        0.02740        0.16608
    21.0      175.82980        0.02974        0.17800
    22.0      154.48003        0.03212        0.19036
    23.0      136.53085        0.03457        0.20296
    24.0      121.26746        0.03707        0.21561
    25.0      107.90179        0.03978        0.22788
    26.0       96.46630        0.04254        0.24040
    27.0       86.62467        0.04536        0.25315
    28.0       78.10960        0.04829        0.26584
    29.0       70.70012        0.05127        0.27876
    30.0       64.22431        0.05435        0.29164
    31.0       58.52283        0.05754        0.30425
    32.0       53.49543        0.06079        0.31629
    33.0       49.04667        0.06414        0.32818
    34.0       45.09500        0.06760        0.33992
    35.0       41.57213        0.07116        0.35156
    36.0       38.42091        0.07481        0.36312
    37.0       35.59370        0.07856        0.37451
    38.0       33.05014        0.08242        0.38573
    39.0       30.75485        0.08637        0.39682
    40.0       28.67699        0.09040        0.40792
    41.0       26.73969        0.09471        0.41884
    42.0       24.98026        0.09907        0.42916
    43.0       23.37887        0.10350        0.43926
    44.0       21.91890        0.10803        0.44921
    45.0       20.58531        0.11266        0.45898
    46.0       19.36452        0.11740        0.46855
    47.0       18.24495        0.12225        0.47793
    48.0       17.21618        0.12719        0.48713
    49.0       16.26920        0.13224        0.49615
    50.0       15.39597        0.13738        0.50498
    51.0       14.58749        0.14264        0.51363
    52.0       13.83964        0.14800        0.52211
    53.0       13.14678        0.15345        0.53043
    54.0       12.50401        0.15899        0.53859
    55.0       11.90685        0.16462        0.54658
    56.0       11.35129        0.17034        0.55440
    57.0       10.83313        0.17610        0.56189
    58.0       10.34840        0.18182        0.56911
    59.0        9.89567        0.18762        0.57617
    60.0        9.47233        0.19350        0.58309
    61.0        9.07615        0.19943        0.58986
    62.0        8.70484        0.20544        0.59649
    63.0        8.35644        0.21150        0.60297
    64.0        8.02913        0.21762        0.60936
    65.0        7.72133        0.22379        0.61562
    66.0        7.43167        0.23002        0.62176
    67.0        7.15882        0.23629        0.62776
    68.0        6.90156        0.24262        0.63364
    69.0        6.65878        0.24899        0.63939
    70.0        6.42939        0.25540        0.64505
    71.0        6.21250        0.26184        0.65061
    72.0        6.00731        0.26832        0.65605
    73.0        5.81302        0.27484        0.66138
    74.0        5.62891        0.28138        0.66661
    75.0        5.45423        0.28794        0.67176
    76.0        5.28849        0.29453        0.67679
    77.0        5.13108        0.30114        0.68173
    78.0        4.98144        0.30777        0.68657
    79.0        4.83910        0.31440        0.69134
    80.0        4.70366        0.32105        0.69601
    81.0        4.57316        0.32782        0.70058
    82.0        4.44887        0.33461        0.70505
    83.0        4.33018        0.34136        0.70938
    84.0        4.21638        0.34801        0.71350
    85.0        4.10778        0.35467        0.71754
    86.0        4.00400        0.36131        0.72154
    87.0        3.90485        0.36794        0.72545
    88.0        3.81007        0.37456        0.72929
    89.0        3.71939        0.38118        0.73305
    90.0        3.63264        0.38778        0.73674
    91.0        3.54956        0.39436        0.74035
    92.0        3.46999        0.40092        0.74390
    93.0        3.39368        0.40746        0.74739
    94.0        3.32050        0.41398        0.75081
    95.0        3.25030        0.42047        0.75416
    96.0        3.18293        0.42694        0.75745
    97.0        3.11823        0.43338        0.76068
    98.0        3.05606        0.43978        0.76385
    99.0        2.99628        0.44615        0.76698
   100.0        2.93881        0.45249        0.77004
   101.0        2.88278        0.45866        0.77293
   102.0        2.82883        0.46480        0.77576
   103.0        2.77688        0.47090        0.77854
   104.0        2.72685        0.47696        0.78127
   105.0        2.67861        0.48298        0.78395
   106.0        2.63207        0.48895        0.78661
   107.0        2.58716        0.49488        0.78922
   108.0        2.54383        0.50076        0.79179
   109.0        2.50201        0.50660        0.79431
   110.0        2.46163        0.51239        0.79679
   111.0        2.42263        0.51814        0.79922
   112.0        2.38494        0.52383        0.80160
   113.0        2.34849        0.52948        0.80396
   114.0        2.31322        0.53508        0.80629
   115.0        2.27911        0.54062        0.80857
   116.0        2.24610        0.54611        0.81082
   117.0        2.21416        0.55156        0.81303
   118.0        2.18322        0.55695        0.81520
   119.0        2.15327        0.56230        0.81733
   120.0        2.12426        0.56759        0.81943
   121.0        2.09613        0.57282        0.82149
   122.0        2.06887        0.57801        0.82351
   123.0        2.04240        0.58314        0.82552
   124.0        2.01674        0.58822        0.82749
   125.0        1.99185        0.59324        0.82943
   126.0        1.96768        0.59821        0.83134
   127.0        1.94423        0.60313        0.83322
   128.0        1.92145        0.60799        0.83506
   129.0        1.89934        0.61280        0.83687
   130.0        1.87785        0.61756        0.83866
   131.0        1.85696        0.62227        0.84041
   132.0        1.83666        0.62692        0.84214
   133.0        1.81691        0.63151        0.84385
   134.0        1.79770        0.63605        0.84553
   135.0        1.77902        0.64054        0.84718
   136.0        1.76084        0.64498        0.84881
   137.0        1.74315        0.64937        0.85041
   138.0        1.72593        0.65370        0.85199
   139.0        1.70916        0.65798        0.85354
   140.0        1.69283        0.66221        0.85506
   141.0        1.67692        0.66638        0.85656
   142.0        1.66143        0.67051        0.85804
   143.0        1.64632        0.67459        0.85950
   144.0        1.63160        0.67861        0.86093
   145.0        1.61725        0.68259        0.86234
   146.0        1.60326        0.68651        0.86373
   147.0        1.58961        0.69039        0.86510
   148.0        1.57628        0.69421        0.86645
   149.0        1.56328        0.69798        0.86778
   150.0        1.55059        0.70171        0.86910
   151.0        1.53821        0.70539        0.87039
   152.0        1.52578        0.70895        0.87162
   153.0        1.51351        0.71245        0.87282
   154.0        1.50153        0.71590        0.87401
   155.0        1.48982        0.71930        0.87517
   156.0        1.47837        0.72267        0.87632
   157.0        1.46718        0.72599        0.87746
   158.0        1.45624        0.72926        0.87858
   159.0        1.44554        0.73249        0.87968
   160.0        1.43506        0.73568        0.88076
   161.0        1.42481        0.73883        0.88184
   162.0        1.41477        0.74193        0.88290
   163.0        1.40495        0.74500        0.88395
   164.0        1.39533        0.74802        0.88498
   165.0        1.38591        0.75101        0.88599
   166.0        1.37669        0.75395        0.88700
   167.0        1.36766        0.75685        0.88799
   168.0        1.35882        0.75972        0.88896
   169.0        1.35015        0.76255        0.88993
   170.0        1.34165        0.76534        0.89088
   171.0        1.33332        0.76809        0.89181
   172.0        1.32516        0.77081        0.89274
   173.0        1.31715        0.77349        0.89365
   174.0        1.30930        0.77613        0.89456
   175.0        1.30161        0.77874        0.89545
   176.0        1.29405        0.78131        0.89633
   177.0        1.28665        0.78385        0.89720
   178.0        1.27938        0.78635        0.89805
   179.0        1.27225        0.78882        0.89890
   180.0        1.26525        0.79125        0.89973
   181.0        1.25838        0.79366        0.90056
   182.0        1.25164        0.79603        0.90137
   183.0        1.24501        0.79837        0.90218
   184.0        1.23850        0.80068        0.90297
   185.0        1.23212        0.80295        0.90376
   186.0        1.22585        0.80520        0.90453
   187.0        1.21976        0.80736        0.90530
   188.0        1.21380        0.80948        0.90605
   189.0        1.20794        0.81157        0.90680
   190.0        1.20218        0.81364        0.90754
   191.0        1.19651        0.81568        0.90826
   192.0        1.19094        0.81770        0.90898
   193.0        1.18546        0.81968        0.90970
   194.0        1.18007        0.82164        0.91040
   195.0        1.17477        0.82358        0.91109
   196.0        1.16956        0.82549        0.91178
   197.0        1.16442        0.82737        0.91246
   198.0        1.15937        0.82923        0.91313
   199.0        1.15440        0.83106        0.91379
   200.0        1.14951        0.83287        0.91445
   201.0        1.14470        0.83466        0.91509
   202.0        1.13997        0.83641        0.91573
   203.0        1.13530        0.83815        0.91637
   204.0        1.13072        0.83986        0.91699
   205.0        1.12620        0.84155        0.91761
   206.0        1.12175        0.84322        0.91822
   207.0        1.11737        0.84487        0.91882
   208.0        1.11305        0.84650        0.91942
   209.0        1.10880        0.84810        0.92001
   210.0        1.10460        0.84968        0.92059
   211.0        1.10047        0.85125        0.92116
   212.0        1.09640        0.85279        0.92174
   213.0        1.09238        0.85431        0.92230
   214.0        1.08839        0.85581        0.92286
   215.0        1.08425        0.85726        0.92339
   216.0        1.08018        0.85870        0.92392
   217.0        1.07616        0.86012        0.92444
   218.0        1.07220        0.86152        0.92495
   219.0        1.06828        0.86290        0.92546
   220.0        1.06442        0.86426        0.92597
   221.0        1.06061        0.86561        0.92647
   222.0        1.05686        0.86694        0.92696
   223.0        1.05314        0.86825        0.92745
   224.0        1.04948        0.86955        0.92794
   225.0        1.04587        0.87083        0.92841
   226.0        1.04230        0.87209        0.92889
   227.0        1.03878        0.87334        0.92936
   228.0        1.03530        0.87457        0.92982
   229.0        1.03187        0.87579        0.93028
   230.0        1.02848        0.87699        0.93074
   231.0        1.02513        0.87818        0.93119
   232.0        1.02182        0.87935        0.93163
   233.0        1.01855        0.88051        0.93207
   234.0        1.01533        0.88166        0.93251
   235.0        1.01214        0.88279        0.93294
   236.0        1.00899        0.88391        0.93337
   237.0        1.00588        0.88501        0.93379
   238.0        1.00280        0.88610        0.93421
   239.0        0.99976        0.88717        0.93463
   240.0        0.99676        0.88824        0.93504
   241.0        0.99379        0.88929        0.93545
   242.0        0.99086        0.89033        0.93585
   243.0        0.98796        0.89135        0.93625
   244.0        0.98509        0.89236        0.93665
   245.0        0.98225        0.89336        0.93704
   246.0        0.97945        0.89435        0.93743
   247.0        0.97668        0.89533        0.93781
   248.0        0.97394        0.89630        0.93819
   249.0        0.97123        0.89725        0.93857
   250.0        0.96855        0.89819        0.93894
   251.0        0.96590        0.89912        0.93931
   252.0        0.96328        0.90004        0.93968
   253.0        0.96069        0.90095        0.94004
   254.0        0.95812        0.90185        0.94040
   255.0        0.95558        0.90274        0.94076
   256.0        0.95307        0.90362        0.94111
   257.0        0.95059        0.90449        0.94146
   258.0        0.94813        0.90534        0.94180
   259.0        0.94570        0.90619        0.94215
   260.0        0.94329        0.90703        0.94249
   261.0        0.94090        0.90785        0.94283
   262.0        0.93855        0.90867        0.94316
   263.0        0.93621        0.90948        0.94349
   264.0        0.93390        0.91028        0.94382
   265.0        0.93161        0.91107        0.94414
   266.0        0.92935        0.91185        0.94446
   267.0        0.92710        0.91262        0.94478
   268.0        0.92488        0.91339        0.94510
   269.0        0.92269        0.91414        0.94541
   270.0        0.92051        0.91489        0.94572
   271.0        0.91835        0.91563        0.94603
   272.0        0.91622        0.91635        0.94634
   273.0        0.91411        0.91708        0.94664
   274.0        0.91201        0.91779        0.94694
   275.0        0.90994        0.91849        0.94723
   276.0        0.90788        0.91919        0.94753
   277.0        0.90585        0.91988        0.94782
   278.0        0.90383        0.92056        0.94811
   279.0        0.90183        0.92123        0.94840
   280.0        0.89985        0.92190        0.94868
   281.0        0.89789        0.92256        0.94896
   282.0        0.89595        0.92321        0.94924
   283.0        0.89402        0.92385        0.94952
   284.0        0.89211        0.92449        0.94979
   285.0        0.89022        0.92512        0.95007
   286.0        0.88835        0.92575        0.95034
   287.0        0.88649        0.92636        0.95060
   288.0        0.88465        0.92697        0.95087
   289.0        0.88283        0.92758        0.95113
   290.0        0.88102        0.92817        0.95139
   291.0        0.87922        0.92876        0.95165
   292.0        0.87745        0.92935        0.95191
   293.0        0.87568        0.92992        0.95216
   294.0        0.87394        0.93049        0.95242
   295.0        0.87220        0.93106        0.95267
   296.0        0.87049        0.93162        0.95292
   297.0        0.86878        0.93217        0.95316
   298.0        0.86709        0.93272        0.95341
   299.0        0.86542        0.93326        0.95365
   300.0        0.86376        0.93380        0.95389
   301.0        0.86214        0.93429        0.95413
   302.0        0.86054        0.93478        0.95436
   303.0        0.85895        0.93526        0.95460
   304.0        0.85737        0.93574        0.95483
   305.0        0.85581        0.93622        0.95506
   306.0        0.85425        0.93669        0.95529
   307.0        0.85271        0.93715        0.95552
   308.0        0.85118        0.93761        0.95574
   309.0        0.84967        0.93807        0.95597
   310.0        0.84816        0.93852        0.95619
   311.0        0.84667        0.93897        0.95641
   312.0        0.84518        0.93941        0.95663
   313.0        0.84371        0.93985        0.95684
   314.0        0.84225        0.94029        0.95706
   315.0        0.84073        0.94071        0.95727
   316.0        0.83917        0.94113        0.95747
   317.0        0.83762        0.94154        0.95768
   318.0        0.83607        0.94195        0.95788
   319.0        0.83454        0.94236        0.95808
   320.0        0.83302        0.94276        0.95828
   321.0        0.83152        0.94315        0.95847
   322.0        0.83002        0.94355        0.95867
   323.0        0.82853        0.94394        0.95887
   324.0        0.82705        0.94433        0.95906
   325.0        0.82559        0.94471        0.95925
   326.0        0.82413        0.94509        0.95944
   327.0        0.82268        0.94546        0.95963
   328.0        0.82125        0.94583        0.95981
   329.0        0.81982        0.94620        0.96000
   330.0        0.81840        0.94657        0.96018
   331.0        0.81699        0.94693        0.96037
   332.0        0.81560        0.94729        0.96055
   333.0        0.81421        0.94764        0.96073
   334.0        0.81283        0.94800        0.96091
   335.0        0.81145        0.94834        0.96109
   336.0        0.81009        0.94869        0.96126
   337.0        0.80874        0.94903        0.96144
   338.0        0.80739        0.94937        0.96161
   339.0        0.80606        0.94971        0.96179
   340.0        0.80473        0.95004        0.96196
   341.0        0.80341        0.95037        0.96213
   342.0        0.80210        0.95070        0.96230
   343.0        0.80080        0.95102        0.96247
   344.0        0.79951        0.95134        0.96263
   345.0        0.79822        0.95166        0.96280
   346.0        0.79695        0.95198        0.96296
   347.0        0.79568        0.95229        0.96312
   348.0        0.79441        0.95260        0.96329
   349.0        0.79316        0.95291        0.96345
   350.0        0.79192        0.95321        0.96361
   351.0        0.79068        0.95351        0.96377
   352.0        0.78945        0.95381        0.96392
   353.0        0.78823        0.95411        0.96408
   354.0        0.78701        0.95440        0.96424
   355.0        0.78580        0.95469        0.96439
   356.0        0.78460        0.95498        0.96454
   357.0        0.78341        0.95527        0.96470
   358.0        0.78222        0.95555        0.96485
   359.0        0.78104        0.95583        0.96500
   360.0        0.77987        0.95611        0.96515
   361.0        0.77870        0.95638        0.96529
   362.0        0.77754        0.95666        0.96544
   363.0        0.77639        0.95693        0.96559
   364.0        0.77525        0.95720        0.96573
   365.0        0.77411        0.95747        0.96588
   366.0        0.77297        0.95773        0.96602
   367.0        0.77185        0.95799        0.96616
   368.0        0.77073        0.95825        0.96630
   369.0        0.76962        0.95851        0.96644
   370.0        0.76851        0.95877        0.96658
   371.0        0.76741        0.95902        0.96672
   372.0        0.76632        0.95927        0.96686
   373.0        0.76523        0.95952        0.96700
   374.0        0.76415        0.95977        0.96713
   375.0        0.76307        0.96001        0.96727
   376.0        0.76200        0.96025        0.96740
   377.0        0.76094        0.96050        0.96753
   378.0        0.75988        0.96073        0.96767
   379.0        0.75883        0.96097        0.96780
   380.0        0.75778        0.96121        0.96793
   381.0        0.75674        0.96144        0.96806
   382.0        0.75571        0.96167        0.96819
   383.0        0.75468        0.96190        0.96831
   384.0        0.75365        0.96213        0.96844
   385.0        0.75263        0.96235        0.96857
   386.0        0.75162        0.96258        0.96869
   387.0        0.75061        0.96280        0.96882
   388.0        0.74961        0.96302        0.96894
   389.0        0.74861        0.96323        0.96907
   390.0        0.74762        0.96345        0.96919
   391.0        0.74663        0.96367        0.96931
   392.0        0.74565        0.96388        0.96943
   393.0        0.74467        0.96409        0.96955
   394.0        0.74370        0.96430        0.96967
   395.0        0.74274        0.96451        0.96979
   396.0        0.74177        0.96471        0.96991
   397.0        0.74082        0.96492        0.97002
   398.0        0.73987        0.96512        0.97014
   399.0        0.73892        0.96532        0.97026
   400.0        0.73798        0.96552        0.97037
   401.0        0.73704        0.96572        0.97049
   402.0        0.73611        0.96591        0.97060
   403.0        0.73518        0.96611        0.97071
   404.0        0.73426        0.96630        0.97082
   405.0        0.73334        0.96649        0.97094
   406.0        0.73243        0.96668        0.97105
   407.0        0.73152        0.96686        0.97116
   408.0        0.73062        0.96705        0.97127
   409.0        0.72972        0.96723        0.97137
   410.0        0.72882        0.96742        0.97148
   411.0        0.72793        0.96760        0.97159
   412.0        0.72704        0.96778        0.97170
   413.0        0.72616        0.96796        0.97180
   414.0        0.72528        0.96814        0.97191
   415.0        0.72441        0.96831        0.97201
   416.0        0.72354        0.96849        0.97212
   417.0        0.72267        0.96866        0.97222
   418.0        0.72181        0.96883        0.97232
   419.0        0.72095        0.96900        0.97243
   420.0        0.72010        0.96917        0.97253
   421.0        0.71925        0.96934        0.97263
   422.0        0.71840        0.96951        0.97273
   423.0        0.71756        0.96967        0.97283
   424.0        0.71672        0.96984        0.97293
   425.0        0.71589        0.97000        0.97303
   426.0        0.71506        0.97016        0.97313
   427.0        0.71423        0.97032        0.97323
   428.0        0.71341        0.97048        0.97332
   429.0        0.71259        0.97064        0.97342
   430.0        0.71177        0.97080        0.97352
   431.0        0.71096        0.97095        0.97361
   432.0        0.71015        0.97111        0.97371
   433.0        0.70935        0.97126        0.97380
   434.0        0.70855        0.97142        0.97389
   435.0        0.70775        0.97157        0.97399
   436.0        0.70696        0.97172        0.97408
   437.0        0.70617        0.97187        0.97417
   438.0        0.70538        0.97201        0.97426
   439.0        0.70460        0.97216        0.97436
   440.0        0.70382        0.97231        0.97445
   441.0        0.70304        0.97245        0.97454
   442.0        0.70228        0.97258        0.97463
   443.0        0.70151        0.97271        0.97472
   444.0        0.70076        0.97284        0.97480
   445.0        0.70000        0.97297        0.97489
   446.0        0.69925        0.97310        0.97498
   447.0        0.69850        0.97323        0.97507
   448.0        0.69776        0.97335        0.97515
   449.0        0.69702        0.97348        0.97524
   450.0        0.69628        0.97360        0.97533
   451.0        0.69554        0.97373        0.97541
   452.0        0.69481        0.97385        0.97550
   453.0        0.69408        0.97397        0.97558
   454.0        0.69335        0.97409        0.97567
   455.0        0.69263        0.97421        0.97575
   456.0        0.69191        0.97433        0.97583
   457.0        0.69119        0.97445        0.97591
   458.0        0.69047        0.97457        0.97600
   459.0        0.68976        0.97469        0.97608
   460.0        0.68905        0.97480        0.97616
   461.0        0.68834        0.97492        0.97624
   462.0        0.68764        0.97504        0.97632
   463.0        0.68694        0.97515        0.97640
   464.0        0.68624        0.97526        0.97648
   465.0        0.68554        0.97538        0.97656
   466.0        0.68485        0.97549        0.97664
   467.0        0.68416        0.97560        0.97672
   468.0        0.68347        0.97571        0.97679
   469.0        0.68279        0.97582        0.97687
   470.0        0.68211        0.97593        0.97695
   471.0        0.68143        0.97604        0.97702
   472.0        0.68075        0.97614        0.97710
   473.0        0.68008        0.97625        0.97718
   474.0        0.67940        0.97636        0.97725
   475.0        0.67874        0.97646        0.97733
   476.0        0.67802        0.97657        0.97740
   477.0        0.67729        0.97667        0.97747
   478.0        0.67656        0.97677        0.97754
   479.0        0.67583        0.97687        0.97761
   480.0        0.67510        0.97697        0.97768
   481.0        0.67438        0.97707        0.97775
   482.0        0.67366        0.97717        0.97782
   483.0        0.67294        0.97727        0.97789
   484.0        0.67223        0.97736        0.97796
   485.0        0.67152        0.97746        0.97803
   486.0        0.67081        0.97756        0.97810
   487.0        0.67010        0.97765        0.97817
   488.0        0.66940        0.97775        0.97824
   489.0        0.66869        0.97784        0.97830
   490.0        0.66800        0.97794        0.97837
   491.0        0.66730        0.97803        0.97844
   492.0        0.66660        0.97812        0.97850
   493.0        0.66591        0.97822        0.97857
   494.0        0.66522        0.97831        0.97864
   495.0        0.66454        0.97840        0.97870
   496.0        0.66385        0.97849        0.97877
   497.0        0.66317        0.97858        0.97883
   498.0        0.66249        0.97867        0.97890
   499.0        0.66182        0.97876        0.97896
   500.0        0.66114        0.97885        0.97902
   501.0        0.66047        0.97893        0.97909
   502.0        0.65980        0.97902        0.97915
   503.0        0.65914        0.97911        0.97921
   504.0        0.65847        0.97919        0.97928
   505.0        0.65781        0.97928        0.97934
   506.0        0.65715        0.97937        0.97940
   507.0        0.65649        0.97945        0.97946
   508.0        0.65584        0.97953        0.97952
   509.0        0.65518        0.97962        0.97958
   510.0        0.65453        0.97970        0.97964
   511.0        0.65388        0.97978        0.97971
   512.0        0.65324        0.97987        0.97977
   513.0        0.65259        0.97995        0.97983
   514.0        0.65195        0.98003        0.97989
   515.0        0.65131        0.98011        0.97994
   516.0        0.65068        0.98019        0.98000
   517.0        0.65004        0.98027        0.98006
   518.0        0.64941        0.98035        0.98012
   519.0        0.64878        0.98043        0.98018
   520.0        0.64815        0.98051        0.98024
   521.0        0.64752        0.98058        0.98030
   522.0        0.64690        0.98066        0.98035
   523.0        0.64627        0.98074        0.98041
   524.0        0.64565        0.98082        0.98047
   525.0        0.64504        0.98089        0.98052
   526.0        0.64442        0.98097        0.98058
   527.0        0.64381        0.98104        0.98064
   528.0        0.64319        0.98112        0.98069
   529.0        0.64258        0.98119        0.98075
   530.0        0.64198        0.98127        0.98080
   531.0        0.64137        0.98134        0.98086
   532.0        0.64077        0.98141        0.98091
   533.0        0.64016        0.98149        0.98097
   534.0        0.63956        0.98156        0.98102
   535.0        0.63897        0.98163        0.98108
   536.0        0.63837        0.98170        0.98113
   537.0        0.63778        0.98177        0.98118
   538.0        0.63718        0.98184        0.98124
   539.0        0.63659        0.98191        0.98129
   540.0        0.63601        0.98198        0.98134
   541.0        0.63542        0.98205        0.98139
   542.0        0.63484        0.98212        0.98145
   543.0        0.63425        0.98219        0.98150
   544.0        0.63367        0.98226        0.98155
   545.0        0.63309        0.98233        0.98160
   546.0        0.63252        0.98240        0.98165
   547.0        0.63194        0.98246        0.98170
   548.0        0.63137        0.98253        0.98176
   549.0        0.63080        0.98260        0.98181
   550.0        0.63023        0.98266        0.98186
   551.0        0.62966        0.98273        0.98191
   552.0        0.62909        0.98279        0.98196
   553.0        0.62853        0.98286        0.98201
   554.0        0.62797        0.98292        0.98206
   555.0        0.62741        0.98298        0.98211
   556.0        0.62685        0.98305        0.98215
   557.0        0.62629        0.98311        0.98220
   558.0        0.62573        0.98317        0.98225
   559.0        0.62518        0.98324        0.98230
   560.0        0.62463        0.98330        0.98235
   561.0        0.62408        0.98336        0.98240
   562.0        0.62353        0.98342        0.98244
   563.0        0.62298        0.98348        0.98249
   564.0        0.62244        0.98354        0.98254
   565.0        0.62189        0.98360        0.98259
   566.0        0.62135        0.98366        0.98263
   567.0        0.62081        0.98372        0.98268
   568.0        0.62027        0.98378        0.98273
   569.0        0.61974        0.98384        0.98277
   570.0        0.61920        0.98390        0.98282
   571.0        0.61867        0.98396        0.98287
   572.0        0.61814        0.98402        0.98291
   573.0        0.61760        0.98408        0.98296
   574.0        0.61708        0.98413        0.98300
   575.0        0.61655        0.98419        0.98305
   576.0        0.61602        0.98425        0.98309
   577.0        0.61550        0.98431        0.98314
   578.0        0.61497        0.98436        0.98318
   579.0        0.61445        0.98442        0.98323
   580.0        0.61393        0.98447        0.98327
   581.0        0.61342        0.98453        0.98331
   582.0        0.61290        0.98459        0.98336
   583.0        0.61238        0.98464        0.98340
   584.0        0.61187        0.98470        0.98345
   585.0        0.61136        0.98475        0.98349
   586.0        0.61085        0.98480        0.98353
   587.0        0.61034        0.98486        0.98357
   588.0        0.60983        0.98491        0.98362
   589.0        0.60932        0.98496        0.98366
   590.0        0.60882        0.98502        0.98370
   591.0        0.60832        0.98507        0.98374
   592.0        0.60782        0.98512        0.98379
   593.0        0.60732        0.98518        0.98383
   594.0        0.60682        0.98523        0.98387
   595.0        0.60632        0.98528        0.98391
   596.0        0.60582        0.98533        0.98395
   597.0        0.60533        0.98538        0.98399
   598.0        0.60484        0.98543        0.98404
   599.0        0.60434        0.98548        0.98408
   600.0        0.60385        0.98553        0.98412
   601.0        0.60337        0.98558        0.98416
   602.0        0.60288        0.98562        0.98420
   603.0        0.60240        0.98567        0.98424
   604.0        0.60192        0.98571        0.98428
   605.0        0.60144        0.98576        0.98432
   606.0        0.60096        0.98580        0.98436
   607.0        0.60048        0.98584        0.98440
   608.0        0.60000        0.98589        0.98444
   609.0        0.59953        0.98593        0.98447
   610.0        0.59905        0.98597        0.98451
   611.0        0.59858        0.98602        0.98455
   612.0        0.59811        0.98606        0.98459
   613.0        0.59764        0.98610        0.98463
   614.0        0.59717        0.98614        0.98467
   615.0        0.59670        0.98619        0.98471
   616.0        0.59623        0.98623        0.98474
   617.0        0.59577        0.98627        0.98478
   618.0        0.59531        0.98631        0.98482
   619.0        0.59484        0.98635        0.98486
   620.0        0.59438        0.98639        0.98490
   621.0        0.59392        0.98644        0.98493
   622.0        0.59346        0.98648        0.98497
   623.0        0.59300        0.98652        0.98501
   624.0        0.59255        0.98656        0.98504
   625.0        0.59209        0.98660        0.98508
   626.0        0.59164        0.98664        0.98512
   627.0        0.59119        0.98668        0.98515
   628.0        0.59073        0.98672        0.98519
   629.0        0.59028        0.98676        0.98523
   630.0        0.58983        0.98680        0.98526
   631.0        0.58939        0.98684        0.98530
   632.0        0.58894        0.98687        0.98533
   633.0        0.58849        0.98691        0.98537
   634.0        0.58805        0.98695        0.98540
   635.0        0.58760        0.98699        0.98544
   636.0        0.58716        0.98703        0.98547
   637.0        0.58672        0.98707        0.98551
   638.0        0.58628        0.98710        0.98554
   639.0        0.58584        0.98714        0.98558
   640.0        0.58540        0.98718        0.98561
   641.0        0.58497        0.98722        0.98565
   642.0        0.58453        0.98725        0.98568
   643.0        0.58410        0.98729        0.98572
   644.0        0.58366        0.98733        0.98575
   645.0        0.58323        0.98737        0.98578
   646.0        0.58280        0.98740        0.98582
   647.0        0.58237        0.98744        0.98585
   648.0        0.58194        0.98748        0.98589
   649.0        0.58151        0.98751        0.98592
   650.0        0.58109        0.98755        0.98595
   651.0        0.58066        0.98758        0.98598
   652.0        0.58024        0.98762        0.98602
   653.0        0.57981        0.98765        0.98605
   654.0        0.57939        0.98769        0.98608
   655.0        0.57897        0.98773        0.98612
   656.0        0.57855        0.98776        0.98615
   657.0        0.57813        0.98780        0.98618
   658.0        0.57771        0.98783        0.98621
   659.0        0.57729        0.98786        0.98625
   660.0        0.57688        0.98790        0.98628
   661.0        0.57646        0.98793        0.98631
   662.0        0.57605        0.98797        0.98634
   663.0        0.57563        0.98800        0.98637
   664.0        0.57522        0.98804        0.98640
   665.0        0.57481        0.98807        0.98644
   666.0        0.57440        0.98810        0.98647
   667.0        0.57399        0.98814        0.98650
   668.0        0.57358        0.98817        0.98653
   669.0        0.57317        0.98820        0.98656
   670.0        0.57277        0.98824        0.98659
   671.0        0.57236        0.98827        0.98662
   672.0        0.57196        0.98830        0.98665
   673.0        0.57156        0.98833        0.98668
   674.0        0.57115        0.98837        0.98671
   675.0        0.57075        0.98840        0.98674
   676.0        0.57035        0.98843        0.98677
   677.0        0.56995        0.98846        0.98680
   678.0        0.56955        0.98850        0.98683
   679.0        0.56916        0.98853        0.98686
   680.0        0.56876        0.98856        0.98689
   681.0        0.56836        0.98859        0.98692
   682.0        0.56797        0.98862        0.98695
   683.0        0.56758        0.98865        0.98698
   684.0        0.56718        0.98868        0.98701
   685.0        0.56679        0.98872        0.98704
   686.0        0.56640        0.98875        0.98707
   687.0        0.56601        0.98878        0.98710
   688.0        0.56562        0.98881        0.98713
   689.0        0.56523        0.98884        0.98716
   690.0        0.56485        0.98887        0.98718
   691.0        0.56446        0.98890        0.98721
   692.0        0.56407        0.98893        0.98724
   693.0        0.56369        0.98896        0.98727
   694.0        0.56331        0.98899        0.98730
   695.0        0.56292        0.98902        0.98733
   696.0        0.56254        0.98905        0.98735
   697.0        0.56216        0.98908        0.98738
   698.0        0.56178        0.98911        0.98741
   699.0        0.56140        0.98914        0.98744
   700.0        0.56102        0.98917        0.98746
   701.0        0.56065        0.98919        0.98749
   702.0        0.56027        0.98922        0.98752
   703.0        0.55989        0.98925        0.98755
   704.0        0.55952        0.98928        0.98757
   705.0        0.55915        0.98931        0.98760
   706.0        0.55877        0.98934        0.98763
   707.0        0.55840        0.98937        0.98766
   708.0        0.55803        0.98939        0.98768
   709.0        0.55766        0.98942        0.98771
   710.0        0.55729        0.98945        0.98774
   711.0        0.55692        0.98948        0.98776
   712.0        0.55655        0.98951        0.98779
   713.0        0.55618        0.98953        0.98782
   714.0        0.55582        0.98956        0.98784
   715.0        0.55545        0.98959        0.98787
   716.0        0.55509        0.98961        0.98789
   717.0        0.55472        0.98964        0.98792
   718.0        0.55436        0.98967        0.98795
   719.0        0.55400        0.98970        0.98797
   720.0        0.55364        0.98972        0.98800
   721.0        0.55328        0.98975        0.98802
   722.0        0.55292        0.98978        0.98805
   723.0        0.55256        0.98980        0.98807
   724.0        0.55220        0.98983        0.98810
   725.0        0.55184        0.98985        0.98812
   726.0        0.55149        0.98988        0.98815
   727.0        0.55113        0.98991        0.98817
   728.0        0.55077        0.98993        0.98820
   729.0        0.55042        0.98996        0.98822
   730.0        0.55007        0.98998        0.98825
   731.0        0.54971        0.99001        0.98827
   732.0        0.54936        0.99003        0.98830
   733.0        0.54901        0.99006        0.98832
   734.0        0.54866        0.99008        0.98835
   735.0        0.54831        0.99011        0.98837
   736.0        0.54796        0.99014        0.98840
   737.0        0.54761        0.99016        0.98842
   738.0        0.54727        0.99018        0.98845
   739.0        0.54692        0.99021        0.98847
   740.0        0.54657        0.99023        0.98849
   741.0        0.54623        0.99026        0.98852
   742.0        0.54589        0.99028        0.98854
   743.0        0.54554        0.99031        0.98857
   744.0        0.54520        0.99033        0.98859
   745.0        0.54486        0.99036        0.98861
   746.0        0.54452        0.99038        0.98864
   747.0        0.54418        0.99040        0.98866
   748.0        0.54384        0.99043        0.98868
   749.0        0.54350        0.99045        0.98871
   750.0        0.54316        0.99048        0.98873
   751.0        0.54282        0.99050        0.98875
   752.0        0.54248        0.99052        0.98878
   753.0        0.54215        0.99055        0.98880
   754.0        0.54181        0.99057        0.98882
   755.0        0.54148        0.99059        0.98884
   756.0        0.54114        0.99062        0.98887
   757.0        0.54081        0.99064        0.98889
   758.0        0.54048        0.99066        0.98891
   759.0        0.54014        0.99069        0.98894
   760.0        0.53981        0.99071        0.98896
   761.0        0.53948        0.99073        0.98898
   762.0        0.53915        0.99075        0.98900
   763.0        0.53882        0.99078        0.98902
   764.0        0.53849        0.99080        0.98905
   765.0        0.53816        0.99082        0.98907
   766.0        0.53784        0.99084        0.98909
   767.0        0.53751        0.99087        0.98911
   768.0        0.53719        0.99089        0.98913
   769.0        0.53686        0.99091        0.98916
   770.0        0.53654        0.99093        0.98918
   771.0        0.53621        0.99096        0.98920
   772.0        0.53589        0.99098        0.98922
   773.0        0.53557        0.99100        0.98924
   774.0        0.53524        0.99102        0.98926
   775.0        0.53492        0.99104        0.98929
   776.0        0.53460        0.99106        0.98931
   777.0        0.53428        0.99109        0.98933
   778.0        0.53396        0.99111        0.98935
   779.0        0.53364        0.99113        0.98937
   780.0        0.53333        0.99115        0.98939
   781.0        0.53299        0.99117        0.98941
   782.0        0.53265        0.99119        0.98943
   783.0        0.53230        0.99121        0.98945
   784.0        0.53196        0.99123        0.98947
   785.0        0.53162        0.99125        0.98949
   786.0        0.53128        0.99127        0.98951
   787.0        0.53094        0.99129        0.98953
   788.0        0.53060        0.99131        0.98955
   789.0        0.53026        0.99133        0.98957
   790.0        0.52992        0.99135        0.98959
   791.0        0.52958        0.99137        0.98961
   792.0        0.52924        0.99139        0.98963
   793.0        0.52891        0.99141        0.98965
   794.0        0.52857        0.99143        0.98967
   795.0        0.52823        0.99145        0.98969
   796.0        0.52790        0.99147        0.98971
   797.0        0.52757        0.99149        0.98973
   798.0        0.52723        0.99151        0.98975
   799.0        0.52690        0.99153        0.98977
   800.0        0.52657        0.99155        0.98979
   801.0        0.52624        0.99157        0.98981
   802.0        0.52591        0.99158        0.98983
   803.0        0.52558        0.99160        0.98985
   804.0        0.52525        0.99162        0.98986
   805.0        0.52492        0.99164        0.98988
   806.0        0.52460        0.99165        0.98990
   807.0        0.52427        0.99167        0.98992
   808.0        0.52394        0.99169        0.98994
   809.0        0.52362        0.99170        0.98996
   810.0        0.52329        0.99172        0.98998
   811.0        0.52297        0.99174        0.99000
   812.0        0.52265        0.99175        0.99001
   813.0        0.52232        0.99177        0.99003
   814.0        0.52200        0.99179        0.99005
   815.0        0.52168        0.99180        0.99007
   816.0        0.52136        0.99182        0.99009
   817.0        0.52104        0.99184        0.99011
   818.0        0.52072        0.99185        0.99012
   819.0        0.52040        0.99187        0.99014
   820.0        0.52008        0.99188        0.99016
   821.0        0.51977        0.99190        0.99018
   822.0        0.51945        0.99192        0.99020
   823.0        0.51913        0.99193        0.99021
   824.0        0.51882        0.99195        0.99023
   825.0        0.51850        0.99196        0.99025
   826.0        0.51819        0.99198        0.99027
   827.0        0.51787        0.99200        0.99029
   828.0        0.51756        0.99201        0.99030
   829.0        0.51725        0.99203        0.99032
   830.0        0.51694        0.99204        0.99034
   831.0        0.51662        0.99206        0.99036
   832.0        0.51631        0.99207        0.99037
   833.0        0.51600        0.99209        0.99039
   834.0        0.51569        0.99211        0.99041
   835.0        0.51538        0.99212        0.99043
   836.0        0.51508        0.99214        0.99044
   837.0        0.51477        0.99215        0.99046
   838.0        0.51446        0.99217        0.99048
   839.0        0.51415        0.99218        0.99049
   840.0        0.51385        0.99220        0.99051
   841.0        0.51354        0.99221        0.99053
   842.0        0.51324        0.99223        0.99055
   843.0        0.51293        0.99224        0.99056
   844.0        0.51263        0.99226        0.99058
   845.0        0.51233        0.99227        0.99060
   846.0        0.51202        0.99229        0.99061
   847.0        0.51172        0.99230        0.99063
   848.0        0.51142        0.99232        0.99065
   849.0        0.51112        0.99233        0.99066
   850.0        0.51082        0.99235        0.99068
   851.0        0.51052        0.99236        0.99070
   852.0        0.51022        0.99238        0.99071
   853.0        0.50992        0.99239        0.99073
   854.0        0.50962        0.99241        0.99074
   855.0        0.50932        0.99242        0.99076
   856.0        0.50903        0.99243        0.99078
   857.0        0.50873        0.99245        0.99079
   858.0        0.50843        0.99246        0.99081
   859.0        0.50814        0.99248        0.99083
   860.0        0.50784        0.99249        0.99084
   861.0        0.50755        0.99251        0.99086
   862.0        0.50725        0.99252        0.99087
   863.0        0.50696        0.99253        0.99089
   864.0        0.50667        0.99255        0.99091
   865.0        0.50637        0.99256        0.99092
   866.0        0.50608        0.99258        0.99094
   867.0        0.50579        0.99259        0.99095
   868.0        0.50550        0.99261        0.99097
   869.0        0.50521        0.99262        0.99098
   870.0        0.50492        0.99263        0.99100
   871.0        0.50463        0.99265        0.99102
   872.0        0.50434        0.99266        0.99103
   873.0        0.50406        0.99267        0.99105
   874.0        0.50377        0.99269        0.99106
   875.0        0.50348        0.99270        0.99108
   876.0        0.50319        0.99272        0.99109
   877.0        0.50291        0.99273        0.99111
   878.0        0.50262        0.99274        0.99112
   879.0        0.50234        0.99276        0.99114
   880.0        0.50205        0.99277        0.99115
   881.0        0.50177        0.99278        0.99117
   882.0        0.50149        0.99280        0.99118
   883.0        0.50120        0.99281        0.99120
   884.0        0.50092        0.99282        0.99121
   885.0        0.50064        0.99284        0.99123
   886.0        0.50036        0.99285        0.99124
   887.0        0.50008        0.99286        0.99126
   888.0        0.49980        0.99288        0.99127
   889.0        0.49952        0.99289        0.99129
   890.0        0.49924        0.99290        0.99130
   891.0        0.49896        0.99291        0.99132
   892.0        0.49868        0.99293        0.99133
   893.0        0.49840        0.99294        0.99135
   894.0        0.49812        0.99295        0.99136
   895.0        0.49785        0.99297        0.99138
   896.0        0.49757        0.99298        0.99139
   897.0        0.49729        0.99299        0.99141
   898.0        0.49702        0.99300        0.99142
   899.0        0.49674        0.99302        0.99143
   900.0        0.49647        0.99303        0.99145
   901.0        0.49620        0.99304        0.99146
   902.0        0.49592        0.99305        0.99148
   903.0        0.49565        0.99307        0.99149
   904.0        0.49538        0.99308        0.99151
   905.0        0.49510        0.99309        0.99152
   906.0        0.49483        0.99310        0.99153
   907.0        0.49456        0.99312        0.99155
   908.0        0.49429        0.99313        0.99156
   909.0        0.49402        0.99314        0.99158
   910.0        0.49375        0.99315        0.99159
   911.0        0.49348        0.99317        0.99160
   912.0        0.49321        0.99318        0.99162
   913.0        0.49294        0.99319        0.99163
   914.0        0.49268        0.99320        0.99165
   915.0        0.49241        0.99321        0.99166
   916.0        0.49214        0.99323        0.99167
   917.0        0.49187        0.99324        0.99169
   918.0        0.49161        0.99325        0.99170
   919.0        0.49134        0.99326        0.99171
   920.0        0.49108        0.99327        0.99173
   921.0        0.49081        0.99329        0.99174
   922.0        0.49055        0.99330        0.99175
   923.0        0.49028        0.99331        0.99177
   924.0        0.49002        0.99332        0.99178
   925.0        0.48976        0.99333        0.99179
   926.0        0.48950        0.99335        0.99181
   927.0        0.48923        0.99336        0.99182
   928.0        0.48897        0.99337        0.99183
   929.0        0.48871        0.99338        0.99185
   930.0        0.48845        0.99339        0.99186
   931.0        0.48819        0.99340        0.99187
   932.0        0.48793        0.99341        0.99189
   933.0        0.48767        0.99343        0.99190
   934.0        0.48741        0.99344        0.99191
   935.0        0.48715        0.99345        0.99193
   936.0        0.48689        0.99346        0.99194
   937.0        0.48664        0.99347        0.99195
   938.0        0.48638        0.99348        0.99197
   939.0        0.48612        0.99349        0.99198
   940.0        0.48587        0.99351        0.99199
   941.0        0.48561        0.99352        0.99200
   942.0        0.48536        0.99353        0.99202
   943.0        0.48510        0.99354        0.99203
   944.0        0.48485        0.99355        0.99204
   945.0        0.48459        0.99356        0.99206
   946.0        0.48434        0.99357        0.99207
   947.0        0.48408        0.99358        0.99208
   948.0        0.48383        0.99360        0.99209
   949.0        0.48358        0.99361        0.99211
   950.0        0.48333        0.99362        0.99212
   951.0        0.48307        0.99363        0.99213
   952.0        0.48282        0.99364        0.99214
   953.0        0.48257        0.99365        0.99216
   954.0        0.48232        0.99366        0.99217
   955.0        0.48207        0.99367        0.99218
   956.0        0.48182        0.99368        0.99219
   957.0        0.48157        0.99369        0.99221
   958.0        0.48132        0.99370        0.99222
   959.0        0.48107        0.99371        0.99223
   960.0        0.48083        0.99373        0.99224
   961.0        0.48058        0.99374        0.99225
   962.0        0.48033        0.99375        0.99227
   963.0        0.48008        0.99376        0.99228
   964.0        0.47984        0.99377        0.99229
   965.0        0.47959        0.99378        0.99230
   966.0        0.47935        0.99379        0.99231
   967.0        0.47910        0.99380        0.99233
   968.0        0.47886        0.99381        0.99234
   969.0        0.47861        0.99382        0.99235
   970.0        0.47837        0.99383        0.99236
   971.0        0.47812        0.99384        0.99237
   972.0        0.47788        0.99385        0.99239
   973.0        0.47764        0.99386        0.99240
   974.0        0.47739        0.99387        0.99241
   975.0        0.47715        0.99388        0.99242
   976.0        0.47691        0.99389        0.99243
   977.0        0.47667        0.99390        0.99245
   978.0        0.47643        0.99391        0.99246
   979.0        0.47619        0.99392        0.99247
   980.0        0.47595        0.99393        0.99248
   981.0        0.47571        0.99394        0.99249
   982.0        0.47547        0.99395        0.99250
   983.0        0.47523        0.99396        0.99251
   984.0        0.47499        0.99397        0.99253
   985.0        0.47475        0.99398        0.99254
   986.0        0.47451        0.99399        0.99255
   987.0        0.47428        0.99400        0.99256
   988.0        0.47404        0.99401        0.99257
   989.0        0.47380        0.99402        0.99258
   990.0        0.47357        0.99403        0.99259
   991.0        0.47333        0.99404        0.99261
   992.0        0.47309        0.99405        0.99262
   993.0        0.47286        0.99406        0.99263
   994.0        0.47262        0.99407        0.99264
   995.0        0.47239        0.99408        0.99265
   996.0        0.47216        0.99409        0.99266
   997.0        0.47192        0.99410        0.99267
   998.0        0.47169        0.99411        0.99268
   999.0        0.47145        0.99412        0.99270
  1000.0        0.47122        0.99413        0.99271
