 LaBr3               
 Density =    5.290000      Aeff =    100.6652      Zeff =    43.07136    
     1.0    26338.64844        0.00065        0.00180
     2.0    16137.06641        0.00164        0.00303
     3.0     5893.61523        0.00416        0.00524
     4.0     2806.15063        0.00721        0.00847
     5.0     1564.94958        0.01011        0.01322
     6.0     1871.31042        0.00796        0.01629
     7.0     1387.46582        0.01142        0.01715
     8.0      983.97974        0.01481        0.02049
     9.0      720.05231        0.01820        0.02467
    10.0      543.31927        0.02142        0.02982
    11.0      420.83853        0.02445        0.03568
    12.0      333.23410        0.02697        0.04299
    13.0      268.40067        0.02805        0.05379
    14.0      600.71478        0.01284        0.05467
    15.0      502.14120        0.01540        0.05654
    16.0      424.17279        0.01749        0.06087
    17.0      362.00137        0.01945        0.06608
    18.0      311.76987        0.02134        0.07173
    19.0      270.71167        0.02322        0.07772
    20.0      236.72943        0.02509        0.08401
    21.0      207.38493        0.02707        0.09060
    22.0      182.81554        0.02905        0.09737
    23.0      162.04247        0.03099        0.10444
    24.0      144.38156        0.03294        0.11180
    25.0      129.28598        0.03487        0.11949
    26.0      116.27802        0.03681        0.12744
    27.0      104.98135        0.03868        0.13578
    28.0       95.14656        0.04059        0.14424
    29.0       86.53819        0.04252        0.15291
    30.0       78.95128        0.04439        0.16213
    31.0       72.05336        0.04643        0.17146
    32.0       65.94790        0.04838        0.18115
    33.0       60.52842        0.05032        0.19094
    34.0       55.69446        0.05217        0.20139
    35.0       51.36177        0.05389        0.21267
    36.0       47.46606        0.05548        0.22483
    37.0       43.94676        0.05660        0.23920
    38.0       40.74135        0.05691        0.25778
    39.0       81.21407        0.02703        0.27352
    40.0       76.16517        0.03166        0.25008
    41.0       71.39497        0.03404        0.24912
    42.0       67.00775        0.03607        0.25153
    43.0       62.97688        0.03794        0.25515
    44.0       59.27018        0.03969        0.25978
    45.0       55.85926        0.04144        0.26471
    46.0       52.71057        0.04314        0.27008
    47.0       49.80168        0.04481        0.27587
    48.0       47.11104        0.04647        0.28189
    49.0       44.61894        0.04813        0.28802
    50.0       42.30823        0.04982        0.29409
    51.0       40.13561        0.05156        0.30022
    52.0       38.11405        0.05327        0.30659
    53.0       36.23115        0.05496        0.31277
    54.0       34.47625        0.05668        0.31886
    55.0       32.83870        0.05843        0.32489
    56.0       31.30657        0.06015        0.33120
    57.0       29.87282        0.06189        0.33749
    58.0       28.53076        0.06368        0.34358
    59.0       27.27231        0.06549        0.34963
    60.0       26.09066        0.06732        0.35567
    61.0       24.95246        0.06923        0.36176
    62.0       23.88187        0.07113        0.36802
    63.0       22.87327        0.07300        0.37457
    64.0       21.92498        0.07495        0.38075
    65.0       21.03125        0.07692        0.38688
    66.0       20.18798        0.07892        0.39287
    67.0       19.39175        0.08094        0.39877
    68.0       18.63854        0.08295        0.40482
    69.0       17.92543        0.08495        0.41100
    70.0       17.25029        0.08700        0.41700
    71.0       16.61054        0.08907        0.42294
    72.0       16.00408        0.09117        0.42883
    73.0       15.42826        0.09328        0.43450
    74.0       14.88153        0.09540        0.44006
    75.0       14.36179        0.09754        0.44564
    76.0       13.86750        0.09968        0.45122
    77.0       13.39715        0.10185        0.45674
    78.0       12.94928        0.10404        0.46225
    79.0       12.52259        0.10625        0.46769
    80.0       12.11587        0.10848        0.47307
    81.0       11.72803        0.11074        0.47839
    82.0       11.35787        0.11301        0.48365
    83.0       11.00438        0.11532        0.48886
    84.0       10.66665        0.11764        0.49400
    85.0       10.34375        0.11999        0.49908
    86.0       10.03473        0.12235        0.50418
    87.0        9.73889        0.12472        0.50921
    88.0        9.45553        0.12710        0.51414
    89.0        9.18406        0.12951        0.51901
    90.0        8.92387        0.13194        0.52383
    91.0        8.67436        0.13439        0.52858
    92.0        8.43499        0.13686        0.53328
    93.0        8.20524        0.13935        0.53792
    94.0        7.98459        0.14186        0.54251
    95.0        7.77263        0.14439        0.54705
    96.0        7.56891        0.14695        0.55153
    97.0        7.37304        0.14952        0.55595
    98.0        7.18463        0.15211        0.56033
    99.0        7.00330        0.15472        0.56466
   100.0        6.82873        0.15735        0.56895
   101.0        6.65711        0.16000        0.57298
   102.0        6.49185        0.16267        0.57697
   103.0        6.33260        0.16535        0.58093
   104.0        6.17914        0.16805        0.58484
   105.0        6.03119        0.17077        0.58870
   106.0        5.88851        0.17351        0.59251
   107.0        5.75083        0.17626        0.59630
   108.0        5.61791        0.17902        0.60006
   109.0        5.48960        0.18180        0.60377
   110.0        5.36569        0.18459        0.60744
   111.0        5.24599        0.18740        0.61106
   112.0        5.13031        0.19022        0.61464
   113.0        5.01849        0.19306        0.61817
   114.0        4.91037        0.19591        0.62167
   115.0        4.80573        0.19877        0.62515
   116.0        4.70448        0.20164        0.62861
   117.0        4.60648        0.20452        0.63202
   118.0        4.51160        0.20742        0.63539
   119.0        4.41974        0.21033        0.63872
   120.0        4.33074        0.21325        0.64201
   121.0        4.24452        0.21619        0.64526
   122.0        4.16096        0.21914        0.64847
   123.0        4.07991        0.22210        0.65165
   124.0        4.00128        0.22507        0.65479
   125.0        3.92502        0.22805        0.65790
   126.0        3.85101        0.23104        0.66098
   127.0        3.77919        0.23404        0.66402
   128.0        3.70949        0.23705        0.66703
   129.0        3.64182        0.24008        0.67000
   130.0        3.57611        0.24311        0.67293
   131.0        3.51228        0.24615        0.67583
   132.0        3.45026        0.24920        0.67870
   133.0        3.38998        0.25225        0.68154
   134.0        3.33140        0.25532        0.68434
   135.0        3.27443        0.25839        0.68712
   136.0        3.21905        0.26146        0.68986
   137.0        3.16520        0.26455        0.69257
   138.0        3.11281        0.26764        0.69525
   139.0        3.06183        0.27073        0.69790
   140.0        3.01223        0.27383        0.70051
   141.0        2.96394        0.27694        0.70309
   142.0        2.91693        0.28006        0.70565
   143.0        2.87114        0.28317        0.70818
   144.0        2.82654        0.28629        0.71068
   145.0        2.78309        0.28942        0.71315
   146.0        2.74076        0.29255        0.71559
   147.0        2.69950        0.29569        0.71800
   148.0        2.65928        0.29883        0.72038
   149.0        2.62008        0.30197        0.72273
   150.0        2.58185        0.30512        0.72506
   151.0        2.54457        0.30827        0.72736
   152.0        2.50799        0.31135        0.72955
   153.0        2.47220        0.31442        0.73170
   154.0        2.43728        0.31748        0.73382
   155.0        2.40320        0.32055        0.73591
   156.0        2.36993        0.32362        0.73798
   157.0        2.33744        0.32669        0.74003
   158.0        2.30572        0.32975        0.74206
   159.0        2.27474        0.33282        0.74406
   160.0        2.24446        0.33589        0.74604
   161.0        2.21490        0.33895        0.74801
   162.0        2.18599        0.34202        0.74995
   163.0        2.15774        0.34508        0.75187
   164.0        2.13014        0.34814        0.75376
   165.0        2.10315        0.35120        0.75564
   166.0        2.07676        0.35425        0.75750
   167.0        2.05096        0.35731        0.75933
   168.0        2.02571        0.36036        0.76115
   169.0        2.00103        0.36341        0.76294
   170.0        1.97688        0.36646        0.76472
   171.0        1.95325        0.36950        0.76647
   172.0        1.93012        0.37253        0.76821
   173.0        1.90749        0.37557        0.76994
   174.0        1.88533        0.37859        0.77165
   175.0        1.86365        0.38161        0.77334
   176.0        1.84242        0.38463        0.77501
   177.0        1.82163        0.38764        0.77667
   178.0        1.80127        0.39065        0.77831
   179.0        1.78133        0.39365        0.77993
   180.0        1.76180        0.39665        0.78153
   181.0        1.74266        0.39964        0.78311
   182.0        1.72391        0.40262        0.78468
   183.0        1.70553        0.40560        0.78623
   184.0        1.68753        0.40858        0.78777
   185.0        1.66987        0.41155        0.78929
   186.0        1.65256        0.41451        0.79079
   187.0        1.63559        0.41746        0.79228
   188.0        1.61895        0.42041        0.79376
   189.0        1.60263        0.42335        0.79522
   190.0        1.58663        0.42628        0.79666
   191.0        1.57093        0.42921        0.79809
   192.0        1.55553        0.43213        0.79951
   193.0        1.54042        0.43504        0.80091
   194.0        1.52560        0.43794        0.80230
   195.0        1.51105        0.44083        0.80367
   196.0        1.49677        0.44372        0.80503
   197.0        1.48275        0.44660        0.80638
   198.0        1.46899        0.44947        0.80771
   199.0        1.45548        0.45233        0.80904
   200.0        1.44222        0.45518        0.81034
   201.0        1.42943        0.45795        0.81164
   202.0        1.41687        0.46071        0.81292
   203.0        1.40453        0.46346        0.81419
   204.0        1.39241        0.46620        0.81545
   205.0        1.38049        0.46894        0.81670
   206.0        1.36879        0.47166        0.81793
   207.0        1.35728        0.47438        0.81915
   208.0        1.34598        0.47709        0.82036
   209.0        1.33486        0.47978        0.82155
   210.0        1.32394        0.48247        0.82274
   211.0        1.31320        0.48515        0.82391
   212.0        1.30263        0.48782        0.82508
   213.0        1.29225        0.49047        0.82623
   214.0        1.28201        0.49311        0.82736
   215.0        1.27180        0.49569        0.82845
   216.0        1.26177        0.49826        0.82953
   217.0        1.25190        0.50081        0.83060
   218.0        1.24218        0.50336        0.83166
   219.0        1.23262        0.50590        0.83270
   220.0        1.22322        0.50842        0.83374
   221.0        1.21396        0.51094        0.83477
   222.0        1.20486        0.51345        0.83579
   223.0        1.19589        0.51595        0.83680
   224.0        1.18707        0.51843        0.83780
   225.0        1.17838        0.52091        0.83879
   226.0        1.16983        0.52337        0.83977
   227.0        1.16140        0.52583        0.84074
   228.0        1.15311        0.52827        0.84171
   229.0        1.14494        0.53071        0.84267
   230.0        1.13690        0.53313        0.84361
   231.0        1.12899        0.53554        0.84455
   232.0        1.12119        0.53795        0.84548
   233.0        1.11351        0.54033        0.84641
   234.0        1.10594        0.54271        0.84732
   235.0        1.09849        0.54508        0.84823
   236.0        1.09114        0.54744        0.84912
   237.0        1.08390        0.54979        0.85001
   238.0        1.07677        0.55213        0.85090
   239.0        1.06975        0.55445        0.85177
   240.0        1.06282        0.55677        0.85264
   241.0        1.05599        0.55907        0.85350
   242.0        1.04926        0.56137        0.85435
   243.0        1.04263        0.56365        0.85520
   244.0        1.03608        0.56593        0.85603
   245.0        1.02964        0.56819        0.85686
   246.0        1.02328        0.57044        0.85769
   247.0        1.01701        0.57268        0.85850
   248.0        1.01083        0.57491        0.85931
   249.0        1.00473        0.57713        0.86011
   250.0        0.99872        0.57934        0.86091
   251.0        0.99279        0.58154        0.86170
   252.0        0.98694        0.58372        0.86248
   253.0        0.98118        0.58590        0.86325
   254.0        0.97549        0.58806        0.86402
   255.0        0.96987        0.59021        0.86478
   256.0        0.96434        0.59236        0.86554
   257.0        0.95888        0.59449        0.86629
   258.0        0.95349        0.59661        0.86703
   259.0        0.94818        0.59872        0.86776
   260.0        0.94294        0.60081        0.86849
   261.0        0.93776        0.60289        0.86922
   262.0        0.93266        0.60497        0.86993
   263.0        0.92762        0.60703        0.87064
   264.0        0.92265        0.60908        0.87135
   265.0        0.91774        0.61112        0.87205
   266.0        0.91289        0.61315        0.87274
   267.0        0.90810        0.61517        0.87343
   268.0        0.90338        0.61718        0.87412
   269.0        0.89871        0.61918        0.87480
   270.0        0.89410        0.62117        0.87547
   271.0        0.88955        0.62315        0.87614
   272.0        0.88506        0.62512        0.87680
   273.0        0.88062        0.62707        0.87746
   274.0        0.87624        0.62902        0.87811
   275.0        0.87191        0.63095        0.87876
   276.0        0.86763        0.63288        0.87940
   277.0        0.86341        0.63480        0.88004
   278.0        0.85923        0.63670        0.88067
   279.0        0.85511        0.63860        0.88129
   280.0        0.85104        0.64048        0.88191
   281.0        0.84702        0.64235        0.88253
   282.0        0.84304        0.64422        0.88314
   283.0        0.83911        0.64607        0.88375
   284.0        0.83523        0.64792        0.88435
   285.0        0.83139        0.64975        0.88494
   286.0        0.82760        0.65157        0.88553
   287.0        0.82385        0.65339        0.88612
   288.0        0.82015        0.65519        0.88671
   289.0        0.81649        0.65699        0.88729
   290.0        0.81287        0.65877        0.88786
   291.0        0.80929        0.66054        0.88843
   292.0        0.80575        0.66231        0.88899
   293.0        0.80226        0.66406        0.88956
   294.0        0.79880        0.66581        0.89011
   295.0        0.79538        0.66754        0.89066
   296.0        0.79200        0.66926        0.89121
   297.0        0.78866        0.67098        0.89176
   298.0        0.78536        0.67269        0.89229
   299.0        0.78209        0.67438        0.89283
   300.0        0.77886        0.67607        0.89336
   301.0        0.77569        0.67772        0.89389
   302.0        0.77255        0.67936        0.89441
   303.0        0.76945        0.68100        0.89493
   304.0        0.76639        0.68262        0.89545
   305.0        0.76335        0.68424        0.89596
   306.0        0.76035        0.68585        0.89647
   307.0        0.75738        0.68744        0.89697
   308.0        0.75444        0.68903        0.89747
   309.0        0.75153        0.69061        0.89797
   310.0        0.74866        0.69218        0.89846
   311.0        0.74581        0.69374        0.89895
   312.0        0.74299        0.69530        0.89944
   313.0        0.74021        0.69684        0.89992
   314.0        0.73745        0.69838        0.90040
   315.0        0.73467        0.69988        0.90087
   316.0        0.73189        0.70137        0.90132
   317.0        0.72913        0.70284        0.90178
   318.0        0.72640        0.70431        0.90223
   319.0        0.72370        0.70577        0.90267
   320.0        0.72102        0.70722        0.90311
   321.0        0.71837        0.70866        0.90355
   322.0        0.71575        0.71010        0.90399
   323.0        0.71315        0.71152        0.90442
   324.0        0.71058        0.71294        0.90485
   325.0        0.70804        0.71435        0.90528
   326.0        0.70552        0.71575        0.90571
   327.0        0.70302        0.71714        0.90613
   328.0        0.70055        0.71852        0.90655
   329.0        0.69810        0.71990        0.90696
   330.0        0.69568        0.72127        0.90737
   331.0        0.69327        0.72263        0.90778
   332.0        0.69090        0.72398        0.90819
   333.0        0.68854        0.72533        0.90860
   334.0        0.68620        0.72666        0.90900
   335.0        0.68389        0.72799        0.90940
   336.0        0.68160        0.72932        0.90979
   337.0        0.67933        0.73063        0.91019
   338.0        0.67708        0.73194        0.91058
   339.0        0.67486        0.73324        0.91096
   340.0        0.67265        0.73453        0.91135
   341.0        0.67046        0.73581        0.91173
   342.0        0.66830        0.73709        0.91211
   343.0        0.66615        0.73836        0.91249
   344.0        0.66403        0.73962        0.91287
   345.0        0.66192        0.74087        0.91324
   346.0        0.65984        0.74211        0.91361
   347.0        0.65780        0.74332        0.91398
   348.0        0.65580        0.74449        0.91434
   349.0        0.65382        0.74565        0.91470
   350.0        0.65186        0.74681        0.91506
   351.0        0.64991        0.74796        0.91542
   352.0        0.64798        0.74911        0.91578
   353.0        0.64607        0.75025        0.91613
   354.0        0.64417        0.75138        0.91648
   355.0        0.64229        0.75250        0.91683
   356.0        0.64043        0.75362        0.91718
   357.0        0.63858        0.75474        0.91752
   358.0        0.63675        0.75585        0.91786
   359.0        0.63493        0.75695        0.91820
   360.0        0.63312        0.75804        0.91854
   361.0        0.63134        0.75913        0.91888
   362.0        0.62956        0.76021        0.91921
   363.0        0.62780        0.76129        0.91954
   364.0        0.62606        0.76236        0.91987
   365.0        0.62433        0.76342        0.92019
   366.0        0.62261        0.76448        0.92052
   367.0        0.62091        0.76553        0.92084
   368.0        0.61922        0.76658        0.92116
   369.0        0.61755        0.76762        0.92148
   370.0        0.61589        0.76866        0.92180
   371.0        0.61424        0.76969        0.92211
   372.0        0.61260        0.77071        0.92242
   373.0        0.61098        0.77173        0.92273
   374.0        0.60937        0.77274        0.92304
   375.0        0.60777        0.77375        0.92335
   376.0        0.60619        0.77475        0.92365
   377.0        0.60462        0.77574        0.92396
   378.0        0.60306        0.77673        0.92426
   379.0        0.60151        0.77772        0.92456
   380.0        0.59998        0.77869        0.92485
   381.0        0.59845        0.77967        0.92515
   382.0        0.59694        0.78063        0.92544
   383.0        0.59544        0.78160        0.92573
   384.0        0.59395        0.78255        0.92602
   385.0        0.59247        0.78350        0.92631
   386.0        0.59101        0.78445        0.92660
   387.0        0.58955        0.78539        0.92688
   388.0        0.58811        0.78633        0.92717
   389.0        0.58668        0.78726        0.92745
   390.0        0.58525        0.78818        0.92773
   391.0        0.58384        0.78910        0.92800
   392.0        0.58244        0.79002        0.92828
   393.0        0.58105        0.79093        0.92855
   394.0        0.57967        0.79183        0.92882
   395.0        0.57830        0.79273        0.92909
   396.0        0.57694        0.79363        0.92936
   397.0        0.57559        0.79452        0.92963
   398.0        0.57425        0.79540        0.92990
   399.0        0.57292        0.79628        0.93016
   400.0        0.57159        0.79716        0.93042
   401.0        0.57030        0.79801        0.93069
   402.0        0.56901        0.79885        0.93095
   403.0        0.56773        0.79969        0.93120
   404.0        0.56646        0.80053        0.93146
   405.0        0.56520        0.80136        0.93172
   406.0        0.56395        0.80219        0.93197
   407.0        0.56270        0.80301        0.93222
   408.0        0.56147        0.80383        0.93247
   409.0        0.56025        0.80464        0.93272
   410.0        0.55903        0.80545        0.93297
   411.0        0.55782        0.80625        0.93322
   412.0        0.55662        0.80705        0.93346
   413.0        0.55543        0.80785        0.93370
   414.0        0.55424        0.80864        0.93395
   415.0        0.55306        0.80943        0.93419
   416.0        0.55189        0.81021        0.93443
   417.0        0.55073        0.81099        0.93466
   418.0        0.54958        0.81176        0.93490
   419.0        0.54843        0.81253        0.93514
   420.0        0.54730        0.81330        0.93537
   421.0        0.54617        0.81406        0.93560
   422.0        0.54504        0.81482        0.93583
   423.0        0.54393        0.81558        0.93606
   424.0        0.54282        0.81633        0.93629
   425.0        0.54172        0.81707        0.93652
   426.0        0.54063        0.81782        0.93675
   427.0        0.53954        0.81855        0.93697
   428.0        0.53846        0.81929        0.93719
   429.0        0.53739        0.82002        0.93742
   430.0        0.53632        0.82074        0.93764
   431.0        0.53526        0.82147        0.93786
   432.0        0.53421        0.82219        0.93808
   433.0        0.53317        0.82290        0.93830
   434.0        0.53213        0.82361        0.93851
   435.0        0.53110        0.82432        0.93873
   436.0        0.53007        0.82502        0.93894
   437.0        0.52905        0.82572        0.93915
   438.0        0.52804        0.82642        0.93937
   439.0        0.52703        0.82711        0.93958
   440.0        0.52603        0.82780        0.93979
   441.0        0.52504        0.82849        0.93999
   442.0        0.52405        0.82917        0.94020
   443.0        0.52307        0.82985        0.94041
   444.0        0.52210        0.83052        0.94061
   445.0        0.52113        0.83119        0.94082
   446.0        0.52016        0.83186        0.94102
   447.0        0.51921        0.83252        0.94122
   448.0        0.51825        0.83318        0.94142
   449.0        0.51731        0.83384        0.94162
   450.0        0.51637        0.83449        0.94182
   451.0        0.51544        0.83514        0.94201
   452.0        0.51451        0.83579        0.94221
   453.0        0.51359        0.83643        0.94240
   454.0        0.51267        0.83707        0.94260
   455.0        0.51176        0.83771        0.94279
   456.0        0.51085        0.83834        0.94298
   457.0        0.50995        0.83897        0.94317
   458.0        0.50905        0.83960        0.94336
   459.0        0.50816        0.84022        0.94355
   460.0        0.50728        0.84084        0.94374
   461.0        0.50640        0.84146        0.94393
   462.0        0.50552        0.84207        0.94411
   463.0        0.50465        0.84268        0.94430
   464.0        0.50379        0.84329        0.94448
   465.0        0.50293        0.84389        0.94466
   466.0        0.50207        0.84449        0.94485
   467.0        0.50122        0.84509        0.94503
   468.0        0.50038        0.84569        0.94521
   469.0        0.49954        0.84628        0.94539
   470.0        0.49870        0.84687        0.94557
   471.0        0.49787        0.84745        0.94574
   472.0        0.49704        0.84804        0.94592
   473.0        0.49622        0.84862        0.94609
   474.0        0.49541        0.84919        0.94627
   475.0        0.49459        0.84977        0.94644
   476.0        0.49376        0.85033        0.94661
   477.0        0.49291        0.85088        0.94678
   478.0        0.49206        0.85143        0.94694
   479.0        0.49122        0.85198        0.94711
   480.0        0.49039        0.85253        0.94727
   481.0        0.48955        0.85307        0.94743
   482.0        0.48873        0.85361        0.94760
   483.0        0.48791        0.85415        0.94776
   484.0        0.48709        0.85469        0.94792
   485.0        0.48628        0.85522        0.94808
   486.0        0.48547        0.85575        0.94824
   487.0        0.48466        0.85627        0.94839
   488.0        0.48386        0.85680        0.94855
   489.0        0.48307        0.85732        0.94871
   490.0        0.48228        0.85784        0.94886
   491.0        0.48149        0.85835        0.94902
   492.0        0.48071        0.85886        0.94917
   493.0        0.47993        0.85938        0.94933
   494.0        0.47915        0.85988        0.94948
   495.0        0.47838        0.86039        0.94963
   496.0        0.47761        0.86089        0.94978
   497.0        0.47685        0.86139        0.94993
   498.0        0.47609        0.86189        0.95008
   499.0        0.47534        0.86239        0.95023
   500.0        0.47459        0.86288        0.95038
   501.0        0.47386        0.86334        0.95053
   502.0        0.47313        0.86380        0.95068
   503.0        0.47240        0.86426        0.95082
   504.0        0.47168        0.86471        0.95097
   505.0        0.47097        0.86516        0.95111
   506.0        0.47025        0.86562        0.95126
   507.0        0.46954        0.86606        0.95140
   508.0        0.46884        0.86651        0.95154
   509.0        0.46813        0.86695        0.95169
   510.0        0.46743        0.86740        0.95183
   511.0        0.46674        0.86784        0.95197
   512.0        0.46605        0.86828        0.95211
   513.0        0.46536        0.86871        0.95225
   514.0        0.46467        0.86915        0.95239
   515.0        0.46399        0.86958        0.95252
   516.0        0.46331        0.87001        0.95266
   517.0        0.46263        0.87044        0.95280
   518.0        0.46196        0.87086        0.95294
   519.0        0.46129        0.87129        0.95307
   520.0        0.46062        0.87171        0.95321
   521.0        0.45996        0.87213        0.95334
   522.0        0.45930        0.87255        0.95347
   523.0        0.45864        0.87296        0.95361
   524.0        0.45798        0.87338        0.95374
   525.0        0.45733        0.87379        0.95387
   526.0        0.45668        0.87420        0.95400
   527.0        0.45604        0.87461        0.95413
   528.0        0.45540        0.87502        0.95426
   529.0        0.45476        0.87542        0.95439
   530.0        0.45412        0.87583        0.95452
   531.0        0.45349        0.87623        0.95465
   532.0        0.45286        0.87663        0.95478
   533.0        0.45223        0.87702        0.95490
   534.0        0.45160        0.87742        0.95503
   535.0        0.45098        0.87781        0.95516
   536.0        0.45036        0.87821        0.95528
   537.0        0.44975        0.87860        0.95541
   538.0        0.44913        0.87899        0.95553
   539.0        0.44852        0.87937        0.95565
   540.0        0.44791        0.87976        0.95578
   541.0        0.44731        0.88014        0.95590
   542.0        0.44670        0.88052        0.95602
   543.0        0.44610        0.88090        0.95614
   544.0        0.44551        0.88128        0.95626
   545.0        0.44491        0.88166        0.95638
   546.0        0.44432        0.88203        0.95650
   547.0        0.44373        0.88241        0.95662
   548.0        0.44314        0.88278        0.95674
   549.0        0.44256        0.88314        0.95686
   550.0        0.44199        0.88349        0.95698
   551.0        0.44141        0.88385        0.95710
   552.0        0.44084        0.88420        0.95721
   553.0        0.44027        0.88456        0.95733
   554.0        0.43971        0.88491        0.95744
   555.0        0.43914        0.88526        0.95756
   556.0        0.43858        0.88561        0.95767
   557.0        0.43802        0.88595        0.95779
   558.0        0.43746        0.88630        0.95790
   559.0        0.43691        0.88664        0.95801
   560.0        0.43636        0.88698        0.95813
   561.0        0.43581        0.88732        0.95824
   562.0        0.43526        0.88766        0.95835
   563.0        0.43471        0.88800        0.95846
   564.0        0.43417        0.88834        0.95857
   565.0        0.43363        0.88867        0.95868
   566.0        0.43309        0.88901        0.95879
   567.0        0.43255        0.88934        0.95890
   568.0        0.43202        0.88967        0.95901
   569.0        0.43148        0.89000        0.95912
   570.0        0.43095        0.89033        0.95923
   571.0        0.43043        0.89065        0.95934
   572.0        0.42990        0.89098        0.95944
   573.0        0.42938        0.89130        0.95955
   574.0        0.42886        0.89162        0.95966
   575.0        0.42834        0.89195        0.95976
   576.0        0.42782        0.89226        0.95987
   577.0        0.42730        0.89258        0.95997
   578.0        0.42679        0.89290        0.96008
   579.0        0.42628        0.89322        0.96018
   580.0        0.42577        0.89353        0.96028
   581.0        0.42526        0.89384        0.96039
   582.0        0.42476        0.89415        0.96049
   583.0        0.42425        0.89446        0.96059
   584.0        0.42375        0.89477        0.96069
   585.0        0.42325        0.89508        0.96079
   586.0        0.42276        0.89539        0.96089
   587.0        0.42226        0.89569        0.96099
   588.0        0.42177        0.89600        0.96109
   589.0        0.42128        0.89630        0.96119
   590.0        0.42079        0.89660        0.96129
   591.0        0.42030        0.89690        0.96139
   592.0        0.41981        0.89720        0.96149
   593.0        0.41933        0.89750        0.96159
   594.0        0.41885        0.89779        0.96169
   595.0        0.41837        0.89809        0.96178
   596.0        0.41789        0.89838        0.96188
   597.0        0.41741        0.89867        0.96198
   598.0        0.41694        0.89896        0.96207
   599.0        0.41647        0.89925        0.96217
   600.0        0.41600        0.89954        0.96226
   601.0        0.41553        0.89983        0.96236
   602.0        0.41506        0.90012        0.96245
   603.0        0.41459        0.90040        0.96255
   604.0        0.41413        0.90068        0.96264
   605.0        0.41367        0.90097        0.96273
   606.0        0.41321        0.90125        0.96283
   607.0        0.41275        0.90153        0.96292
   608.0        0.41230        0.90181        0.96301
   609.0        0.41184        0.90208        0.96310
   610.0        0.41139        0.90236        0.96320
   611.0        0.41094        0.90263        0.96329
   612.0        0.41049        0.90291        0.96338
   613.0        0.41004        0.90318        0.96347
   614.0        0.40959        0.90345        0.96356
   615.0        0.40915        0.90372        0.96365
   616.0        0.40870        0.90399        0.96374
   617.0        0.40826        0.90426        0.96383
   618.0        0.40782        0.90453        0.96391
   619.0        0.40738        0.90480        0.96400
   620.0        0.40695        0.90506        0.96409
   621.0        0.40651        0.90533        0.96418
   622.0        0.40608        0.90559        0.96426
   623.0        0.40565        0.90585        0.96435
   624.0        0.40522        0.90611        0.96444
   625.0        0.40479        0.90637        0.96452
   626.0        0.40436        0.90663        0.96461
   627.0        0.40393        0.90689        0.96470
   628.0        0.40351        0.90715        0.96478
   629.0        0.40309        0.90740        0.96487
   630.0        0.40267        0.90766        0.96495
   631.0        0.40224        0.90791        0.96503
   632.0        0.40183        0.90817        0.96512
   633.0        0.40141        0.90842        0.96520
   634.0        0.40099        0.90867        0.96529
   635.0        0.40058        0.90892        0.96537
   636.0        0.40017        0.90917        0.96545
   637.0        0.39976        0.90942        0.96553
   638.0        0.39935        0.90966        0.96561
   639.0        0.39894        0.90991        0.96570
   640.0        0.39853        0.91015        0.96578
   641.0        0.39813        0.91040        0.96586
   642.0        0.39772        0.91064        0.96594
   643.0        0.39732        0.91088        0.96602
   644.0        0.39692        0.91112        0.96610
   645.0        0.39652        0.91136        0.96618
   646.0        0.39612        0.91160        0.96626
   647.0        0.39572        0.91184        0.96634
   648.0        0.39533        0.91208        0.96642
   649.0        0.39493        0.91232        0.96650
   650.0        0.39454        0.91255        0.96657
   651.0        0.39415        0.91279        0.96665
   652.0        0.39376        0.91302        0.96673
   653.0        0.39337        0.91325        0.96681
   654.0        0.39298        0.91348        0.96688
   655.0        0.39260        0.91372        0.96696
   656.0        0.39221        0.91395        0.96704
   657.0        0.39183        0.91418        0.96711
   658.0        0.39145        0.91440        0.96719
   659.0        0.39106        0.91463        0.96727
   660.0        0.39068        0.91486        0.96734
   661.0        0.39030        0.91508        0.96742
   662.0        0.38993        0.91531        0.96749
   663.0        0.38956        0.91552        0.96757
   664.0        0.38919        0.91573        0.96764
   665.0        0.38882        0.91594        0.96771
   666.0        0.38845        0.91614        0.96779
   667.0        0.38809        0.91635        0.96786
   668.0        0.38773        0.91655        0.96793
   669.0        0.38736        0.91675        0.96801
   670.0        0.38700        0.91696        0.96808
   671.0        0.38664        0.91716        0.96815
   672.0        0.38628        0.91736        0.96822
   673.0        0.38593        0.91756        0.96830
   674.0        0.38557        0.91776        0.96837
   675.0        0.38521        0.91796        0.96844
   676.0        0.38486        0.91816        0.96851
   677.0        0.38451        0.91836        0.96858
   678.0        0.38415        0.91855        0.96865
   679.0        0.38380        0.91875        0.96872
   680.0        0.38345        0.91895        0.96879
   681.0        0.38310        0.91914        0.96886
   682.0        0.38275        0.91933        0.96893
   683.0        0.38241        0.91953        0.96900
   684.0        0.38206        0.91972        0.96907
   685.0        0.38172        0.91991        0.96914
   686.0        0.38137        0.92010        0.96921
   687.0        0.38103        0.92030        0.96927
   688.0        0.38069        0.92049        0.96934
   689.0        0.38035        0.92067        0.96941
   690.0        0.38001        0.92086        0.96948
   691.0        0.37967        0.92105        0.96954
   692.0        0.37933        0.92124        0.96961
   693.0        0.37900        0.92143        0.96968
   694.0        0.37866        0.92161        0.96974
   695.0        0.37833        0.92180        0.96981
   696.0        0.37799        0.92198        0.96988
   697.0        0.37766        0.92217        0.96994
   698.0        0.37733        0.92235        0.97001
   699.0        0.37700        0.92253        0.97007
   700.0        0.37667        0.92271        0.97014
   701.0        0.37634        0.92290        0.97020
   702.0        0.37602        0.92308        0.97027
   703.0        0.37569        0.92326        0.97033
   704.0        0.37536        0.92344        0.97040
   705.0        0.37504        0.92361        0.97046
   706.0        0.37472        0.92379        0.97052
   707.0        0.37439        0.92397        0.97059
   708.0        0.37407        0.92415        0.97065
   709.0        0.37375        0.92432        0.97071
   710.0        0.37343        0.92449        0.97078
   711.0        0.37312        0.92466        0.97084
   712.0        0.37280        0.92483        0.97090
   713.0        0.37249        0.92500        0.97096
   714.0        0.37217        0.92517        0.97103
   715.0        0.37186        0.92534        0.97109
   716.0        0.37155        0.92551        0.97115
   717.0        0.37123        0.92568        0.97121
   718.0        0.37092        0.92584        0.97127
   719.0        0.37061        0.92601        0.97133
   720.0        0.37030        0.92618        0.97139
   721.0        0.37000        0.92634        0.97145
   722.0        0.36969        0.92651        0.97151
   723.0        0.36938        0.92667        0.97157
   724.0        0.36908        0.92683        0.97163
   725.0        0.36877        0.92700        0.97169
   726.0        0.36847        0.92716        0.97175
   727.0        0.36817        0.92732        0.97181
   728.0        0.36786        0.92748        0.97187
   729.0        0.36756        0.92764        0.97193
   730.0        0.36726        0.92780        0.97199
   731.0        0.36696        0.92796        0.97205
   732.0        0.36666        0.92812        0.97211
   733.0        0.36637        0.92828        0.97216
   734.0        0.36607        0.92844        0.97222
   735.0        0.36577        0.92860        0.97228
   736.0        0.36548        0.92875        0.97234
   737.0        0.36518        0.92891        0.97239
   738.0        0.36489        0.92907        0.97245
   739.0        0.36460        0.92922        0.97251
   740.0        0.36430        0.92938        0.97257
   741.0        0.36401        0.92953        0.97262
   742.0        0.36372        0.92968        0.97268
   743.0        0.36343        0.92984        0.97274
   744.0        0.36314        0.92999        0.97279
   745.0        0.36285        0.93014        0.97285
   746.0        0.36257        0.93029        0.97290
   747.0        0.36228        0.93045        0.97296
   748.0        0.36200        0.93060        0.97301
   749.0        0.36171        0.93075        0.97307
   750.0        0.36143        0.93090        0.97312
   751.0        0.36114        0.93105        0.97318
   752.0        0.36086        0.93120        0.97323
   753.0        0.36058        0.93134        0.97329
   754.0        0.36030        0.93149        0.97334
   755.0        0.36002        0.93164        0.97340
   756.0        0.35974        0.93179        0.97345
   757.0        0.35946        0.93193        0.97350
   758.0        0.35918        0.93208        0.97356
   759.0        0.35890        0.93222        0.97361
   760.0        0.35862        0.93237        0.97366
   761.0        0.35835        0.93251        0.97372
   762.0        0.35807        0.93266        0.97377
   763.0        0.35780        0.93280        0.97382
   764.0        0.35753        0.93295        0.97387
   765.0        0.35725        0.93309        0.97393
   766.0        0.35698        0.93323        0.97398
   767.0        0.35671        0.93337        0.97403
   768.0        0.35644        0.93351        0.97408
   769.0        0.35617        0.93365        0.97413
   770.0        0.35590        0.93379        0.97418
   771.0        0.35563        0.93393        0.97424
   772.0        0.35536        0.93407        0.97429
   773.0        0.35509        0.93421        0.97434
   774.0        0.35482        0.93435        0.97439
   775.0        0.35456        0.93449        0.97444
   776.0        0.35429        0.93463        0.97449
   777.0        0.35403        0.93477        0.97454
   778.0        0.35377        0.93490        0.97459
   779.0        0.35350        0.93504        0.97464
   780.0        0.35324        0.93517        0.97469
   781.0        0.35297        0.93531        0.97474
   782.0        0.35269        0.93544        0.97479
   783.0        0.35241        0.93557        0.97483
   784.0        0.35213        0.93570        0.97488
   785.0        0.35186        0.93583        0.97493
   786.0        0.35158        0.93596        0.97498
   787.0        0.35131        0.93608        0.97502
   788.0        0.35103        0.93621        0.97507
   789.0        0.35076        0.93634        0.97512
   790.0        0.35049        0.93647        0.97517
   791.0        0.35021        0.93660        0.97521
   792.0        0.34994        0.93672        0.97526
   793.0        0.34967        0.93685        0.97531
   794.0        0.34940        0.93698        0.97535
   795.0        0.34913        0.93710        0.97540
   796.0        0.34886        0.93723        0.97544
   797.0        0.34860        0.93735        0.97549
   798.0        0.34833        0.93748        0.97554
   799.0        0.34806        0.93760        0.97558
   800.0        0.34779        0.93772        0.97563
   801.0        0.34753        0.93785        0.97567
   802.0        0.34726        0.93797        0.97572
   803.0        0.34700        0.93809        0.97576
   804.0        0.34674        0.93821        0.97581
   805.0        0.34647        0.93834        0.97585
   806.0        0.34621        0.93846        0.97590
   807.0        0.34595        0.93858        0.97594
   808.0        0.34569        0.93870        0.97599
   809.0        0.34543        0.93882        0.97603
   810.0        0.34517        0.93894        0.97608
   811.0        0.34491        0.93906        0.97612
   812.0        0.34465        0.93918        0.97616
   813.0        0.34440        0.93929        0.97621
   814.0        0.34414        0.93941        0.97625
   815.0        0.34388        0.93953        0.97629
   816.0        0.34363        0.93965        0.97634
   817.0        0.34337        0.93977        0.97638
   818.0        0.34312        0.93988        0.97642
   819.0        0.34286        0.94000        0.97647
   820.0        0.34261        0.94011        0.97651
   821.0        0.34236        0.94023        0.97655
   822.0        0.34210        0.94035        0.97660
   823.0        0.34185        0.94046        0.97664
   824.0        0.34160        0.94058        0.97668
   825.0        0.34135        0.94069        0.97672
   826.0        0.34110        0.94080        0.97676
   827.0        0.34085        0.94092        0.97681
   828.0        0.34060        0.94103        0.97685
   829.0        0.34035        0.94114        0.97689
   830.0        0.34011        0.94126        0.97693
   831.0        0.33986        0.94137        0.97697
   832.0        0.33961        0.94148        0.97701
   833.0        0.33937        0.94159        0.97706
   834.0        0.33912        0.94170        0.97710
   835.0        0.33888        0.94182        0.97714
   836.0        0.33863        0.94193        0.97718
   837.0        0.33839        0.94204        0.97722
   838.0        0.33815        0.94215        0.97726
   839.0        0.33790        0.94226        0.97730
   840.0        0.33766        0.94237        0.97734
   841.0        0.33742        0.94248        0.97738
   842.0        0.33718        0.94258        0.97742
   843.0        0.33694        0.94269        0.97746
   844.0        0.33670        0.94280        0.97750
   845.0        0.33646        0.94291        0.97754
   846.0        0.33622        0.94302        0.97758
   847.0        0.33599        0.94312        0.97762
   848.0        0.33575        0.94323        0.97766
   849.0        0.33551        0.94334        0.97770
   850.0        0.33527        0.94344        0.97774
   851.0        0.33504        0.94355        0.97778
   852.0        0.33480        0.94365        0.97782
   853.0        0.33457        0.94376        0.97786
   854.0        0.33434        0.94387        0.97789
   855.0        0.33410        0.94397        0.97793
   856.0        0.33387        0.94407        0.97797
   857.0        0.33364        0.94418        0.97801
   858.0        0.33340        0.94428        0.97805
   859.0        0.33317        0.94439        0.97809
   860.0        0.33294        0.94449        0.97812
   861.0        0.33271        0.94459        0.97816
   862.0        0.33248        0.94469        0.97820
   863.0        0.33225        0.94480        0.97824
   864.0        0.33202        0.94490        0.97828
   865.0        0.33179        0.94500        0.97831
   866.0        0.33156        0.94510        0.97835
   867.0        0.33134        0.94520        0.97839
   868.0        0.33111        0.94530        0.97843
   869.0        0.33088        0.94540        0.97846
   870.0        0.33066        0.94551        0.97850
   871.0        0.33043        0.94561        0.97854
   872.0        0.33021        0.94571        0.97857
   873.0        0.32998        0.94580        0.97861
   874.0        0.32976        0.94590        0.97865
   875.0        0.32954        0.94600        0.97868
   876.0        0.32931        0.94610        0.97872
   877.0        0.32909        0.94620        0.97876
   878.0        0.32887        0.94630        0.97879
   879.0        0.32865        0.94640        0.97883
   880.0        0.32843        0.94649        0.97886
   881.0        0.32820        0.94659        0.97890
   882.0        0.32799        0.94669        0.97894
   883.0        0.32777        0.94678        0.97897
   884.0        0.32755        0.94688        0.97901
   885.0        0.32733        0.94697        0.97904
   886.0        0.32711        0.94707        0.97908
   887.0        0.32689        0.94716        0.97911
   888.0        0.32668        0.94725        0.97915
   889.0        0.32646        0.94735        0.97918
   890.0        0.32625        0.94744        0.97922
   891.0        0.32603        0.94753        0.97925
   892.0        0.32582        0.94763        0.97929
   893.0        0.32560        0.94772        0.97932
   894.0        0.32539        0.94781        0.97936
   895.0        0.32517        0.94790        0.97939
   896.0        0.32496        0.94799        0.97943
   897.0        0.32475        0.94808        0.97946
   898.0        0.32454        0.94816        0.97950
   899.0        0.32433        0.94825        0.97953
   900.0        0.32412        0.94834        0.97957
   901.0        0.32391        0.94842        0.97960
   902.0        0.32370        0.94851        0.97963
   903.0        0.32349        0.94859        0.97967
   904.0        0.32328        0.94868        0.97970
   905.0        0.32308        0.94877        0.97974
   906.0        0.32287        0.94885        0.97977
   907.0        0.32266        0.94894        0.97980
   908.0        0.32246        0.94902        0.97984
   909.0        0.32225        0.94911        0.97987
   910.0        0.32204        0.94919        0.97990
   911.0        0.32184        0.94927        0.97994
   912.0        0.32163        0.94936        0.97997
   913.0        0.32143        0.94944        0.98000
   914.0        0.32123        0.94952        0.98004
   915.0        0.32102        0.94961        0.98007
   916.0        0.32082        0.94969        0.98010
   917.0        0.32062        0.94977        0.98013
   918.0        0.32041        0.94986        0.98017
   919.0        0.32021        0.94994        0.98020
   920.0        0.32001        0.95002        0.98023
   921.0        0.31981        0.95010        0.98026
   922.0        0.31961        0.95018        0.98030
   923.0        0.31941        0.95027        0.98033
   924.0        0.31921        0.95035        0.98036
   925.0        0.31901        0.95043        0.98039
   926.0        0.31881        0.95051        0.98043
   927.0        0.31861        0.95059        0.98046
   928.0        0.31841        0.95067        0.98049
   929.0        0.31821        0.95075        0.98052
   930.0        0.31802        0.95083        0.98055
   931.0        0.31782        0.95091        0.98058
   932.0        0.31762        0.95099        0.98062
   933.0        0.31743        0.95107        0.98065
   934.0        0.31723        0.95115        0.98068
   935.0        0.31704        0.95123        0.98071
   936.0        0.31684        0.95131        0.98074
   937.0        0.31665        0.95138        0.98077
   938.0        0.31645        0.95146        0.98080
   939.0        0.31626        0.95154        0.98083
   940.0        0.31606        0.95162        0.98086
   941.0        0.31587        0.95170        0.98089
   942.0        0.31568        0.95177        0.98093
   943.0        0.31549        0.95185        0.98096
   944.0        0.31529        0.95193        0.98099
   945.0        0.31510        0.95201        0.98102
   946.0        0.31491        0.95208        0.98105
   947.0        0.31472        0.95216        0.98108
   948.0        0.31453        0.95224        0.98111
   949.0        0.31434        0.95231        0.98114
   950.0        0.31415        0.95239        0.98117
   951.0        0.31396        0.95246        0.98120
   952.0        0.31377        0.95254        0.98123
   953.0        0.31358        0.95262        0.98126
   954.0        0.31339        0.95269        0.98129
   955.0        0.31320        0.95277        0.98132
   956.0        0.31302        0.95284        0.98135
   957.0        0.31283        0.95292        0.98138
   958.0        0.31264        0.95299        0.98141
   959.0        0.31246        0.95306        0.98143
   960.0        0.31227        0.95314        0.98146
   961.0        0.31208        0.95321        0.98149
   962.0        0.31190        0.95329        0.98152
   963.0        0.31171        0.95336        0.98155
   964.0        0.31153        0.95343        0.98158
   965.0        0.31134        0.95351        0.98161
   966.0        0.31116        0.95358        0.98164
   967.0        0.31098        0.95365        0.98167
   968.0        0.31079        0.95372        0.98169
   969.0        0.31061        0.95380        0.98172
   970.0        0.31043        0.95387        0.98175
   971.0        0.31025        0.95394        0.98178
   972.0        0.31006        0.95401        0.98181
   973.0        0.30988        0.95409        0.98184
   974.0        0.30970        0.95416        0.98186
   975.0        0.30952        0.95423        0.98189
   976.0        0.30934        0.95430        0.98192
   977.0        0.30916        0.95437        0.98195
   978.0        0.30898        0.95444        0.98198
   979.0        0.30880        0.95451        0.98200
   980.0        0.30862        0.95458        0.98203
   981.0        0.30844        0.95465        0.98206
   982.0        0.30826        0.95472        0.98209
   983.0        0.30808        0.95479        0.98212
   984.0        0.30791        0.95486        0.98214
   985.0        0.30773        0.95493        0.98217
   986.0        0.30755        0.95500        0.98220
   987.0        0.30737        0.95507        0.98222
   988.0        0.30720        0.95514        0.98225
   989.0        0.30702        0.95521        0.98228
   990.0        0.30685        0.95528        0.98231
   991.0        0.30667        0.95535        0.98233
   992.0        0.30649        0.95542        0.98236
   993.0        0.30632        0.95548        0.98239
   994.0        0.30614        0.95555        0.98241
   995.0        0.30597        0.95562        0.98244
   996.0        0.30580        0.95569        0.98247
   997.0        0.30562        0.95576        0.98249
   998.0        0.30545        0.95582        0.98252
   999.0        0.30528        0.95589        0.98255
  1000.0        0.30510        0.95596        0.98257
