 lead                
 Density =    11.35000      Aeff =    207.2000      Zeff =    82.00000    
     1.0    58932.43359        0.00072        0.00096
     2.0    14472.55273        0.00265        0.00284
     3.0    22216.01953        0.00251        0.00311
     4.0    14161.61035        0.00552        0.00297
     5.0     8262.42383        0.00906        0.00382
     6.0     5283.52295        0.01267        0.00505
     7.0     3589.22803        0.01636        0.00658
     8.0     2577.04395        0.01987        0.00848
     9.0     1905.83313        0.02336        0.01073
    10.0     1460.54724        0.02615        0.01359
    11.0     1141.97595        0.02820        0.01720
    12.0      910.48547        0.02817        0.02291
    13.0      733.06659        0.01966        0.04307
    14.0     1504.92346        0.01703        0.02532
    15.0     1251.58228        0.01793        0.03007
    16.0     1708.78540        0.01632        0.02508
    17.0     1454.99060        0.02110        0.02358
    18.0     1253.08887        0.02406        0.02479
    19.0     1099.58472        0.02641        0.02653
    20.0      976.43170        0.02855        0.02833
    21.0      872.02289        0.03072        0.03017
    22.0      776.91034        0.03302        0.03219
    23.0      695.01331        0.03531        0.03436
    24.0      622.23779        0.03760        0.03676
    25.0      559.12573        0.03985        0.03935
    26.0      504.00882        0.04216        0.04202
    27.0      456.07959        0.04431        0.04480
    28.0      414.25995        0.04649        0.04764
    29.0      377.56900        0.04865        0.05061
    30.0      345.22766        0.05077        0.05370
    31.0      315.85361        0.05298        0.05693
    32.0      290.40756        0.05509        0.06025
    33.0      267.77713        0.05718        0.06367
    34.0      247.51607        0.05922        0.06724
    35.0      229.38504        0.06128        0.07087
    36.0      213.13220        0.06329        0.07453
    37.0      198.42755        0.06522        0.07823
    38.0      185.09830        0.06715        0.08203
    39.0      172.98683        0.06907        0.08590
    40.0      161.94829        0.07096        0.08990
    41.0      151.89630        0.07279        0.09404
    42.0      142.68822        0.07457        0.09833
    43.0      134.24426        0.07636        0.10268
    44.0      126.48469        0.07816        0.10711
    45.0      119.32028        0.07999        0.11159
    46.0      112.65842        0.08182        0.11620
    47.0      106.50314        0.08363        0.12065
    48.0      100.80743        0.08546        0.12512
    49.0       95.49788        0.08733        0.12964
    50.0       90.56570        0.08914        0.13432
    51.0       85.94248        0.09097        0.13910
    52.0       81.64188        0.09279        0.14395
    53.0       77.63652        0.09463        0.14885
    54.0       73.90071        0.09647        0.15381
    55.0       70.40588        0.09824        0.15896
    56.0       67.13834        0.10003        0.16415
    57.0       64.07985        0.10183        0.16938
    58.0       61.21384        0.10364        0.17464
    59.0       58.51513        0.10532        0.18024
    60.0       55.97972        0.10700        0.18590
    61.0       53.60814        0.10867        0.19159
    62.0       51.37572        0.11036        0.19733
    63.0       49.27238        0.11206        0.20310
    64.0       47.28678        0.11375        0.20897
    65.0       45.41044        0.11541        0.21485
    66.0       43.63073        0.11694        0.22081
    67.0       41.94737        0.11848        0.22682
    68.0       40.35472        0.12004        0.23285
    69.0       38.84612        0.12161        0.23890
    70.0       37.40930        0.12323        0.24497
    71.0       36.03254        0.12458        0.25170
    72.0       34.72620        0.12596        0.25847
    73.0       33.48586        0.12735        0.26525
    74.0       32.30733        0.12877        0.27205
    75.0       31.18677        0.13020        0.27887
    76.0       30.12063        0.13166        0.28570
    77.0       29.09271        0.13276        0.29351
    78.0       28.10923        0.13373        0.30171
    79.0       27.17229        0.13474        0.30993
    80.0       26.27914        0.13578        0.31817
    81.0       25.42235        0.13652        0.32729
    82.0       24.59544        0.13696        0.33737
    83.0       23.79937        0.13719        0.34824
    84.0       23.02371        0.13688        0.36097
    85.0       22.28134        0.13654        0.37409
    86.0       21.53867        0.13490        0.39187
    87.0       20.79982        0.13207        0.41451
    88.0       20.25709        0.13625        0.41241
    89.0       83.73294        0.03762        0.36121
    90.0       81.69200        0.04211        0.33070
    91.0       79.52426        0.04415        0.32391
    92.0       77.40964        0.04582        0.32048
    93.0       75.36671        0.04740        0.31811
    94.0       73.38905        0.04883        0.31702
    95.0       71.47580        0.05014        0.31689
    96.0       69.63126        0.05144        0.31701
    97.0       67.84773        0.05264        0.31781
    98.0       66.12508        0.05380        0.31895
    99.0       64.46157        0.05493        0.32039
   100.0       62.85574        0.05603        0.32199
   101.0       61.29875        0.05707        0.32389
   102.0       59.79663        0.05811        0.32577
   103.0       58.34471        0.05913        0.32780
   104.0       56.94235        0.06015        0.32985
   105.0       55.58794        0.06119        0.33189
   106.0       54.27884        0.06223        0.33392
   107.0       53.01242        0.06325        0.33607
   108.0       51.78631        0.06425        0.33837
   109.0       50.59889        0.06524        0.34077
   110.0       49.44732        0.06617        0.34350
   111.0       48.33231        0.06711        0.34622
   112.0       47.25316        0.06805        0.34892
   113.0       46.20824        0.06900        0.35161
   114.0       45.19587        0.06995        0.35428
   115.0       44.21473        0.07091        0.35694
   116.0       43.26412        0.07188        0.35959
   117.0       42.34240        0.07285        0.36222
   118.0       41.44868        0.07382        0.36486
   119.0       40.57886        0.07474        0.36780
   120.0       39.73502        0.07567        0.37074
   121.0       38.91578        0.07660        0.37365
   122.0       38.12105        0.07754        0.37653
   123.0       37.34988        0.07849        0.37935
   124.0       36.60065        0.07944        0.38216
   125.0       35.87300        0.08041        0.38495
   126.0       35.16575        0.08138        0.38772
   127.0       34.47847        0.08235        0.39050
   128.0       33.81003        0.08331        0.39330
   129.0       33.16013        0.08429        0.39608
   130.0       32.52808        0.08527        0.39885
   131.0       31.91236        0.08623        0.40173
   132.0       31.31269        0.08717        0.40469
   133.0       30.72812        0.08809        0.40779
   134.0       30.15879        0.08901        0.41078
   135.0       29.60426        0.08992        0.41371
   136.0       29.06433        0.09084        0.41662
   137.0       28.53847        0.09176        0.41951
   138.0       28.02619        0.09268        0.42239
   139.0       27.52716        0.09361        0.42525
   140.0       27.04084        0.09455        0.42809
   141.0       26.56775        0.09552        0.43077
   142.0       26.10654        0.09650        0.43342
   143.0       25.65686        0.09748        0.43607
   144.0       25.21830        0.09846        0.43869
   145.0       24.79054        0.09945        0.44131
   146.0       24.37322        0.10044        0.44390
   147.0       23.96584        0.10143        0.44653
   148.0       23.56802        0.10242        0.44918
   149.0       23.17973        0.10341        0.45182
   150.0       22.80019        0.10438        0.45454
   151.0       22.43032        0.10534        0.45731
   152.0       22.06822        0.10627        0.46024
   153.0       21.71550        0.10724        0.46297
   154.0       21.37119        0.10823        0.46562
   155.0       21.03492        0.10922        0.46824
   156.0       20.70660        0.11023        0.47079
   157.0       20.38572        0.11125        0.47332
   158.0       20.07206        0.11227        0.47584
   159.0       19.76545        0.11329        0.47834
   160.0       19.46566        0.11432        0.48083
   161.0       19.17246        0.11535        0.48330
   162.0       18.88575        0.11639        0.48576
   163.0       18.60527        0.11743        0.48820
   164.0       18.33040        0.11845        0.49074
   165.0       18.06116        0.11947        0.49333
   166.0       17.79771        0.12048        0.49590
   167.0       17.53952        0.12148        0.49854
   168.0       17.28660        0.12248        0.50122
   169.0       17.03976        0.12352        0.50369
   170.0       16.79811        0.12456        0.50616
   171.0       16.56147        0.12561        0.50861
   172.0       16.32950        0.12665        0.51099
   173.0       16.10205        0.12767        0.51330
   174.0       15.87924        0.12871        0.51559
   175.0       15.66096        0.12974        0.51787
   176.0       15.44708        0.13078        0.52013
   177.0       15.23744        0.13182        0.52240
   178.0       15.03157        0.13284        0.52475
   179.0       14.82981        0.13386        0.52709
   180.0       14.63205        0.13489        0.52942
   181.0       14.43853        0.13594        0.53162
   182.0       14.24883        0.13700        0.53382
   183.0       14.06279        0.13806        0.53600
   184.0       13.88031        0.13912        0.53817
   185.0       13.70136        0.14019        0.54032
   186.0       13.52581        0.14126        0.54247
   187.0       13.35361        0.14233        0.54460
   188.0       13.18467        0.14341        0.54671
   189.0       13.01887        0.14449        0.54881
   190.0       12.85621        0.14557        0.55090
   191.0       12.69655        0.14666        0.55298
   192.0       12.53943        0.14772        0.55516
   193.0       12.38516        0.14878        0.55735
   194.0       12.23374        0.14985        0.55952
   195.0       12.08512        0.15092        0.56165
   196.0       11.93944        0.15201        0.56370
   197.0       11.79641        0.15311        0.56574
   198.0       11.65590        0.15421        0.56776
   199.0       11.51789        0.15531        0.56978
   200.0       11.38236        0.15642        0.57178
   201.0       11.25011        0.15751        0.57376
   202.0       11.12018        0.15861        0.57574
   203.0       10.99250        0.15971        0.57770
   204.0       10.86703        0.16082        0.57965
   205.0       10.74374        0.16193        0.58159
   206.0       10.62231        0.16302        0.58360
   207.0       10.50278        0.16410        0.58565
   208.0       10.38527        0.16518        0.58768
   209.0       10.26981        0.16627        0.58969
   210.0       10.15663        0.16740        0.59157
   211.0       10.04538        0.16852        0.59343
   212.0        9.93601        0.16964        0.59528
   213.0        9.82844        0.17077        0.59712
   214.0        9.72268        0.17190        0.59895
   215.0        9.61861        0.17304        0.60077
   216.0        9.51630        0.17418        0.60256
   217.0        9.41567        0.17532        0.60433
   218.0        9.31667        0.17647        0.60609
   219.0        9.21926        0.17762        0.60784
   220.0        9.12341        0.17877        0.60958
   221.0        9.02909        0.17993        0.61131
   222.0        8.93626        0.18108        0.61302
   223.0        8.84490        0.18224        0.61473
   224.0        8.75495        0.18341        0.61643
   225.0        8.66632        0.18456        0.61816
   226.0        8.57900        0.18571        0.61989
   227.0        8.49308        0.18687        0.62161
   228.0        8.40845        0.18802        0.62333
   229.0        8.32514        0.18918        0.62503
   230.0        8.24307        0.19034        0.62674
   231.0        8.16195        0.19147        0.62855
   232.0        8.08206        0.19261        0.63035
   233.0        8.00339        0.19374        0.63213
   234.0        7.92591        0.19488        0.63391
   235.0        7.84978        0.19604        0.63560
   236.0        7.77484        0.19721        0.63724
   237.0        7.70102        0.19839        0.63888
   238.0        7.62828        0.19956        0.64051
   239.0        7.55662        0.20074        0.64212
   240.0        7.48601        0.20192        0.64373
   241.0        7.41645        0.20310        0.64532
   242.0        7.34787        0.20428        0.64691
   243.0        7.28030        0.20547        0.64849
   244.0        7.21371        0.20665        0.65005
   245.0        7.14806        0.20784        0.65161
   246.0        7.08333        0.20903        0.65316
   247.0        7.01953        0.21022        0.65470
   248.0        6.95665        0.21142        0.65623
   249.0        6.89468        0.21261        0.65775
   250.0        6.83354        0.21381        0.65925
   251.0        6.77325        0.21501        0.66075
   252.0        6.71383        0.21622        0.66225
   253.0        6.65522        0.21742        0.66373
   254.0        6.59741        0.21862        0.66520
   255.0        6.54041        0.21983        0.66667
   256.0        6.48419        0.22104        0.66812
   257.0        6.42876        0.22225        0.66957
   258.0        6.37399        0.22346        0.67103
   259.0        6.31995        0.22466        0.67250
   260.0        6.26664        0.22586        0.67397
   261.0        6.21404        0.22707        0.67542
   262.0        6.16214        0.22827        0.67687
   263.0        6.11091        0.22948        0.67830
   264.0        6.06038        0.23069        0.67973
   265.0        6.01052        0.23190        0.68115
   266.0        5.96133        0.23312        0.68256
   267.0        5.91266        0.23432        0.68394
   268.0        5.86449        0.23550        0.68527
   269.0        5.81699        0.23668        0.68659
   270.0        5.77010        0.23787        0.68791
   271.0        5.72383        0.23906        0.68921
   272.0        5.67814        0.24024        0.69051
   273.0        5.63304        0.24143        0.69180
   274.0        5.58851        0.24262        0.69309
   275.0        5.54455        0.24381        0.69436
   276.0        5.50114        0.24500        0.69563
   277.0        5.45827        0.24620        0.69689
   278.0        5.41597        0.24739        0.69814
   279.0        5.37416        0.24859        0.69939
   280.0        5.33291        0.24978        0.70063
   281.0        5.29213        0.25098        0.70186
   282.0        5.25188        0.25218        0.70308
   283.0        5.21212        0.25337        0.70430
   284.0        5.17286        0.25457        0.70551
   285.0        5.13406        0.25577        0.70671
   286.0        5.09575        0.25697        0.70791
   287.0        5.05791        0.25817        0.70909
   288.0        5.02052        0.25938        0.71027
   289.0        4.98356        0.26058        0.71145
   290.0        4.94706        0.26178        0.71262
   291.0        4.91098        0.26299        0.71378
   292.0        4.87537        0.26419        0.71493
   293.0        4.84015        0.26540        0.71608
   294.0        4.80532        0.26660        0.71723
   295.0        4.77091        0.26780        0.71839
   296.0        4.73689        0.26900        0.71954
   297.0        4.70327        0.27021        0.72068
   298.0        4.67007        0.27141        0.72181
   299.0        4.63722        0.27261        0.72294
   300.0        4.60477        0.27382        0.72406
   301.0        4.57284        0.27501        0.72517
   302.0        4.54125        0.27621        0.72628
   303.0        4.51003        0.27741        0.72738
   304.0        4.47918        0.27861        0.72848
   305.0        4.44867        0.27981        0.72956
   306.0        4.41850        0.28101        0.73065
   307.0        4.38868        0.28221        0.73172
   308.0        4.35919        0.28341        0.73279
   309.0        4.33003        0.28461        0.73386
   310.0        4.30120        0.28581        0.73491
   311.0        4.27269        0.28701        0.73596
   312.0        4.24449        0.28821        0.73701
   313.0        4.21660        0.28941        0.73806
   314.0        4.18902        0.29061        0.73909
   315.0        4.16174        0.29181        0.74013
   316.0        4.13476        0.29301        0.74115
   317.0        4.10807        0.29421        0.74217
   318.0        4.08168        0.29541        0.74318
   319.0        4.05557        0.29661        0.74419
   320.0        4.02974        0.29781        0.74520
   321.0        4.00419        0.29902        0.74619
   322.0        3.97892        0.30022        0.74718
   323.0        3.95392        0.30142        0.74817
   324.0        3.92918        0.30262        0.74915
   325.0        3.90471        0.30383        0.75012
   326.0        3.88049        0.30503        0.75109
   327.0        3.85653        0.30623        0.75205
   328.0        3.83282        0.30743        0.75301
   329.0        3.80936        0.30863        0.75396
   330.0        3.78615        0.30984        0.75491
   331.0        3.76318        0.31104        0.75585
   332.0        3.74045        0.31224        0.75679
   333.0        3.71795        0.31344        0.75772
   334.0        3.69569        0.31465        0.75865
   335.0        3.67366        0.31585        0.75957
   336.0        3.65184        0.31705        0.76048
   337.0        3.63026        0.31825        0.76139
   338.0        3.60889        0.31945        0.76230
   339.0        3.58774        0.32065        0.76320
   340.0        3.56678        0.32185        0.76412
   341.0        3.54602        0.32304        0.76503
   342.0        3.52548        0.32424        0.76594
   343.0        3.50514        0.32543        0.76684
   344.0        3.48500        0.32663        0.76774
   345.0        3.46506        0.32782        0.76863
   346.0        3.44533        0.32901        0.76952
   347.0        3.42629        0.33016        0.77040
   348.0        3.40779        0.33127        0.77128
   349.0        3.38949        0.33238        0.77213
   350.0        3.37137        0.33350        0.77298
   351.0        3.35342        0.33461        0.77382
   352.0        3.33563        0.33573        0.77466
   353.0        3.31802        0.33684        0.77550
   354.0        3.30057        0.33796        0.77632
   355.0        3.28329        0.33907        0.77715
   356.0        3.26617        0.34018        0.77797
   357.0        3.24920        0.34129        0.77879
   358.0        3.23240        0.34241        0.77960
   359.0        3.21575        0.34352        0.78040
   360.0        3.19925        0.34463        0.78121
   361.0        3.18291        0.34574        0.78200
   362.0        3.16672        0.34684        0.78280
   363.0        3.15067        0.34795        0.78359
   364.0        3.13477        0.34906        0.78437
   365.0        3.11901        0.35017        0.78515
   366.0        3.10340        0.35128        0.78593
   367.0        3.08792        0.35238        0.78670
   368.0        3.07259        0.35349        0.78747
   369.0        3.05739        0.35459        0.78824
   370.0        3.04233        0.35570        0.78900
   371.0        3.02740        0.35680        0.78975
   372.0        3.01246        0.35787        0.79048
   373.0        2.99766        0.35895        0.79120
   374.0        2.98299        0.36002        0.79191
   375.0        2.96844        0.36109        0.79263
   376.0        2.95402        0.36216        0.79334
   377.0        2.93973        0.36323        0.79404
   378.0        2.92556        0.36429        0.79475
   379.0        2.91152        0.36536        0.79544
   380.0        2.89760        0.36643        0.79614
   381.0        2.88380        0.36749        0.79683
   382.0        2.87011        0.36856        0.79752
   383.0        2.85654        0.36962        0.79820
   384.0        2.84309        0.37069        0.79889
   385.0        2.82975        0.37175        0.79957
   386.0        2.81653        0.37281        0.80024
   387.0        2.80342        0.37387        0.80091
   388.0        2.79041        0.37493        0.80158
   389.0        2.77752        0.37599        0.80225
   390.0        2.76474        0.37704        0.80291
   391.0        2.75206        0.37810        0.80357
   392.0        2.73949        0.37916        0.80423
   393.0        2.72703        0.38021        0.80488
   394.0        2.71466        0.38126        0.80553
   395.0        2.70240        0.38232        0.80618
   396.0        2.69025        0.38337        0.80682
   397.0        2.67819        0.38442        0.80746
   398.0        2.66623        0.38547        0.80809
   399.0        2.65437        0.38652        0.80873
   400.0        2.64261        0.38757        0.80936
   401.0        2.63097        0.38861        0.80998
   402.0        2.61943        0.38965        0.81061
   403.0        2.60797        0.39069        0.81123
   404.0        2.59662        0.39174        0.81185
   405.0        2.58535        0.39277        0.81246
   406.0        2.57417        0.39381        0.81307
   407.0        2.56309        0.39485        0.81368
   408.0        2.55209        0.39589        0.81429
   409.0        2.54118        0.39692        0.81489
   410.0        2.53035        0.39796        0.81549
   411.0        2.51962        0.39899        0.81608
   412.0        2.50896        0.40002        0.81668
   413.0        2.49839        0.40105        0.81727
   414.0        2.48791        0.40208        0.81786
   415.0        2.47751        0.40311        0.81844
   416.0        2.46719        0.40414        0.81902
   417.0        2.45694        0.40516        0.81960
   418.0        2.44678        0.40619        0.82018
   419.0        2.43670        0.40721        0.82075
   420.0        2.42670        0.40824        0.82132
   421.0        2.41677        0.40926        0.82189
   422.0        2.40692        0.41028        0.82245
   423.0        2.39715        0.41130        0.82302
   424.0        2.38745        0.41232        0.82358
   425.0        2.37782        0.41334        0.82413
   426.0        2.36826        0.41435        0.82469
   427.0        2.35878        0.41537        0.82525
   428.0        2.34936        0.41638        0.82581
   429.0        2.34002        0.41739        0.82636
   430.0        2.33075        0.41840        0.82691
   431.0        2.32155        0.41941        0.82745
   432.0        2.31242        0.42042        0.82800
   433.0        2.30335        0.42143        0.82854
   434.0        2.29436        0.42243        0.82908
   435.0        2.28543        0.42344        0.82961
   436.0        2.27657        0.42444        0.83015
   437.0        2.26777        0.42544        0.83068
   438.0        2.25904        0.42644        0.83120
   439.0        2.25037        0.42744        0.83173
   440.0        2.24177        0.42844        0.83225
   441.0        2.23323        0.42944        0.83277
   442.0        2.22475        0.43044        0.83329
   443.0        2.21634        0.43143        0.83381
   444.0        2.20798        0.43242        0.83432
   445.0        2.19969        0.43342        0.83483
   446.0        2.19146        0.43441        0.83534
   447.0        2.18328        0.43540        0.83585
   448.0        2.17518        0.43638        0.83635
   449.0        2.16714        0.43737        0.83685
   450.0        2.15916        0.43835        0.83735
   451.0        2.15123        0.43933        0.83785
   452.0        2.14336        0.44032        0.83834
   453.0        2.13555        0.44130        0.83884
   454.0        2.12779        0.44227        0.83933
   455.0        2.12009        0.44325        0.83982
   456.0        2.11244        0.44423        0.84030
   457.0        2.10484        0.44520        0.84078
   458.0        2.09730        0.44617        0.84126
   459.0        2.08981        0.44715        0.84174
   460.0        2.08238        0.44812        0.84222
   461.0        2.07500        0.44909        0.84269
   462.0        2.06766        0.45005        0.84317
   463.0        2.06038        0.45102        0.84364
   464.0        2.05315        0.45199        0.84410
   465.0        2.04598        0.45295        0.84457
   466.0        2.03884        0.45391        0.84503
   467.0        2.03177        0.45487        0.84549
   468.0        2.02473        0.45583        0.84595
   469.0        2.01775        0.45679        0.84641
   470.0        2.01081        0.45775        0.84687
   471.0        2.00392        0.45871        0.84732
   472.0        1.99708        0.45966        0.84777
   473.0        1.99028        0.46062        0.84822
   474.0        1.98353        0.46157        0.84866
   475.0        1.97683        0.46252        0.84911
   476.0        1.97017        0.46347        0.84955
   477.0        1.96356        0.46442        0.84999
   478.0        1.95699        0.46536        0.85043
   479.0        1.95046        0.46631        0.85087
   480.0        1.94398        0.46725        0.85130
   481.0        1.93754        0.46820        0.85174
   482.0        1.93115        0.46914        0.85217
   483.0        1.92479        0.47008        0.85260
   484.0        1.91848        0.47101        0.85302
   485.0        1.91222        0.47195        0.85345
   486.0        1.90598        0.47289        0.85387
   487.0        1.89980        0.47382        0.85430
   488.0        1.89364        0.47475        0.85472
   489.0        1.88752        0.47568        0.85515
   490.0        1.88145        0.47661        0.85558
   491.0        1.87541        0.47754        0.85600
   492.0        1.86942        0.47846        0.85642
   493.0        1.86346        0.47938        0.85684
   494.0        1.85754        0.48031        0.85726
   495.0        1.85166        0.48123        0.85767
   496.0        1.84581        0.48215        0.85809
   497.0        1.84001        0.48306        0.85850
   498.0        1.83424        0.48398        0.85891
   499.0        1.82851        0.48490        0.85932
   500.0        1.82281        0.48581        0.85973
   501.0        1.81746        0.48664        0.86013
   502.0        1.81213        0.48747        0.86053
   503.0        1.80684        0.48830        0.86093
   504.0        1.80158        0.48913        0.86133
   505.0        1.79635        0.48995        0.86173
   506.0        1.79116        0.49078        0.86213
   507.0        1.78599        0.49160        0.86252
   508.0        1.78086        0.49243        0.86291
   509.0        1.77577        0.49325        0.86329
   510.0        1.77071        0.49408        0.86366
   511.0        1.76568        0.49490        0.86404
   512.0        1.76068        0.49572        0.86441
   513.0        1.75571        0.49654        0.86478
   514.0        1.75077        0.49736        0.86515
   515.0        1.74586        0.49818        0.86552
   516.0        1.74097        0.49899        0.86589
   517.0        1.73612        0.49981        0.86626
   518.0        1.73129        0.50062        0.86662
   519.0        1.72649        0.50144        0.86698
   520.0        1.72172        0.50225        0.86734
   521.0        1.71698        0.50306        0.86770
   522.0        1.71227        0.50386        0.86806
   523.0        1.70758        0.50467        0.86842
   524.0        1.70292        0.50548        0.86877
   525.0        1.69829        0.50628        0.86913
   526.0        1.69368        0.50709        0.86948
   527.0        1.68910        0.50789        0.86983
   528.0        1.68455        0.50869        0.87018
   529.0        1.68002        0.50949        0.87053
   530.0        1.67552        0.51029        0.87087
   531.0        1.67104        0.51108        0.87122
   532.0        1.66659        0.51188        0.87156
   533.0        1.66217        0.51267        0.87190
   534.0        1.65776        0.51347        0.87224
   535.0        1.65339        0.51426        0.87258
   536.0        1.64904        0.51505        0.87292
   537.0        1.64471        0.51584        0.87326
   538.0        1.64041        0.51663        0.87359
   539.0        1.63613        0.51741        0.87393
   540.0        1.63188        0.51820        0.87426
   541.0        1.62765        0.51898        0.87459
   542.0        1.62344        0.51976        0.87492
   543.0        1.61926        0.52054        0.87525
   544.0        1.61510        0.52133        0.87557
   545.0        1.61096        0.52210        0.87590
   546.0        1.60685        0.52288        0.87622
   547.0        1.60276        0.52366        0.87655
   548.0        1.59869        0.52443        0.87687
   549.0        1.59465        0.52520        0.87719
   550.0        1.59063        0.52597        0.87751
   551.0        1.58663        0.52674        0.87782
   552.0        1.58266        0.52751        0.87814
   553.0        1.57870        0.52828        0.87846
   554.0        1.57477        0.52904        0.87877
   555.0        1.57086        0.52981        0.87908
   556.0        1.56697        0.53057        0.87939
   557.0        1.56310        0.53133        0.87970
   558.0        1.55926        0.53209        0.88001
   559.0        1.55543        0.53285        0.88032
   560.0        1.55162        0.53361        0.88063
   561.0        1.54784        0.53436        0.88093
   562.0        1.54407        0.53512        0.88123
   563.0        1.54032        0.53587        0.88154
   564.0        1.53660        0.53663        0.88184
   565.0        1.53289        0.53738        0.88214
   566.0        1.52920        0.53812        0.88244
   567.0        1.52553        0.53887        0.88275
   568.0        1.52188        0.53962        0.88305
   569.0        1.51825        0.54036        0.88335
   570.0        1.51463        0.54111        0.88365
   571.0        1.51104        0.54185        0.88394
   572.0        1.50746        0.54259        0.88424
   573.0        1.50390        0.54333        0.88454
   574.0        1.50037        0.54407        0.88483
   575.0        1.49684        0.54480        0.88512
   576.0        1.49334        0.54554        0.88542
   577.0        1.48986        0.54628        0.88571
   578.0        1.48640        0.54701        0.88600
   579.0        1.48295        0.54774        0.88628
   580.0        1.47952        0.54847        0.88657
   581.0        1.47610        0.54920        0.88686
   582.0        1.47271        0.54993        0.88714
   583.0        1.46933        0.55066        0.88743
   584.0        1.46597        0.55138        0.88771
   585.0        1.46263        0.55211        0.88799
   586.0        1.45930        0.55283        0.88827
   587.0        1.45599        0.55355        0.88855
   588.0        1.45270        0.55427        0.88883
   589.0        1.44943        0.55499        0.88911
   590.0        1.44617        0.55571        0.88938
   591.0        1.44293        0.55643        0.88965
   592.0        1.43971        0.55715        0.88993
   593.0        1.43650        0.55786        0.89020
   594.0        1.43331        0.55857        0.89047
   595.0        1.43013        0.55929        0.89073
   596.0        1.42698        0.56000        0.89100
   597.0        1.42383        0.56071        0.89127
   598.0        1.42070        0.56142        0.89153
   599.0        1.41759        0.56213        0.89180
   600.0        1.41449        0.56283        0.89206
   601.0        1.41142        0.56353        0.89232
   602.0        1.40836        0.56424        0.89258
   603.0        1.40531        0.56494        0.89284
   604.0        1.40228        0.56563        0.89310
   605.0        1.39926        0.56633        0.89336
   606.0        1.39626        0.56703        0.89362
   607.0        1.39328        0.56772        0.89388
   608.0        1.39031        0.56842        0.89413
   609.0        1.38735        0.56911        0.89439
   610.0        1.38433        0.56978        0.89463
   611.0        1.38133        0.57045        0.89487
   612.0        1.37834        0.57111        0.89512
   613.0        1.37536        0.57178        0.89536
   614.0        1.37240        0.57244        0.89560
   615.0        1.36945        0.57310        0.89583
   616.0        1.36652        0.57376        0.89607
   617.0        1.36360        0.57442        0.89631
   618.0        1.36070        0.57508        0.89655
   619.0        1.35781        0.57574        0.89678
   620.0        1.35493        0.57640        0.89702
   621.0        1.35206        0.57705        0.89725
   622.0        1.34921        0.57771        0.89748
   623.0        1.34637        0.57836        0.89772
   624.0        1.34355        0.57901        0.89795
   625.0        1.34074        0.57966        0.89818
   626.0        1.33794        0.58031        0.89841
   627.0        1.33516        0.58096        0.89864
   628.0        1.33239        0.58160        0.89887
   629.0        1.32963        0.58225        0.89909
   630.0        1.32688        0.58289        0.89932
   631.0        1.32414        0.58354        0.89954
   632.0        1.32142        0.58418        0.89977
   633.0        1.31872        0.58482        0.89999
   634.0        1.31602        0.58546        0.90022
   635.0        1.31334        0.58610        0.90044
   636.0        1.31067        0.58674        0.90066
   637.0        1.30801        0.58737        0.90088
   638.0        1.30536        0.58801        0.90110
   639.0        1.30273        0.58864        0.90132
   640.0        1.30010        0.58927        0.90154
   641.0        1.29749        0.58991        0.90176
   642.0        1.29489        0.59054        0.90197
   643.0        1.29230        0.59117        0.90219
   644.0        1.28973        0.59179        0.90241
   645.0        1.28717        0.59242        0.90262
   646.0        1.28462        0.59304        0.90283
   647.0        1.28208        0.59367        0.90305
   648.0        1.27956        0.59429        0.90326
   649.0        1.27704        0.59491        0.90347
   650.0        1.27454        0.59553        0.90368
   651.0        1.27205        0.59615        0.90389
   652.0        1.26957        0.59676        0.90410
   653.0        1.26710        0.59738        0.90431
   654.0        1.26464        0.59799        0.90452
   655.0        1.26219        0.59861        0.90473
   656.0        1.25975        0.59922        0.90493
   657.0        1.25733        0.59983        0.90514
   658.0        1.25492        0.60044        0.90535
   659.0        1.25251        0.60105        0.90555
   660.0        1.25011        0.60166        0.90576
   661.0        1.24773        0.60227        0.90596
   662.0        1.24535        0.60287        0.90616
   663.0        1.24299        0.60348        0.90636
   664.0        1.24064        0.60408        0.90656
   665.0        1.23830        0.60468        0.90677
   666.0        1.23596        0.60528        0.90697
   667.0        1.23364        0.60588        0.90716
   668.0        1.23133        0.60648        0.90736
   669.0        1.22903        0.60708        0.90756
   670.0        1.22673        0.60768        0.90776
   671.0        1.22445        0.60827        0.90795
   672.0        1.22218        0.60887        0.90815
   673.0        1.21991        0.60946        0.90835
   674.0        1.21766        0.61005        0.90854
   675.0        1.21542        0.61065        0.90873
   676.0        1.21318        0.61124        0.90893
   677.0        1.21096        0.61182        0.90912
   678.0        1.20874        0.61241        0.90931
   679.0        1.20654        0.61300        0.90950
   680.0        1.20434        0.61359        0.90969
   681.0        1.20215        0.61417        0.90988
   682.0        1.19998        0.61475        0.91007
   683.0        1.19780        0.61534        0.91026
   684.0        1.19564        0.61592        0.91045
   685.0        1.19349        0.61650        0.91064
   686.0        1.19135        0.61708        0.91083
   687.0        1.18921        0.61766        0.91102
   688.0        1.18709        0.61823        0.91120
   689.0        1.18497        0.61881        0.91139
   690.0        1.18287        0.61938        0.91158
   691.0        1.18077        0.61996        0.91176
   692.0        1.17867        0.62053        0.91195
   693.0        1.17660        0.62110        0.91213
   694.0        1.17453        0.62167        0.91231
   695.0        1.17246        0.62224        0.91249
   696.0        1.17040        0.62281        0.91268
   697.0        1.16836        0.62338        0.91286
   698.0        1.16632        0.62394        0.91304
   699.0        1.16429        0.62451        0.91322
   700.0        1.16227        0.62507        0.91340
   701.0        1.16025        0.62564        0.91358
   702.0        1.15824        0.62620        0.91376
   703.0        1.15625        0.62676        0.91393
   704.0        1.15426        0.62732        0.91411
   705.0        1.15228        0.62788        0.91429
   706.0        1.15031        0.62844        0.91446
   707.0        1.14834        0.62899        0.91464
   708.0        1.14639        0.62955        0.91481
   709.0        1.14443        0.63010        0.91499
   710.0        1.14250        0.63066        0.91516
   711.0        1.14056        0.63121        0.91533
   712.0        1.13863        0.63176        0.91551
   713.0        1.13671        0.63231        0.91568
   714.0        1.13480        0.63286        0.91585
   715.0        1.13290        0.63341        0.91602
   716.0        1.13101        0.63396        0.91619
   717.0        1.12912        0.63451        0.91636
   718.0        1.12724        0.63505        0.91653
   719.0        1.12543        0.63556        0.91670
   720.0        1.12365        0.63605        0.91687
   721.0        1.12187        0.63655        0.91704
   722.0        1.12010        0.63704        0.91721
   723.0        1.11834        0.63753        0.91738
   724.0        1.11658        0.63802        0.91755
   725.0        1.11483        0.63851        0.91772
   726.0        1.11309        0.63900        0.91789
   727.0        1.11135        0.63949        0.91805
   728.0        1.10963        0.63998        0.91821
   729.0        1.10790        0.64047        0.91838
   730.0        1.10619        0.64096        0.91854
   731.0        1.10448        0.64144        0.91870
   732.0        1.10278        0.64193        0.91886
   733.0        1.10108        0.64241        0.91902
   734.0        1.09939        0.64290        0.91918
   735.0        1.09771        0.64338        0.91934
   736.0        1.09603        0.64386        0.91950
   737.0        1.09436        0.64434        0.91966
   738.0        1.09270        0.64482        0.91981
   739.0        1.09105        0.64530        0.91997
   740.0        1.08940        0.64578        0.92012
   741.0        1.08775        0.64626        0.92028
   742.0        1.08611        0.64673        0.92043
   743.0        1.08448        0.64721        0.92059
   744.0        1.08286        0.64768        0.92074
   745.0        1.08124        0.64816        0.92090
   746.0        1.07962        0.64863        0.92105
   747.0        1.07801        0.64910        0.92120
   748.0        1.07641        0.64957        0.92135
   749.0        1.07482        0.65004        0.92150
   750.0        1.07322        0.65051        0.92165
   751.0        1.07164        0.65098        0.92180
   752.0        1.07006        0.65145        0.92195
   753.0        1.06848        0.65191        0.92210
   754.0        1.06692        0.65238        0.92225
   755.0        1.06536        0.65285        0.92240
   756.0        1.06380        0.65331        0.92255
   757.0        1.06225        0.65377        0.92270
   758.0        1.06070        0.65423        0.92284
   759.0        1.05917        0.65469        0.92299
   760.0        1.05764        0.65515        0.92314
   761.0        1.05612        0.65560        0.92328
   762.0        1.05460        0.65606        0.92343
   763.0        1.05309        0.65651        0.92357
   764.0        1.05159        0.65696        0.92372
   765.0        1.05009        0.65742        0.92386
   766.0        1.04859        0.65787        0.92401
   767.0        1.04710        0.65832        0.92415
   768.0        1.04561        0.65877        0.92429
   769.0        1.04414        0.65922        0.92443
   770.0        1.04266        0.65966        0.92458
   771.0        1.04119        0.66011        0.92472
   772.0        1.03972        0.66056        0.92486
   773.0        1.03827        0.66100        0.92500
   774.0        1.03681        0.66145        0.92514
   775.0        1.03536        0.66189        0.92528
   776.0        1.03392        0.66234        0.92542
   777.0        1.03248        0.66278        0.92556
   778.0        1.03104        0.66322        0.92570
   779.0        1.02962        0.66366        0.92583
   780.0        1.02819        0.66410        0.92597
   781.0        1.02677        0.66454        0.92611
   782.0        1.02536        0.66498        0.92624
   783.0        1.02395        0.66542        0.92638
   784.0        1.02254        0.66585        0.92652
   785.0        1.02114        0.66629        0.92665
   786.0        1.01974        0.66673        0.92679
   787.0        1.01836        0.66716        0.92692
   788.0        1.01697        0.66759        0.92706
   789.0        1.01558        0.66803        0.92719
   790.0        1.01421        0.66846        0.92733
   791.0        1.01284        0.66889        0.92746
   792.0        1.01147        0.66932        0.92759
   793.0        1.01010        0.66975        0.92772
   794.0        1.00875        0.67018        0.92786
   795.0        1.00739        0.67061        0.92799
   796.0        1.00604        0.67103        0.92812
   797.0        1.00470        0.67146        0.92825
   798.0        1.00336        0.67189        0.92838
   799.0        1.00202        0.67231        0.92851
   800.0        1.00069        0.67274        0.92864
   801.0        0.99936        0.67316        0.92877
   802.0        0.99805        0.67358        0.92890
   803.0        0.99673        0.67400        0.92903
   804.0        0.99542        0.67442        0.92915
   805.0        0.99411        0.67484        0.92928
   806.0        0.99281        0.67526        0.92941
   807.0        0.99150        0.67568        0.92954
   808.0        0.99021        0.67610        0.92967
   809.0        0.98891        0.67651        0.92980
   810.0        0.98763        0.67693        0.92993
   811.0        0.98634        0.67734        0.93006
   812.0        0.98507        0.67775        0.93018
   813.0        0.98379        0.67817        0.93031
   814.0        0.98252        0.67858        0.93044
   815.0        0.98126        0.67899        0.93056
   816.0        0.97999        0.67940        0.93068
   817.0        0.97874        0.67981        0.93081
   818.0        0.97748        0.68022        0.93093
   819.0        0.97623        0.68063        0.93105
   820.0        0.97499        0.68104        0.93118
   821.0        0.97375        0.68145        0.93130
   822.0        0.97251        0.68185        0.93142
   823.0        0.97128        0.68226        0.93154
   824.0        0.97005        0.68267        0.93166
   825.0        0.96882        0.68307        0.93178
   826.0        0.96760        0.68347        0.93190
   827.0        0.96638        0.68388        0.93203
   828.0        0.96517        0.68428        0.93214
   829.0        0.96396        0.68468        0.93226
   830.0        0.96275        0.68508        0.93238
   831.0        0.96155        0.68548        0.93250
   832.0        0.96035        0.68588        0.93262
   833.0        0.95916        0.68628        0.93274
   834.0        0.95797        0.68668        0.93286
   835.0        0.95678        0.68708        0.93297
   836.0        0.95560        0.68747        0.93309
   837.0        0.95442        0.68787        0.93321
   838.0        0.95324        0.68827        0.93332
   839.0        0.95207        0.68866        0.93344
   840.0        0.95090        0.68905        0.93355
   841.0        0.94974        0.68945        0.93367
   842.0        0.94858        0.68984        0.93378
   843.0        0.94742        0.69023        0.93390
   844.0        0.94626        0.69062        0.93401
   845.0        0.94511        0.69101        0.93413
   846.0        0.94397        0.69140        0.93424
   847.0        0.94282        0.69179        0.93435
   848.0        0.94169        0.69218        0.93447
   849.0        0.94055        0.69257        0.93458
   850.0        0.93942        0.69296        0.93469
   851.0        0.93829        0.69334        0.93480
   852.0        0.93716        0.69373        0.93492
   853.0        0.93604        0.69411        0.93503
   854.0        0.93492        0.69450        0.93514
   855.0        0.93381        0.69488        0.93525
   856.0        0.93269        0.69527        0.93536
   857.0        0.93158        0.69565        0.93547
   858.0        0.93048        0.69603        0.93558
   859.0        0.92938        0.69641        0.93569
   860.0        0.92828        0.69679        0.93580
   861.0        0.92718        0.69717        0.93591
   862.0        0.92609        0.69755        0.93602
   863.0        0.92500        0.69793        0.93613
   864.0        0.92391        0.69830        0.93624
   865.0        0.92283        0.69868        0.93635
   866.0        0.92175        0.69906        0.93646
   867.0        0.92067        0.69943        0.93657
   868.0        0.91960        0.69981        0.93668
   869.0        0.91853        0.70018        0.93679
   870.0        0.91746        0.70056        0.93690
   871.0        0.91640        0.70093        0.93700
   872.0        0.91534        0.70130        0.93711
   873.0        0.91428        0.70167        0.93721
   874.0        0.91323        0.70204        0.93732
   875.0        0.91218        0.70241        0.93742
   876.0        0.91114        0.70278        0.93752
   877.0        0.91009        0.70315        0.93763
   878.0        0.90905        0.70352        0.93773
   879.0        0.90802        0.70389        0.93783
   880.0        0.90698        0.70426        0.93794
   881.0        0.90595        0.70463        0.93804
   882.0        0.90492        0.70499        0.93814
   883.0        0.90390        0.70536        0.93825
   884.0        0.90288        0.70572        0.93835
   885.0        0.90186        0.70609        0.93845
   886.0        0.90084        0.70645        0.93855
   887.0        0.89983        0.70681        0.93865
   888.0        0.89882        0.70717        0.93875
   889.0        0.89781        0.70754        0.93885
   890.0        0.89681        0.70790        0.93895
   891.0        0.89581        0.70826        0.93905
   892.0        0.89481        0.70862        0.93915
   893.0        0.89381        0.70898        0.93925
   894.0        0.89282        0.70934        0.93935
   895.0        0.89183        0.70969        0.93945
   896.0        0.89085        0.71005        0.93955
   897.0        0.88986        0.71040        0.93965
   898.0        0.88888        0.71076        0.93975
   899.0        0.88790        0.71111        0.93985
   900.0        0.88692        0.71147        0.93995
   901.0        0.88595        0.71182        0.94004
   902.0        0.88498        0.71217        0.94014
   903.0        0.88402        0.71253        0.94024
   904.0        0.88305        0.71288        0.94034
   905.0        0.88209        0.71323        0.94044
   906.0        0.88113        0.71358        0.94053
   907.0        0.88018        0.71393        0.94063
   908.0        0.87922        0.71428        0.94073
   909.0        0.87827        0.71463        0.94082
   910.0        0.87732        0.71497        0.94092
   911.0        0.87638        0.71532        0.94101
   912.0        0.87543        0.71567        0.94111
   913.0        0.87450        0.71601        0.94121
   914.0        0.87356        0.71636        0.94130
   915.0        0.87262        0.71670        0.94140
   916.0        0.87169        0.71705        0.94149
   917.0        0.87076        0.71739        0.94159
   918.0        0.86984        0.71773        0.94168
   919.0        0.86891        0.71808        0.94177
   920.0        0.86799        0.71842        0.94187
   921.0        0.86707        0.71876        0.94196
   922.0        0.86616        0.71910        0.94205
   923.0        0.86524        0.71944        0.94215
   924.0        0.86433        0.71978        0.94224
   925.0        0.86342        0.72012        0.94233
   926.0        0.86252        0.72046        0.94242
   927.0        0.86161        0.72079        0.94252
   928.0        0.86071        0.72113        0.94261
   929.0        0.85981        0.72147        0.94270
   930.0        0.85891        0.72180        0.94279
   931.0        0.85802        0.72214        0.94288
   932.0        0.85713        0.72247        0.94297
   933.0        0.85624        0.72281        0.94306
   934.0        0.85536        0.72314        0.94315
   935.0        0.85447        0.72347        0.94324
   936.0        0.85359        0.72381        0.94333
   937.0        0.85271        0.72414        0.94342
   938.0        0.85184        0.72447        0.94351
   939.0        0.85096        0.72480        0.94360
   940.0        0.85009        0.72513        0.94369
   941.0        0.84922        0.72546        0.94378
   942.0        0.84835        0.72579        0.94387
   943.0        0.84749        0.72612        0.94396
   944.0        0.84662        0.72645        0.94404
   945.0        0.84576        0.72677        0.94413
   946.0        0.84491        0.72710        0.94422
   947.0        0.84405        0.72743        0.94431
   948.0        0.84320        0.72775        0.94439
   949.0        0.84234        0.72808        0.94448
   950.0        0.84150        0.72840        0.94457
   951.0        0.84064        0.72872        0.94466
   952.0        0.83980        0.72905        0.94476
   953.0        0.83895        0.72937        0.94485
   954.0        0.83811        0.72969        0.94494
   955.0        0.83727        0.73001        0.94503
   956.0        0.83643        0.73033        0.94512
   957.0        0.83559        0.73065        0.94521
   958.0        0.83476        0.73097        0.94530
   959.0        0.83393        0.73129        0.94539
   960.0        0.83310        0.73161        0.94548
   961.0        0.83227        0.73192        0.94557
   962.0        0.83145        0.73224        0.94566
   963.0        0.83062        0.73256        0.94575
   964.0        0.82980        0.73287        0.94584
   965.0        0.82898        0.73319        0.94592
   966.0        0.82817        0.73350        0.94601
   967.0        0.82735        0.73382        0.94610
   968.0        0.82654        0.73413        0.94619
   969.0        0.82573        0.73444        0.94628
   970.0        0.82493        0.73476        0.94636
   971.0        0.82412        0.73507        0.94645
   972.0        0.82332        0.73538        0.94654
   973.0        0.82252        0.73569        0.94662
   974.0        0.82171        0.73600        0.94671
   975.0        0.82092        0.73631        0.94680
   976.0        0.82012        0.73662        0.94688
   977.0        0.81933        0.73693        0.94697
   978.0        0.81854        0.73724        0.94705
   979.0        0.81774        0.73755        0.94715
   980.0        0.81693        0.73785        0.94727
   981.0        0.81613        0.73815        0.94739
   982.0        0.81532        0.73844        0.94751
   983.0        0.81451        0.73874        0.94763
   984.0        0.81371        0.73904        0.94776
   985.0        0.81291        0.73934        0.94788
   986.0        0.81212        0.73963        0.94800
   987.0        0.81132        0.73993        0.94812
   988.0        0.81053        0.74023        0.94824
   989.0        0.80974        0.74052        0.94836
   990.0        0.80895        0.74082        0.94848
   991.0        0.80816        0.74111        0.94859
   992.0        0.80737        0.74141        0.94871
   993.0        0.80659        0.74170        0.94883
   994.0        0.80581        0.74199        0.94895
   995.0        0.80503        0.74229        0.94906
   996.0        0.80425        0.74258        0.94918
   997.0        0.80348        0.74287        0.94930
   998.0        0.80271        0.74316        0.94941
   999.0        0.80194        0.74345        0.94953
  1000.0        0.80117        0.74374        0.94964
