 liver               
 Density =    1.050000      Aeff =    12.68203      Zeff =    6.998294    
     1.0     3843.62695        0.00042        0.00896
     2.0      581.40192        0.00227        0.03411
     3.0      189.55240        0.00552        0.07219
     4.0       81.85208        0.01029        0.11855
     5.0       42.20887        0.01652        0.16964
     6.0       24.62042        0.02418        0.22191
     7.0       15.44431        0.03383        0.27273
     8.0       10.38963        0.04520        0.32070
     9.0        7.31669        0.05871        0.36483
    10.0        5.36796        0.07432        0.40583
    11.0        4.07003        0.09204        0.44321
    12.0        3.17493        0.11178        0.47733
    13.0        2.52792        0.13409        0.50912
    14.0        2.05426        0.15841        0.53810
    15.0        1.70181        0.18445        0.56478
    16.0        1.43376        0.21213        0.58969
    17.0        1.22676        0.24111        0.61298
    18.0        1.06428        0.27113        0.63469
    19.0        0.93470        0.30175        0.65467
    20.0        0.82983        0.33252        0.67282
    21.0        0.74429        0.36335        0.68982
    22.0        0.67390        0.39407        0.70571
    23.0        0.61543        0.42444        0.72061
    24.0        0.56642        0.45422        0.73471
    25.0        0.52470        0.48353        0.74780
    26.0        0.48894        0.51213        0.76015
    27.0        0.45804        0.53937        0.77138
    28.0        0.43139        0.56547        0.78205
    29.0        0.40830        0.59040        0.79196
    30.0        0.38822        0.61418        0.80125
    31.0        0.37062        0.63681        0.81002
    32.0        0.35513        0.65822        0.81821
    33.0        0.34145        0.67843        0.82590
    34.0        0.32933        0.69749        0.83313
    35.0        0.31855        0.71544        0.83994
    36.0        0.30893        0.73231        0.84636
    37.0        0.30014        0.74800        0.85232
    38.0        0.29214        0.76266        0.85790
    39.0        0.28491        0.77641        0.86318
    40.0        0.27835        0.78929        0.86821
    41.0        0.27239        0.80135        0.87297
    42.0        0.26695        0.81263        0.87750
    43.0        0.26199        0.82319        0.88180
    44.0        0.25744        0.83308        0.88588
    45.0        0.25324        0.84230        0.88974
    46.0        0.24936        0.85094        0.89342
    47.0        0.24575        0.85900        0.89690
    48.0        0.24224        0.86645        0.90013
    49.0        0.23896        0.87342        0.90321
    50.0        0.23590        0.87996        0.90614
    51.0        0.23303        0.88614        0.90895
    52.0        0.23035        0.89193        0.91164
    53.0        0.22784        0.89736        0.91421
    54.0        0.22548        0.90247        0.91668
    55.0        0.22327        0.90726        0.91905
    56.0        0.22119        0.91177        0.92131
    57.0        0.21923        0.91601        0.92349
    58.0        0.21737        0.91999        0.92557
    59.0        0.21559        0.92374        0.92757
    60.0        0.21392        0.92727        0.92949
    61.0        0.21233        0.93060        0.93133
    62.0        0.21081        0.93373        0.93311
    63.0        0.20938        0.93670        0.93481
    64.0        0.20801        0.93949        0.93645
    65.0        0.20671        0.94214        0.93803
    66.0        0.20546        0.94464        0.93956
    67.0        0.20428        0.94700        0.94103
    68.0        0.20314        0.94924        0.94244
    69.0        0.20198        0.95133        0.94378
    70.0        0.20079        0.95331        0.94506
    71.0        0.19964        0.95518        0.94629
    72.0        0.19853        0.95695        0.94748
    73.0        0.19747        0.95864        0.94863
    74.0        0.19644        0.96024        0.94974
    75.0        0.19545        0.96176        0.95082
    76.0        0.19450        0.96321        0.95186
    77.0        0.19355        0.96458        0.95287
    78.0        0.19264        0.96589        0.95384
    79.0        0.19176        0.96714        0.95479
    80.0        0.19091        0.96833        0.95570
    81.0        0.19008        0.96947        0.95659
    82.0        0.18928        0.97055        0.95745
    83.0        0.18849        0.97158        0.95828
    84.0        0.18774        0.97257        0.95910
    85.0        0.18700        0.97351        0.95988
    86.0        0.18628        0.97441        0.96064
    87.0        0.18559        0.97527        0.96139
    88.0        0.18491        0.97610        0.96211
    89.0        0.18424        0.97689        0.96281
    90.0        0.18360        0.97764        0.96349
    91.0        0.18297        0.97836        0.96415
    92.0        0.18236        0.97906        0.96480
    93.0        0.18176        0.97972        0.96542
    94.0        0.18117        0.98036        0.96603
    95.0        0.18060        0.98097        0.96663
    96.0        0.18004        0.98156        0.96721
    97.0        0.17950        0.98212        0.96777
    98.0        0.17896        0.98266        0.96832
    99.0        0.17844        0.98318        0.96885
   100.0        0.17793        0.98368        0.96937
   101.0        0.17734        0.98415        0.96987
   102.0        0.17677        0.98460        0.97035
   103.0        0.17620        0.98503        0.97082
   104.0        0.17564        0.98545        0.97127
   105.0        0.17510        0.98585        0.97172
   106.0        0.17456        0.98624        0.97216
   107.0        0.17404        0.98661        0.97258
   108.0        0.17352        0.98697        0.97300
   109.0        0.17301        0.98732        0.97340
   110.0        0.17251        0.98765        0.97380
   111.0        0.17202        0.98798        0.97419
   112.0        0.17154        0.98829        0.97457
   113.0        0.17107        0.98859        0.97494
   114.0        0.17060        0.98888        0.97530
   115.0        0.17014        0.98917        0.97566
   116.0        0.16969        0.98944        0.97600
   117.0        0.16924        0.98970        0.97634
   118.0        0.16881        0.98996        0.97667
   119.0        0.16837        0.99020        0.97700
   120.0        0.16795        0.99044        0.97732
   121.0        0.16753        0.99067        0.97763
   122.0        0.16712        0.99090        0.97793
   123.0        0.16671        0.99111        0.97823
   124.0        0.16631        0.99132        0.97852
   125.0        0.16592        0.99153        0.97881
   126.0        0.16553        0.99172        0.97909
   127.0        0.16514        0.99192        0.97936
   128.0        0.16476        0.99210        0.97963
   129.0        0.16439        0.99228        0.97990
   130.0        0.16402        0.99245        0.98015
   131.0        0.16365        0.99262        0.98041
   132.0        0.16329        0.99279        0.98065
   133.0        0.16294        0.99295        0.98090
   134.0        0.16256        0.99310        0.98113
   135.0        0.16216        0.99325        0.98136
   136.0        0.16177        0.99339        0.98159
   137.0        0.16139        0.99353        0.98181
   138.0        0.16100        0.99367        0.98202
   139.0        0.16063        0.99380        0.98224
   140.0        0.16026        0.99393        0.98244
   141.0        0.15989        0.99405        0.98265
   142.0        0.15953        0.99417        0.98285
   143.0        0.15917        0.99429        0.98305
   144.0        0.15881        0.99441        0.98324
   145.0        0.15846        0.99452        0.98343
   146.0        0.15811        0.99463        0.98362
   147.0        0.15777        0.99474        0.98380
   148.0        0.15743        0.99484        0.98398
   149.0        0.15709        0.99494        0.98416
   150.0        0.15676        0.99504        0.98433
   151.0        0.15643        0.99513        0.98450
   152.0        0.15610        0.99523        0.98467
   153.0        0.15578        0.99532        0.98484
   154.0        0.15546        0.99541        0.98500
   155.0        0.15514        0.99549        0.98516
   156.0        0.15483        0.99558        0.98532
   157.0        0.15452        0.99566        0.98547
   158.0        0.15421        0.99574        0.98562
   159.0        0.15391        0.99582        0.98577
   160.0        0.15361        0.99589        0.98592
   161.0        0.15331        0.99597        0.98607
   162.0        0.15302        0.99604        0.98621
   163.0        0.15272        0.99611        0.98635
   164.0        0.15243        0.99618        0.98649
   165.0        0.15215        0.99625        0.98662
   166.0        0.15186        0.99631        0.98676
   167.0        0.15158        0.99638        0.98689
   168.0        0.15130        0.99644        0.98702
   169.0        0.15102        0.99650        0.98715
   170.0        0.15075        0.99656        0.98727
   171.0        0.15048        0.99662        0.98740
   172.0        0.15019        0.99668        0.98752
   173.0        0.14988        0.99673        0.98763
   174.0        0.14958        0.99679        0.98775
   175.0        0.14928        0.99684        0.98786
   176.0        0.14898        0.99689        0.98797
   177.0        0.14868        0.99694        0.98808
   178.0        0.14839        0.99699        0.98819
   179.0        0.14810        0.99704        0.98830
   180.0        0.14781        0.99709        0.98840
   181.0        0.14752        0.99713        0.98851
   182.0        0.14724        0.99718        0.98861
   183.0        0.14696        0.99722        0.98871
   184.0        0.14668        0.99727        0.98881
   185.0        0.14640        0.99731        0.98891
   186.0        0.14612        0.99735        0.98901
   187.0        0.14585        0.99739        0.98910
   188.0        0.14558        0.99743        0.98920
   189.0        0.14531        0.99747        0.98929
   190.0        0.14504        0.99751        0.98938
   191.0        0.14478        0.99755        0.98947
   192.0        0.14452        0.99758        0.98956
   193.0        0.14426        0.99762        0.98965
   194.0        0.14400        0.99765        0.98974
   195.0        0.14374        0.99769        0.98982
   196.0        0.14349        0.99772        0.98991
   197.0        0.14324        0.99776        0.98999
   198.0        0.14299        0.99779        0.99007
   199.0        0.14274        0.99782        0.99015
   200.0        0.14249        0.99785        0.99024
   201.0        0.14225        0.99788        0.99031
   202.0        0.14200        0.99791        0.99039
   203.0        0.14176        0.99794        0.99047
   204.0        0.14152        0.99797        0.99055
   205.0        0.14128        0.99799        0.99062
   206.0        0.14105        0.99802        0.99070
   207.0        0.14081        0.99805        0.99077
   208.0        0.14058        0.99807        0.99084
   209.0        0.14035        0.99810        0.99091
   210.0        0.14012        0.99812        0.99098
   211.0        0.13989        0.99815        0.99105
   212.0        0.13966        0.99817        0.99112
   213.0        0.13944        0.99820        0.99119
   214.0        0.13922        0.99822        0.99126
   215.0        0.13899        0.99824        0.99133
   216.0        0.13877        0.99826        0.99139
   217.0        0.13855        0.99829        0.99146
   218.0        0.13834        0.99831        0.99152
   219.0        0.13812        0.99833        0.99158
   220.0        0.13790        0.99835        0.99165
   221.0        0.13769        0.99837        0.99171
   222.0        0.13748        0.99839        0.99177
   223.0        0.13727        0.99841        0.99183
   224.0        0.13706        0.99843        0.99189
   225.0        0.13685        0.99845        0.99195
   226.0        0.13664        0.99847        0.99201
   227.0        0.13644        0.99849        0.99207
   228.0        0.13624        0.99851        0.99212
   229.0        0.13603        0.99852        0.99218
   230.0        0.13583        0.99854        0.99223
   231.0        0.13563        0.99856        0.99229
   232.0        0.13543        0.99858        0.99234
   233.0        0.13523        0.99859        0.99240
   234.0        0.13504        0.99861        0.99245
   235.0        0.13484        0.99863        0.99250
   236.0        0.13465        0.99864        0.99256
   237.0        0.13445        0.99866        0.99261
   238.0        0.13426        0.99867        0.99266
   239.0        0.13407        0.99869        0.99271
   240.0        0.13388        0.99870        0.99276
   241.0        0.13369        0.99872        0.99281
   242.0        0.13351        0.99873        0.99286
   243.0        0.13332        0.99875        0.99291
   244.0        0.13313        0.99876        0.99295
   245.0        0.13295        0.99878        0.99300
   246.0        0.13277        0.99879        0.99305
   247.0        0.13259        0.99880        0.99309
   248.0        0.13240        0.99882        0.99314
   249.0        0.13222        0.99883        0.99319
   250.0        0.13205        0.99884        0.99323
   251.0        0.13187        0.99885        0.99327
   252.0        0.13169        0.99887        0.99332
   253.0        0.13152        0.99888        0.99336
   254.0        0.13134        0.99889        0.99341
   255.0        0.13117        0.99890        0.99345
   256.0        0.13099        0.99892        0.99349
   257.0        0.13082        0.99893        0.99353
   258.0        0.13065        0.99894        0.99357
   259.0        0.13048        0.99895        0.99361
   260.0        0.13031        0.99896        0.99365
   261.0        0.13014        0.99897        0.99369
   262.0        0.12998        0.99898        0.99373
   263.0        0.12981        0.99899        0.99377
   264.0        0.12964        0.99900        0.99381
   265.0        0.12948        0.99901        0.99385
   266.0        0.12931        0.99902        0.99389
   267.0        0.12914        0.99903        0.99393
   268.0        0.12895        0.99904        0.99396
   269.0        0.12877        0.99905        0.99400
   270.0        0.12858        0.99906        0.99403
   271.0        0.12840        0.99907        0.99407
   272.0        0.12821        0.99908        0.99410
   273.0        0.12803        0.99909        0.99414
   274.0        0.12785        0.99910        0.99417
   275.0        0.12767        0.99911        0.99421
   276.0        0.12749        0.99912        0.99424
   277.0        0.12731        0.99913        0.99427
   278.0        0.12713        0.99913        0.99431
   279.0        0.12696        0.99914        0.99434
   280.0        0.12678        0.99915        0.99437
   281.0        0.12661        0.99916        0.99440
   282.0        0.12643        0.99917        0.99443
   283.0        0.12626        0.99918        0.99447
   284.0        0.12609        0.99918        0.99450
   285.0        0.12592        0.99919        0.99453
   286.0        0.12574        0.99920        0.99456
   287.0        0.12558        0.99921        0.99459
   288.0        0.12541        0.99921        0.99462
   289.0        0.12524        0.99922        0.99465
   290.0        0.12507        0.99923        0.99468
   291.0        0.12491        0.99924        0.99471
   292.0        0.12474        0.99924        0.99474
   293.0        0.12457        0.99925        0.99477
   294.0        0.12441        0.99926        0.99479
   295.0        0.12425        0.99926        0.99482
   296.0        0.12409        0.99927        0.99485
   297.0        0.12392        0.99928        0.99488
   298.0        0.12376        0.99928        0.99491
   299.0        0.12360        0.99929        0.99493
   300.0        0.12344        0.99930        0.99496
   301.0        0.12329        0.99930        0.99499
   302.0        0.12313        0.99931        0.99501
   303.0        0.12297        0.99931        0.99504
   304.0        0.12281        0.99932        0.99507
   305.0        0.12266        0.99933        0.99509
   306.0        0.12250        0.99933        0.99512
   307.0        0.12235        0.99934        0.99514
   308.0        0.12220        0.99934        0.99517
   309.0        0.12205        0.99935        0.99519
   310.0        0.12189        0.99935        0.99522
   311.0        0.12174        0.99936        0.99524
   312.0        0.12159        0.99936        0.99527
   313.0        0.12144        0.99937        0.99529
   314.0        0.12129        0.99937        0.99532
   315.0        0.12114        0.99938        0.99534
   316.0        0.12100        0.99938        0.99536
   317.0        0.12085        0.99939        0.99539
   318.0        0.12070        0.99939        0.99541
   319.0        0.12056        0.99940        0.99543
   320.0        0.12041        0.99940        0.99546
   321.0        0.12027        0.99941        0.99548
   322.0        0.12012        0.99941        0.99550
   323.0        0.11998        0.99942        0.99552
   324.0        0.11984        0.99942        0.99555
   325.0        0.11969        0.99943        0.99557
   326.0        0.11955        0.99943        0.99559
   327.0        0.11941        0.99944        0.99561
   328.0        0.11927        0.99944        0.99563
   329.0        0.11913        0.99944        0.99565
   330.0        0.11899        0.99945        0.99568
   331.0        0.11886        0.99945        0.99570
   332.0        0.11872        0.99946        0.99572
   333.0        0.11858        0.99946        0.99574
   334.0        0.11844        0.99947        0.99576
   335.0        0.11831        0.99947        0.99578
   336.0        0.11817        0.99947        0.99580
   337.0        0.11804        0.99948        0.99582
   338.0        0.11790        0.99948        0.99584
   339.0        0.11777        0.99949        0.99586
   340.0        0.11764        0.99949        0.99588
   341.0        0.11750        0.99949        0.99590
   342.0        0.11737        0.99950        0.99592
   343.0        0.11724        0.99950        0.99594
   344.0        0.11711        0.99950        0.99595
   345.0        0.11698        0.99951        0.99597
   346.0        0.11685        0.99951        0.99599
   347.0        0.11672        0.99952        0.99601
   348.0        0.11659        0.99952        0.99603
   349.0        0.11646        0.99952        0.99605
   350.0        0.11633        0.99953        0.99607
   351.0        0.11621        0.99953        0.99608
   352.0        0.11608        0.99953        0.99610
   353.0        0.11595        0.99954        0.99612
   354.0        0.11583        0.99954        0.99614
   355.0        0.11570        0.99954        0.99615
   356.0        0.11558        0.99955        0.99617
   357.0        0.11545        0.99955        0.99619
   358.0        0.11533        0.99955        0.99621
   359.0        0.11521        0.99956        0.99622
   360.0        0.11508        0.99956        0.99624
   361.0        0.11496        0.99956        0.99626
   362.0        0.11484        0.99957        0.99627
   363.0        0.11472        0.99957        0.99629
   364.0        0.11460        0.99957        0.99631
   365.0        0.11448        0.99957        0.99632
   366.0        0.11436        0.99958        0.99634
   367.0        0.11424        0.99958        0.99635
   368.0        0.11412        0.99958        0.99637
   369.0        0.11400        0.99959        0.99639
   370.0        0.11388        0.99959        0.99640
   371.0        0.11376        0.99959        0.99642
   372.0        0.11365        0.99959        0.99643
   373.0        0.11353        0.99960        0.99645
   374.0        0.11341        0.99960        0.99646
   375.0        0.11330        0.99960        0.99648
   376.0        0.11318        0.99961        0.99649
   377.0        0.11307        0.99961        0.99651
   378.0        0.11295        0.99961        0.99652
   379.0        0.11284        0.99961        0.99654
   380.0        0.11272        0.99962        0.99655
   381.0        0.11261        0.99962        0.99657
   382.0        0.11250        0.99962        0.99658
   383.0        0.11238        0.99962        0.99660
   384.0        0.11227        0.99963        0.99661
   385.0        0.11216        0.99963        0.99662
   386.0        0.11205        0.99963        0.99664
   387.0        0.11194        0.99963        0.99665
   388.0        0.11183        0.99964        0.99667
   389.0        0.11172        0.99964        0.99668
   390.0        0.11161        0.99964        0.99669
   391.0        0.11150        0.99964        0.99671
   392.0        0.11139        0.99965        0.99672
   393.0        0.11128        0.99965        0.99673
   394.0        0.11117        0.99965        0.99675
   395.0        0.11107        0.99965        0.99676
   396.0        0.11096        0.99965        0.99677
   397.0        0.11085        0.99966        0.99679
   398.0        0.11075        0.99966        0.99680
   399.0        0.11064        0.99966        0.99681
   400.0        0.11053        0.99966        0.99683
   401.0        0.11043        0.99966        0.99684
   402.0        0.11032        0.99967        0.99685
   403.0        0.11022        0.99967        0.99686
   404.0        0.11011        0.99967        0.99688
   405.0        0.11001        0.99967        0.99689
   406.0        0.10991        0.99967        0.99690
   407.0        0.10980        0.99968        0.99691
   408.0        0.10970        0.99968        0.99693
   409.0        0.10960        0.99968        0.99694
   410.0        0.10950        0.99968        0.99695
   411.0        0.10939        0.99968        0.99696
   412.0        0.10929        0.99969        0.99697
   413.0        0.10919        0.99969        0.99699
   414.0        0.10909        0.99969        0.99700
   415.0        0.10899        0.99969        0.99701
   416.0        0.10889        0.99969        0.99702
   417.0        0.10879        0.99969        0.99703
   418.0        0.10869        0.99970        0.99704
   419.0        0.10859        0.99970        0.99706
   420.0        0.10849        0.99970        0.99707
   421.0        0.10839        0.99970        0.99708
   422.0        0.10830        0.99970        0.99709
   423.0        0.10820        0.99971        0.99710
   424.0        0.10810        0.99971        0.99711
   425.0        0.10800        0.99971        0.99712
   426.0        0.10791        0.99971        0.99713
   427.0        0.10781        0.99971        0.99714
   428.0        0.10771        0.99971        0.99715
   429.0        0.10760        0.99971        0.99716
   430.0        0.10750        0.99972        0.99718
   431.0        0.10739        0.99972        0.99719
   432.0        0.10729        0.99972        0.99720
   433.0        0.10718        0.99972        0.99721
   434.0        0.10708        0.99972        0.99722
   435.0        0.10698        0.99972        0.99723
   436.0        0.10687        0.99973        0.99724
   437.0        0.10677        0.99973        0.99725
   438.0        0.10667        0.99973        0.99726
   439.0        0.10657        0.99973        0.99727
   440.0        0.10646        0.99973        0.99728
   441.0        0.10636        0.99973        0.99729
   442.0        0.10626        0.99973        0.99729
   443.0        0.10616        0.99974        0.99730
   444.0        0.10606        0.99974        0.99731
   445.0        0.10596        0.99974        0.99732
   446.0        0.10586        0.99974        0.99733
   447.0        0.10576        0.99974        0.99734
   448.0        0.10566        0.99974        0.99735
   449.0        0.10556        0.99974        0.99736
   450.0        0.10546        0.99974        0.99737
   451.0        0.10537        0.99975        0.99738
   452.0        0.10527        0.99975        0.99739
   453.0        0.10517        0.99975        0.99740
   454.0        0.10507        0.99975        0.99741
   455.0        0.10498        0.99975        0.99742
   456.0        0.10488        0.99975        0.99742
   457.0        0.10478        0.99975        0.99743
   458.0        0.10469        0.99976        0.99744
   459.0        0.10459        0.99976        0.99745
   460.0        0.10450        0.99976        0.99746
   461.0        0.10440        0.99976        0.99747
   462.0        0.10431        0.99976        0.99748
   463.0        0.10421        0.99976        0.99749
   464.0        0.10412        0.99976        0.99749
   465.0        0.10402        0.99976        0.99750
   466.0        0.10393        0.99976        0.99751
   467.0        0.10384        0.99977        0.99752
   468.0        0.10374        0.99977        0.99753
   469.0        0.10365        0.99977        0.99754
   470.0        0.10356        0.99977        0.99754
   471.0        0.10347        0.99977        0.99755
   472.0        0.10337        0.99977        0.99756
   473.0        0.10328        0.99977        0.99757
   474.0        0.10319        0.99977        0.99758
   475.0        0.10310        0.99978        0.99758
   476.0        0.10301        0.99978        0.99759
   477.0        0.10292        0.99978        0.99760
   478.0        0.10283        0.99978        0.99761
   479.0        0.10274        0.99978        0.99762
   480.0        0.10265        0.99978        0.99762
   481.0        0.10256        0.99978        0.99763
   482.0        0.10247        0.99978        0.99764
   483.0        0.10238        0.99978        0.99765
   484.0        0.10229        0.99978        0.99766
   485.0        0.10220        0.99979        0.99766
   486.0        0.10211        0.99979        0.99767
   487.0        0.10203        0.99979        0.99768
   488.0        0.10194        0.99979        0.99769
   489.0        0.10185        0.99979        0.99769
   490.0        0.10176        0.99979        0.99770
   491.0        0.10168        0.99979        0.99771
   492.0        0.10159        0.99979        0.99772
   493.0        0.10150        0.99979        0.99772
   494.0        0.10142        0.99979        0.99773
   495.0        0.10133        0.99980        0.99774
   496.0        0.10125        0.99980        0.99774
   497.0        0.10116        0.99980        0.99775
   498.0        0.10107        0.99980        0.99776
   499.0        0.10099        0.99980        0.99777
   500.0        0.10090        0.99980        0.99777
   501.0        0.10082        0.99980        0.99778
   502.0        0.10074        0.99980        0.99779
   503.0        0.10065        0.99980        0.99779
   504.0        0.10057        0.99980        0.99780
   505.0        0.10049        0.99980        0.99781
   506.0        0.10040        0.99981        0.99781
   507.0        0.10032        0.99981        0.99782
   508.0        0.10024        0.99981        0.99783
   509.0        0.10015        0.99981        0.99783
   510.0        0.10007        0.99981        0.99784
   511.0        0.09999        0.99981        0.99785
   512.0        0.09991        0.99981        0.99785
   513.0        0.09983        0.99981        0.99786
   514.0        0.09974        0.99981        0.99787
   515.0        0.09966        0.99981        0.99787
   516.0        0.09958        0.99981        0.99788
   517.0        0.09950        0.99981        0.99789
   518.0        0.09942        0.99982        0.99789
   519.0        0.09934        0.99982        0.99790
   520.0        0.09926        0.99982        0.99791
   521.0        0.09918        0.99982        0.99791
   522.0        0.09910        0.99982        0.99792
   523.0        0.09902        0.99982        0.99793
   524.0        0.09894        0.99982        0.99793
   525.0        0.09886        0.99982        0.99794
   526.0        0.09878        0.99982        0.99794
   527.0        0.09871        0.99982        0.99795
   528.0        0.09863        0.99982        0.99796
   529.0        0.09855        0.99982        0.99796
   530.0        0.09847        0.99982        0.99797
   531.0        0.09839        0.99982        0.99797
   532.0        0.09832        0.99983        0.99798
   533.0        0.09824        0.99983        0.99799
   534.0        0.09816        0.99983        0.99799
   535.0        0.09808        0.99983        0.99800
   536.0        0.09801        0.99983        0.99800
   537.0        0.09793        0.99983        0.99801
   538.0        0.09785        0.99983        0.99802
   539.0        0.09778        0.99983        0.99802
   540.0        0.09770        0.99983        0.99803
   541.0        0.09763        0.99983        0.99803
   542.0        0.09755        0.99983        0.99804
   543.0        0.09748        0.99983        0.99804
   544.0        0.09740        0.99983        0.99805
   545.0        0.09733        0.99983        0.99806
   546.0        0.09725        0.99984        0.99806
   547.0        0.09718        0.99984        0.99807
   548.0        0.09710        0.99984        0.99807
   549.0        0.09703        0.99984        0.99808
   550.0        0.09695        0.99984        0.99808
   551.0        0.09688        0.99984        0.99809
   552.0        0.09681        0.99984        0.99809
   553.0        0.09673        0.99984        0.99810
   554.0        0.09666        0.99984        0.99811
   555.0        0.09659        0.99984        0.99811
   556.0        0.09652        0.99984        0.99812
   557.0        0.09644        0.99984        0.99812
   558.0        0.09637        0.99984        0.99813
   559.0        0.09630        0.99984        0.99813
   560.0        0.09623        0.99984        0.99814
   561.0        0.09615        0.99984        0.99814
   562.0        0.09608        0.99985        0.99815
   563.0        0.09601        0.99985        0.99815
   564.0        0.09594        0.99985        0.99816
   565.0        0.09587        0.99985        0.99816
   566.0        0.09580        0.99985        0.99817
   567.0        0.09573        0.99985        0.99817
   568.0        0.09565        0.99985        0.99818
   569.0        0.09558        0.99985        0.99818
   570.0        0.09550        0.99985        0.99819
   571.0        0.09543        0.99985        0.99819
   572.0        0.09535        0.99985        0.99820
   573.0        0.09528        0.99985        0.99820
   574.0        0.09521        0.99985        0.99821
   575.0        0.09513        0.99985        0.99821
   576.0        0.09506        0.99985        0.99822
   577.0        0.09498        0.99985        0.99822
   578.0        0.09491        0.99985        0.99823
   579.0        0.09484        0.99985        0.99823
   580.0        0.09476        0.99986        0.99824
   581.0        0.09469        0.99986        0.99824
   582.0        0.09462        0.99986        0.99825
   583.0        0.09455        0.99986        0.99825
   584.0        0.09447        0.99986        0.99826
   585.0        0.09440        0.99986        0.99826
   586.0        0.09433        0.99986        0.99826
   587.0        0.09426        0.99986        0.99827
   588.0        0.09419        0.99986        0.99827
   589.0        0.09411        0.99986        0.99828
   590.0        0.09404        0.99986        0.99828
   591.0        0.09397        0.99986        0.99829
   592.0        0.09390        0.99986        0.99829
   593.0        0.09383        0.99986        0.99830
   594.0        0.09376        0.99986        0.99830
   595.0        0.09369        0.99986        0.99830
   596.0        0.09362        0.99986        0.99831
   597.0        0.09355        0.99986        0.99831
   598.0        0.09348        0.99986        0.99832
   599.0        0.09341        0.99986        0.99832
   600.0        0.09334        0.99987        0.99833
   601.0        0.09327        0.99987        0.99833
   602.0        0.09320        0.99987        0.99834
   603.0        0.09313        0.99987        0.99834
   604.0        0.09306        0.99987        0.99834
   605.0        0.09299        0.99987        0.99835
   606.0        0.09293        0.99987        0.99835
   607.0        0.09286        0.99987        0.99836
   608.0        0.09279        0.99987        0.99836
   609.0        0.09272        0.99987        0.99836
   610.0        0.09265        0.99987        0.99837
   611.0        0.09259        0.99987        0.99837
   612.0        0.09252        0.99987        0.99838
   613.0        0.09245        0.99987        0.99838
   614.0        0.09238        0.99987        0.99839
   615.0        0.09232        0.99987        0.99839
   616.0        0.09225        0.99987        0.99839
   617.0        0.09218        0.99987        0.99840
   618.0        0.09212        0.99987        0.99840
   619.0        0.09205        0.99987        0.99841
   620.0        0.09198        0.99987        0.99841
   621.0        0.09192        0.99987        0.99841
   622.0        0.09185        0.99987        0.99842
   623.0        0.09178        0.99988        0.99842
   624.0        0.09172        0.99988        0.99843
   625.0        0.09165        0.99988        0.99843
   626.0        0.09159        0.99988        0.99843
   627.0        0.09152        0.99988        0.99844
   628.0        0.09146        0.99988        0.99844
   629.0        0.09139        0.99988        0.99844
   630.0        0.09133        0.99988        0.99845
   631.0        0.09126        0.99988        0.99845
   632.0        0.09120        0.99988        0.99846
   633.0        0.09113        0.99988        0.99846
   634.0        0.09107        0.99988        0.99846
   635.0        0.09101        0.99988        0.99847
   636.0        0.09094        0.99988        0.99847
   637.0        0.09088        0.99988        0.99848
   638.0        0.09081        0.99988        0.99848
   639.0        0.09075        0.99988        0.99848
   640.0        0.09069        0.99988        0.99849
   641.0        0.09062        0.99988        0.99849
   642.0        0.09056        0.99988        0.99849
   643.0        0.09050        0.99988        0.99850
   644.0        0.09044        0.99988        0.99850
   645.0        0.09037        0.99988        0.99850
   646.0        0.09031        0.99988        0.99851
   647.0        0.09025        0.99988        0.99851
   648.0        0.09019        0.99989        0.99852
   649.0        0.09012        0.99989        0.99852
   650.0        0.09006        0.99989        0.99852
   651.0        0.09000        0.99989        0.99853
   652.0        0.08994        0.99989        0.99853
   653.0        0.08988        0.99989        0.99853
   654.0        0.08982        0.99989        0.99854
   655.0        0.08975        0.99989        0.99854
   656.0        0.08969        0.99989        0.99854
   657.0        0.08963        0.99989        0.99855
   658.0        0.08957        0.99989        0.99855
   659.0        0.08951        0.99989        0.99855
   660.0        0.08945        0.99989        0.99856
   661.0        0.08939        0.99989        0.99856
   662.0        0.08933        0.99989        0.99856
   663.0        0.08927        0.99989        0.99857
   664.0        0.08921        0.99989        0.99857
   665.0        0.08915        0.99989        0.99857
   666.0        0.08909        0.99989        0.99858
   667.0        0.08903        0.99989        0.99858
   668.0        0.08897        0.99989        0.99858
   669.0        0.08891        0.99989        0.99859
   670.0        0.08885        0.99989        0.99859
   671.0        0.08879        0.99989        0.99859
   672.0        0.08873        0.99989        0.99860
   673.0        0.08868        0.99989        0.99860
   674.0        0.08862        0.99989        0.99860
   675.0        0.08856        0.99989        0.99861
   676.0        0.08850        0.99989        0.99861
   677.0        0.08844        0.99989        0.99861
   678.0        0.08838        0.99989        0.99862
   679.0        0.08832        0.99989        0.99862
   680.0        0.08827        0.99990        0.99862
   681.0        0.08821        0.99990        0.99863
   682.0        0.08815        0.99990        0.99863
   683.0        0.08809        0.99990        0.99863
   684.0        0.08804        0.99990        0.99863
   685.0        0.08798        0.99990        0.99864
   686.0        0.08792        0.99990        0.99864
   687.0        0.08786        0.99990        0.99864
   688.0        0.08781        0.99990        0.99865
   689.0        0.08775        0.99990        0.99865
   690.0        0.08769        0.99990        0.99865
   691.0        0.08764        0.99990        0.99866
   692.0        0.08758        0.99990        0.99866
   693.0        0.08752        0.99990        0.99866
   694.0        0.08747        0.99990        0.99866
   695.0        0.08741        0.99990        0.99867
   696.0        0.08736        0.99990        0.99867
   697.0        0.08730        0.99990        0.99867
   698.0        0.08724        0.99990        0.99868
   699.0        0.08719        0.99990        0.99868
   700.0        0.08713        0.99990        0.99868
   701.0        0.08708        0.99990        0.99869
   702.0        0.08702        0.99990        0.99869
   703.0        0.08697        0.99990        0.99869
   704.0        0.08691        0.99990        0.99869
   705.0        0.08686        0.99990        0.99870
   706.0        0.08680        0.99990        0.99870
   707.0        0.08675        0.99990        0.99870
   708.0        0.08669        0.99990        0.99871
   709.0        0.08664        0.99990        0.99871
   710.0        0.08658        0.99990        0.99871
   711.0        0.08653        0.99990        0.99871
   712.0        0.08647        0.99990        0.99872
   713.0        0.08642        0.99990        0.99872
   714.0        0.08637        0.99990        0.99872
   715.0        0.08631        0.99990        0.99873
   716.0        0.08626        0.99990        0.99873
   717.0        0.08620        0.99991        0.99873
   718.0        0.08615        0.99991        0.99873
   719.0        0.08610        0.99991        0.99874
   720.0        0.08604        0.99991        0.99874
   721.0        0.08599        0.99991        0.99874
   722.0        0.08594        0.99991        0.99874
   723.0        0.08588        0.99991        0.99875
   724.0        0.08583        0.99991        0.99875
   725.0        0.08578        0.99991        0.99875
   726.0        0.08573        0.99991        0.99876
   727.0        0.08567        0.99991        0.99876
   728.0        0.08562        0.99991        0.99876
   729.0        0.08557        0.99991        0.99876
   730.0        0.08552        0.99991        0.99877
   731.0        0.08546        0.99991        0.99877
   732.0        0.08541        0.99991        0.99877
   733.0        0.08536        0.99991        0.99877
   734.0        0.08531        0.99991        0.99878
   735.0        0.08526        0.99991        0.99878
   736.0        0.08520        0.99991        0.99878
   737.0        0.08515        0.99991        0.99878
   738.0        0.08510        0.99991        0.99879
   739.0        0.08505        0.99991        0.99879
   740.0        0.08500        0.99991        0.99879
   741.0        0.08495        0.99991        0.99879
   742.0        0.08490        0.99991        0.99880
   743.0        0.08485        0.99991        0.99880
   744.0        0.08480        0.99991        0.99880
   745.0        0.08474        0.99991        0.99880
   746.0        0.08469        0.99991        0.99881
   747.0        0.08464        0.99991        0.99881
   748.0        0.08459        0.99991        0.99881
   749.0        0.08454        0.99991        0.99881
   750.0        0.08449        0.99991        0.99882
   751.0        0.08444        0.99991        0.99882
   752.0        0.08439        0.99991        0.99882
   753.0        0.08434        0.99991        0.99882
   754.0        0.08429        0.99991        0.99883
   755.0        0.08424        0.99991        0.99883
   756.0        0.08418        0.99991        0.99883
   757.0        0.08413        0.99991        0.99883
   758.0        0.08408        0.99991        0.99884
   759.0        0.08402        0.99991        0.99884
   760.0        0.08397        0.99992        0.99884
   761.0        0.08392        0.99992        0.99884
   762.0        0.08387        0.99992        0.99884
   763.0        0.08382        0.99992        0.99885
   764.0        0.08376        0.99992        0.99885
   765.0        0.08371        0.99992        0.99885
   766.0        0.08366        0.99992        0.99885
   767.0        0.08361        0.99992        0.99886
   768.0        0.08356        0.99992        0.99886
   769.0        0.08350        0.99992        0.99886
   770.0        0.08345        0.99992        0.99886
   771.0        0.08340        0.99992        0.99887
   772.0        0.08335        0.99992        0.99887
   773.0        0.08330        0.99992        0.99887
   774.0        0.08325        0.99992        0.99887
   775.0        0.08320        0.99992        0.99887
   776.0        0.08314        0.99992        0.99888
   777.0        0.08309        0.99992        0.99888
   778.0        0.08304        0.99992        0.99888
   779.0        0.08299        0.99992        0.99888
   780.0        0.08294        0.99992        0.99889
   781.0        0.08289        0.99992        0.99889
   782.0        0.08284        0.99992        0.99889
   783.0        0.08279        0.99992        0.99889
   784.0        0.08274        0.99992        0.99889
   785.0        0.08269        0.99992        0.99890
   786.0        0.08264        0.99992        0.99890
   787.0        0.08259        0.99992        0.99890
   788.0        0.08254        0.99992        0.99890
   789.0        0.08249        0.99992        0.99890
   790.0        0.08244        0.99992        0.99891
   791.0        0.08239        0.99992        0.99891
   792.0        0.08234        0.99992        0.99891
   793.0        0.08229        0.99992        0.99891
   794.0        0.08224        0.99992        0.99891
   795.0        0.08219        0.99992        0.99892
   796.0        0.08214        0.99992        0.99892
   797.0        0.08210        0.99992        0.99892
   798.0        0.08205        0.99992        0.99892
   799.0        0.08200        0.99992        0.99893
   800.0        0.08195        0.99992        0.99893
   801.0        0.08190        0.99992        0.99893
   802.0        0.08185        0.99992        0.99893
   803.0        0.08180        0.99992        0.99893
   804.0        0.08176        0.99992        0.99894
   805.0        0.08171        0.99992        0.99894
   806.0        0.08166        0.99992        0.99894
   807.0        0.08161        0.99992        0.99894
   808.0        0.08156        0.99992        0.99894
   809.0        0.08151        0.99992        0.99895
   810.0        0.08147        0.99992        0.99895
   811.0        0.08142        0.99992        0.99895
   812.0        0.08137        0.99992        0.99895
   813.0        0.08132        0.99992        0.99895
   814.0        0.08128        0.99992        0.99896
   815.0        0.08123        0.99993        0.99896
   816.0        0.08118        0.99993        0.99896
   817.0        0.08113        0.99993        0.99896
   818.0        0.08109        0.99993        0.99896
   819.0        0.08104        0.99993        0.99896
   820.0        0.08099        0.99993        0.99897
   821.0        0.08095        0.99993        0.99897
   822.0        0.08090        0.99993        0.99897
   823.0        0.08085        0.99993        0.99897
   824.0        0.08081        0.99993        0.99897
   825.0        0.08076        0.99993        0.99898
   826.0        0.08071        0.99993        0.99898
   827.0        0.08067        0.99993        0.99898
   828.0        0.08062        0.99993        0.99898
   829.0        0.08057        0.99993        0.99898
   830.0        0.08053        0.99993        0.99899
   831.0        0.08048        0.99993        0.99899
   832.0        0.08044        0.99993        0.99899
   833.0        0.08039        0.99993        0.99899
   834.0        0.08034        0.99993        0.99899
   835.0        0.08030        0.99993        0.99900
   836.0        0.08025        0.99993        0.99900
   837.0        0.08021        0.99993        0.99900
   838.0        0.08016        0.99993        0.99900
   839.0        0.08012        0.99993        0.99900
   840.0        0.08007        0.99993        0.99900
   841.0        0.08002        0.99993        0.99901
   842.0        0.07998        0.99993        0.99901
   843.0        0.07993        0.99993        0.99901
   844.0        0.07989        0.99993        0.99901
   845.0        0.07984        0.99993        0.99901
   846.0        0.07980        0.99993        0.99901
   847.0        0.07975        0.99993        0.99902
   848.0        0.07971        0.99993        0.99902
   849.0        0.07967        0.99993        0.99902
   850.0        0.07962        0.99993        0.99902
   851.0        0.07958        0.99993        0.99902
   852.0        0.07953        0.99993        0.99903
   853.0        0.07949        0.99993        0.99903
   854.0        0.07944        0.99993        0.99903
   855.0        0.07940        0.99993        0.99903
   856.0        0.07936        0.99993        0.99903
   857.0        0.07931        0.99993        0.99903
   858.0        0.07927        0.99993        0.99904
   859.0        0.07922        0.99993        0.99904
   860.0        0.07918        0.99993        0.99904
   861.0        0.07914        0.99993        0.99904
   862.0        0.07909        0.99993        0.99904
   863.0        0.07905        0.99993        0.99904
   864.0        0.07901        0.99993        0.99905
   865.0        0.07896        0.99993        0.99905
   866.0        0.07892        0.99993        0.99905
   867.0        0.07887        0.99993        0.99905
   868.0        0.07883        0.99993        0.99905
   869.0        0.07879        0.99993        0.99905
   870.0        0.07875        0.99993        0.99906
   871.0        0.07870        0.99993        0.99906
   872.0        0.07866        0.99993        0.99906
   873.0        0.07862        0.99993        0.99906
   874.0        0.07857        0.99993        0.99906
   875.0        0.07853        0.99993        0.99906
   876.0        0.07849        0.99993        0.99907
   877.0        0.07845        0.99993        0.99907
   878.0        0.07840        0.99993        0.99907
   879.0        0.07836        0.99993        0.99907
   880.0        0.07832        0.99993        0.99907
   881.0        0.07828        0.99993        0.99907
   882.0        0.07823        0.99993        0.99908
   883.0        0.07819        0.99993        0.99908
   884.0        0.07815        0.99993        0.99908
   885.0        0.07811        0.99993        0.99908
   886.0        0.07807        0.99993        0.99908
   887.0        0.07802        0.99993        0.99908
   888.0        0.07798        0.99994        0.99908
   889.0        0.07794        0.99994        0.99909
   890.0        0.07790        0.99994        0.99909
   891.0        0.07786        0.99994        0.99909
   892.0        0.07782        0.99994        0.99909
   893.0        0.07778        0.99994        0.99909
   894.0        0.07773        0.99994        0.99909
   895.0        0.07769        0.99994        0.99910
   896.0        0.07765        0.99994        0.99910
   897.0        0.07761        0.99994        0.99910
   898.0        0.07757        0.99994        0.99910
   899.0        0.07753        0.99994        0.99910
   900.0        0.07749        0.99994        0.99910
   901.0        0.07745        0.99994        0.99910
   902.0        0.07741        0.99994        0.99911
   903.0        0.07736        0.99994        0.99911
   904.0        0.07732        0.99994        0.99911
   905.0        0.07728        0.99994        0.99911
   906.0        0.07724        0.99994        0.99911
   907.0        0.07720        0.99994        0.99911
   908.0        0.07716        0.99994        0.99912
   909.0        0.07712        0.99994        0.99912
   910.0        0.07708        0.99994        0.99912
   911.0        0.07704        0.99994        0.99912
   912.0        0.07700        0.99994        0.99912
   913.0        0.07696        0.99994        0.99912
   914.0        0.07692        0.99994        0.99912
   915.0        0.07688        0.99994        0.99913
   916.0        0.07684        0.99994        0.99913
   917.0        0.07680        0.99994        0.99913
   918.0        0.07676        0.99994        0.99913
   919.0        0.07672        0.99994        0.99913
   920.0        0.07668        0.99994        0.99913
   921.0        0.07664        0.99994        0.99913
   922.0        0.07660        0.99994        0.99914
   923.0        0.07656        0.99994        0.99914
   924.0        0.07652        0.99994        0.99914
   925.0        0.07648        0.99994        0.99914
   926.0        0.07645        0.99994        0.99914
   927.0        0.07641        0.99994        0.99914
   928.0        0.07637        0.99994        0.99914
   929.0        0.07633        0.99994        0.99915
   930.0        0.07629        0.99994        0.99915
   931.0        0.07625        0.99994        0.99915
   932.0        0.07621        0.99994        0.99915
   933.0        0.07617        0.99994        0.99915
   934.0        0.07613        0.99994        0.99915
   935.0        0.07609        0.99994        0.99915
   936.0        0.07606        0.99994        0.99916
   937.0        0.07602        0.99994        0.99916
   938.0        0.07598        0.99994        0.99916
   939.0        0.07594        0.99994        0.99916
   940.0        0.07590        0.99994        0.99916
   941.0        0.07586        0.99994        0.99916
   942.0        0.07583        0.99994        0.99916
   943.0        0.07579        0.99994        0.99916
   944.0        0.07575        0.99994        0.99917
   945.0        0.07571        0.99994        0.99917
   946.0        0.07567        0.99994        0.99917
   947.0        0.07564        0.99994        0.99917
   948.0        0.07560        0.99994        0.99917
   949.0        0.07556        0.99994        0.99917
   950.0        0.07552        0.99994        0.99917
   951.0        0.07548        0.99994        0.99918
   952.0        0.07545        0.99994        0.99918
   953.0        0.07541        0.99994        0.99918
   954.0        0.07537        0.99994        0.99918
   955.0        0.07533        0.99994        0.99918
   956.0        0.07530        0.99994        0.99918
   957.0        0.07526        0.99994        0.99918
   958.0        0.07522        0.99994        0.99918
   959.0        0.07518        0.99994        0.99919
   960.0        0.07515        0.99994        0.99919
   961.0        0.07511        0.99994        0.99919
   962.0        0.07507        0.99994        0.99919
   963.0        0.07504        0.99994        0.99919
   964.0        0.07500        0.99994        0.99919
   965.0        0.07496        0.99994        0.99919
   966.0        0.07492        0.99994        0.99920
   967.0        0.07489        0.99994        0.99920
   968.0        0.07485        0.99994        0.99920
   969.0        0.07481        0.99994        0.99920
   970.0        0.07478        0.99994        0.99920
   971.0        0.07474        0.99994        0.99920
   972.0        0.07470        0.99994        0.99920
   973.0        0.07467        0.99994        0.99920
   974.0        0.07463        0.99994        0.99921
   975.0        0.07460        0.99994        0.99921
   976.0        0.07456        0.99994        0.99921
   977.0        0.07452        0.99994        0.99921
   978.0        0.07449        0.99994        0.99921
   979.0        0.07445        0.99994        0.99921
   980.0        0.07441        0.99994        0.99921
   981.0        0.07438        0.99994        0.99921
   982.0        0.07434        0.99995        0.99922
   983.0        0.07431        0.99995        0.99922
   984.0        0.07427        0.99995        0.99922
   985.0        0.07423        0.99995        0.99922
   986.0        0.07420        0.99995        0.99922
   987.0        0.07416        0.99995        0.99922
   988.0        0.07413        0.99995        0.99922
   989.0        0.07409        0.99995        0.99922
   990.0        0.07406        0.99995        0.99922
   991.0        0.07402        0.99995        0.99923
   992.0        0.07399        0.99995        0.99923
   993.0        0.07395        0.99995        0.99923
   994.0        0.07391        0.99995        0.99923
   995.0        0.07388        0.99995        0.99923
   996.0        0.07384        0.99995        0.99923
   997.0        0.07381        0.99995        0.99923
   998.0        0.07377        0.99995        0.99923
   999.0        0.07374        0.99995        0.99924
  1000.0        0.07370        0.99995        0.99924
