 LSO                 
 Density =    7.350000      Aeff =    132.0348      Zeff =    56.50181    
     1.0    24383.65625        0.00078        0.00229
     2.0    21532.91992        0.00126        0.00418
     3.0    10306.70703        0.00404        0.00441
     4.0     5117.02002        0.00737        0.00656
     5.0     2927.14600        0.01108        0.00936
     6.0     1847.06445        0.01482        0.01286
     7.0     1237.67920        0.01827        0.01739
     8.0      878.22833        0.02031        0.02414
     9.0      642.37170        0.01745        0.04131
    10.0     1248.95557        0.01153        0.03423
    11.0     1543.65076        0.01177        0.02849
    12.0     1209.22290        0.01611        0.02778
    13.0      991.36914        0.01898        0.02996
    14.0      829.62213        0.02158        0.03266
    15.0      705.55652        0.02402        0.03565
    16.0      601.26270        0.02661        0.03884
    17.0      514.13275        0.02935        0.04225
    18.0      441.59787        0.03209        0.04608
    19.0      382.47147        0.03477        0.05021
    20.0      333.76855        0.03747        0.05450
    21.0      292.90335        0.04018        0.05905
    22.0      258.63971        0.04287        0.06371
    23.0      229.73933        0.04555        0.06852
    24.0      205.45300        0.04817        0.07346
    25.0      184.50923        0.05076        0.07866
    26.0      166.42178        0.05336        0.08401
    27.0      150.70787        0.05595        0.08949
    28.0      136.97394        0.05846        0.09528
    29.0      124.92087        0.06095        0.10103
    30.0      114.29633        0.06345        0.10685
    31.0      104.74396        0.06602        0.11285
    32.0       96.26854        0.06861        0.11894
    33.0       88.70004        0.07124        0.12513
    34.0       81.92271        0.07381        0.13159
    35.0       75.84702        0.07641        0.13815
    36.0       70.37730        0.07896        0.14494
    37.0       65.43870        0.08147        0.15190
    38.0       60.96952        0.08398        0.15898
    39.0       56.91019        0.08642        0.16635
    40.0       53.21971        0.08889        0.17380
    41.0       49.84542        0.09141        0.18131
    42.0       46.75446        0.09378        0.18902
    43.0       43.92310        0.09612        0.19682
    44.0       41.32653        0.09850        0.20468
    45.0       38.93557        0.10092        0.21259
    46.0       36.71986        0.10335        0.22067
    47.0       34.67497        0.10574        0.22893
    48.0       32.78172        0.10803        0.23751
    49.0       31.03025        0.11034        0.24615
    50.0       29.40785        0.11269        0.25483
    51.0       27.90043        0.11492        0.26388
    52.0       26.49532        0.11703        0.27320
    53.0       25.18747        0.11916        0.28243
    54.0       23.96124        0.12104        0.29247
    55.0       22.81682        0.12293        0.30262
    56.0       21.73562        0.12435        0.31423
    57.0       20.72508        0.12582        0.32591
    58.0       19.77691        0.12721        0.33797
    59.0       18.87271        0.12790        0.35241
    60.0       18.00901        0.12786        0.36962
    61.0       17.19604        0.12744        0.38856
    62.0       16.38621        0.12458        0.41732
    63.0       15.61006        0.12083        0.45189
    64.0       70.87155        0.03083        0.39032
    65.0       68.33794        0.03550        0.35165
    66.0       65.78133        0.03789        0.34242
    67.0       63.33168        0.03986        0.33822
    68.0       60.99897        0.04166        0.33613
    69.0       58.77834        0.04334        0.33545
    70.0       56.66401        0.04490        0.33589
    71.0       54.65267        0.04642        0.33695
    72.0       52.73428        0.04782        0.33894
    73.0       50.90727        0.04918        0.34112
    74.0       49.16620        0.05050        0.34368
    75.0       47.50785        0.05182        0.34634
    76.0       45.92781        0.05316        0.34899
    77.0       44.42173        0.05451        0.35161
    78.0       42.98227        0.05581        0.35462
    79.0       41.60682        0.05710        0.35783
    80.0       40.29076        0.05834        0.36141
    81.0       39.03382        0.05958        0.36502
    82.0       37.83172        0.06082        0.36863
    83.0       36.68172        0.06208        0.37221
    84.0       35.58070        0.06335        0.37576
    85.0       34.52589        0.06462        0.37935
    86.0       33.51328        0.06585        0.38325
    87.0       32.54254        0.06708        0.38711
    88.0       31.61147        0.06834        0.39093
    89.0       30.71804        0.06960        0.39470
    90.0       29.86052        0.07088        0.39843
    91.0       29.03688        0.07218        0.40207
    92.0       28.24538        0.07348        0.40575
    93.0       27.48421        0.07479        0.40940
    94.0       26.75136        0.07608        0.41322
    95.0       26.04577        0.07736        0.41709
    96.0       25.36544        0.07862        0.42118
    97.0       24.71024        0.07988        0.42524
    98.0       24.07918        0.08115        0.42926
    99.0       23.47107        0.08243        0.43326
   100.0       22.88370        0.08368        0.43746
   101.0       22.31708        0.08498        0.44110
   102.0       21.77059        0.08628        0.44469
   103.0       21.24310        0.08760        0.44825
   104.0       20.73400        0.08893        0.45177
   105.0       20.24226        0.09026        0.45527
   106.0       19.76718        0.09160        0.45874
   107.0       19.30759        0.09294        0.46231
   108.0       18.86276        0.09425        0.46598
   109.0       18.43194        0.09554        0.46981
   110.0       18.01480        0.09682        0.47371
   111.0       17.61237        0.09817        0.47725
   112.0       17.22287        0.09952        0.48076
   113.0       16.84574        0.10089        0.48425
   114.0       16.48052        0.10227        0.48770
   115.0       16.12673        0.10365        0.49113
   116.0       15.78413        0.10504        0.49452
   117.0       15.45204        0.10644        0.49789
   118.0       15.12969        0.10782        0.50134
   119.0       14.81648        0.10918        0.50496
   120.0       14.50795        0.11056        0.50865
   121.0       14.20645        0.11202        0.51208
   122.0       13.91409        0.11349        0.51545
   123.0       13.63042        0.11497        0.51878
   124.0       13.35513        0.11646        0.52209
   125.0       13.08789        0.11796        0.52537
   126.0       12.82840        0.11947        0.52863
   127.0       12.57639        0.12098        0.53185
   128.0       12.33156        0.12251        0.53505
   129.0       12.09342        0.12402        0.53831
   130.0       11.86185        0.12554        0.54160
   131.0       11.63666        0.12706        0.54488
   132.0       11.41770        0.12858        0.54814
   133.0       11.20475        0.13012        0.55137
   134.0       10.99737        0.13164        0.55449
   135.0       10.79548        0.13316        0.55755
   136.0       10.59910        0.13469        0.56059
   137.0       10.40806        0.13622        0.56359
   138.0       10.22208        0.13776        0.56657
   139.0       10.04097        0.13931        0.56952
   140.0        9.86459        0.14087        0.57245
   141.0        9.69276        0.14243        0.57535
   142.0        9.52535        0.14400        0.57823
   143.0        9.36219        0.14558        0.58108
   144.0        9.20315        0.14716        0.58392
   145.0        9.04813        0.14875        0.58672
   146.0        8.89698        0.15035        0.58950
   147.0        8.74956        0.15196        0.59226
   148.0        8.60579        0.15357        0.59499
   149.0        8.46554        0.15519        0.59770
   150.0        8.32867        0.15682        0.60039
   151.0        8.19513        0.15845        0.60305
   152.0        8.06482        0.16009        0.60568
   153.0        7.93759        0.16174        0.60830
   154.0        7.81338        0.16339        0.61088
   155.0        7.69209        0.16506        0.61345
   156.0        7.57363        0.16672        0.61599
   157.0        7.45792        0.16840        0.61850
   158.0        7.34487        0.17008        0.62100
   159.0        7.23440        0.17177        0.62347
   160.0        7.12646        0.17346        0.62592
   161.0        7.02097        0.17516        0.62835
   162.0        6.91786        0.17686        0.63076
   163.0        6.81707        0.17857        0.63314
   164.0        6.71851        0.18029        0.63551
   165.0        6.62211        0.18201        0.63785
   166.0        6.52783        0.18374        0.64018
   167.0        6.43552        0.18547        0.64252
   168.0        6.34521        0.18719        0.64485
   169.0        6.25683        0.18893        0.64716
   170.0        6.17035        0.19067        0.64945
   171.0        6.08570        0.19241        0.65172
   172.0        6.00272        0.19415        0.65392
   173.0        5.92130        0.19586        0.65606
   174.0        5.84165        0.19758        0.65818
   175.0        5.76368        0.19930        0.66028
   176.0        5.68730        0.20103        0.66237
   177.0        5.61249        0.20276        0.66443
   178.0        5.53920        0.20450        0.66647
   179.0        5.46742        0.20624        0.66849
   180.0        5.39706        0.20798        0.67049
   181.0        5.32813        0.20973        0.67248
   182.0        5.26054        0.21149        0.67445
   183.0        5.19432        0.21325        0.67640
   184.0        5.12938        0.21501        0.67833
   185.0        5.06571        0.21677        0.68025
   186.0        5.00328        0.21854        0.68215
   187.0        4.94205        0.22032        0.68404
   188.0        4.88201        0.22209        0.68591
   189.0        4.82311        0.22387        0.68776
   190.0        4.76531        0.22566        0.68960
   191.0        4.70863        0.22744        0.69142
   192.0        4.65300        0.22923        0.69323
   193.0        4.59840        0.23102        0.69504
   194.0        4.54480        0.23281        0.69684
   195.0        4.49218        0.23461        0.69862
   196.0        4.44055        0.23640        0.70039
   197.0        4.38985        0.23820        0.70214
   198.0        4.34010        0.24000        0.70388
   199.0        4.29123        0.24181        0.70560
   200.0        4.24323        0.24362        0.70731
   201.0        4.19616        0.24543        0.70900
   202.0        4.14993        0.24724        0.71068
   203.0        4.10450        0.24905        0.71235
   204.0        4.05990        0.25087        0.71400
   205.0        4.01606        0.25268        0.71564
   206.0        3.97299        0.25450        0.71727
   207.0        3.93068        0.25633        0.71888
   208.0        3.88909        0.25815        0.72048
   209.0        3.84824        0.25998        0.72206
   210.0        3.80806        0.26180        0.72364
   211.0        3.76855        0.26363        0.72521
   212.0        3.72969        0.26546        0.72678
   213.0        3.69150        0.26728        0.72835
   214.0        3.65394        0.26911        0.72989
   215.0        3.61702        0.27094        0.73143
   216.0        3.58070        0.27277        0.73295
   217.0        3.54498        0.27461        0.73446
   218.0        3.50985        0.27644        0.73596
   219.0        3.47531        0.27828        0.73744
   220.0        3.44132        0.28011        0.73892
   221.0        3.40789        0.28195        0.74038
   222.0        3.37503        0.28379        0.74183
   223.0        3.34269        0.28563        0.74327
   224.0        3.31089        0.28746        0.74470
   225.0        3.27957        0.28930        0.74612
   226.0        3.24876        0.29114        0.74754
   227.0        3.21841        0.29298        0.74894
   228.0        3.18856        0.29481        0.75033
   229.0        3.15917        0.29666        0.75171
   230.0        3.13023        0.29850        0.75308
   231.0        3.10174        0.30034        0.75444
   232.0        3.07369        0.30218        0.75579
   233.0        3.04608        0.30402        0.75713
   234.0        3.01890        0.30586        0.75845
   235.0        2.99212        0.30771        0.75977
   236.0        2.96575        0.30955        0.76107
   237.0        2.93975        0.31139        0.76237
   238.0        2.91417        0.31324        0.76365
   239.0        2.88897        0.31508        0.76493
   240.0        2.86413        0.31692        0.76619
   241.0        2.83966        0.31876        0.76746
   242.0        2.81555        0.32061        0.76871
   243.0        2.79179        0.32245        0.76995
   244.0        2.76838        0.32429        0.77119
   245.0        2.74534        0.32612        0.77241
   246.0        2.72318        0.32789        0.77363
   247.0        2.70134        0.32966        0.77483
   248.0        2.67980        0.33143        0.77603
   249.0        2.65857        0.33320        0.77722
   250.0        2.63763        0.33497        0.77839
   251.0        2.61698        0.33674        0.77956
   252.0        2.59662        0.33851        0.78072
   253.0        2.57655        0.34027        0.78187
   254.0        2.55676        0.34203        0.78301
   255.0        2.53725        0.34380        0.78415
   256.0        2.51800        0.34556        0.78527
   257.0        2.49901        0.34732        0.78639
   258.0        2.48028        0.34908        0.78749
   259.0        2.46180        0.35083        0.78859
   260.0        2.44356        0.35259        0.78969
   261.0        2.42557        0.35434        0.79077
   262.0        2.40782        0.35610        0.79185
   263.0        2.39030        0.35785        0.79292
   264.0        2.37301        0.35960        0.79398
   265.0        2.35595        0.36135        0.79503
   266.0        2.33911        0.36310        0.79607
   267.0        2.32242        0.36483        0.79709
   268.0        2.30586        0.36653        0.79808
   269.0        2.28950        0.36823        0.79906
   270.0        2.27335        0.36992        0.80004
   271.0        2.25742        0.37162        0.80100
   272.0        2.24168        0.37331        0.80196
   273.0        2.22614        0.37501        0.80292
   274.0        2.21080        0.37670        0.80386
   275.0        2.19565        0.37838        0.80480
   276.0        2.18069        0.38007        0.80574
   277.0        2.16592        0.38175        0.80666
   278.0        2.15133        0.38344        0.80758
   279.0        2.13692        0.38511        0.80850
   280.0        2.12268        0.38679        0.80941
   281.0        2.10862        0.38847        0.81032
   282.0        2.09473        0.39014        0.81122
   283.0        2.08100        0.39181        0.81211
   284.0        2.06745        0.39348        0.81300
   285.0        2.05405        0.39514        0.81388
   286.0        2.04082        0.39681        0.81475
   287.0        2.02775        0.39847        0.81562
   288.0        2.01483        0.40013        0.81648
   289.0        2.00206        0.40178        0.81734
   290.0        1.98945        0.40344        0.81819
   291.0        1.97699        0.40509        0.81903
   292.0        1.96467        0.40674        0.81987
   293.0        1.95249        0.40839        0.82070
   294.0        1.94046        0.41003        0.82152
   295.0        1.92857        0.41168        0.82234
   296.0        1.91682        0.41332        0.82316
   297.0        1.90520        0.41495        0.82397
   298.0        1.89371        0.41659        0.82477
   299.0        1.88236        0.41822        0.82557
   300.0        1.87113        0.41985        0.82636
   301.0        1.86005        0.42147        0.82714
   302.0        1.84909        0.42310        0.82793
   303.0        1.83826        0.42472        0.82870
   304.0        1.82755        0.42633        0.82947
   305.0        1.81695        0.42794        0.83024
   306.0        1.80648        0.42955        0.83100
   307.0        1.79612        0.43116        0.83176
   308.0        1.78587        0.43276        0.83252
   309.0        1.77573        0.43436        0.83327
   310.0        1.76571        0.43596        0.83401
   311.0        1.75580        0.43756        0.83475
   312.0        1.74599        0.43915        0.83548
   313.0        1.73629        0.44074        0.83621
   314.0        1.72670        0.44232        0.83694
   315.0        1.71721        0.44391        0.83766
   316.0        1.70782        0.44549        0.83837
   317.0        1.69853        0.44706        0.83908
   318.0        1.68934        0.44864        0.83979
   319.0        1.68026        0.45021        0.84049
   320.0        1.67126        0.45178        0.84119
   321.0        1.66236        0.45334        0.84188
   322.0        1.65356        0.45490        0.84257
   323.0        1.64485        0.45646        0.84325
   324.0        1.63623        0.45802        0.84393
   325.0        1.62770        0.45957        0.84460
   326.0        1.61925        0.46112        0.84527
   327.0        1.61090        0.46267        0.84593
   328.0        1.60263        0.46421        0.84660
   329.0        1.59444        0.46575        0.84725
   330.0        1.58634        0.46729        0.84791
   331.0        1.57832        0.46882        0.84856
   332.0        1.57039        0.47035        0.84920
   333.0        1.56253        0.47188        0.84985
   334.0        1.55475        0.47340        0.85048
   335.0        1.54705        0.47492        0.85112
   336.0        1.53943        0.47644        0.85175
   337.0        1.53189        0.47795        0.85237
   338.0        1.52442        0.47946        0.85299
   339.0        1.51702        0.48097        0.85361
   340.0        1.50970        0.48247        0.85422
   341.0        1.50246        0.48397        0.85483
   342.0        1.49529        0.48546        0.85544
   343.0        1.48819        0.48695        0.85604
   344.0        1.48116        0.48844        0.85664
   345.0        1.47420        0.48992        0.85723
   346.0        1.46730        0.49140        0.85782
   347.0        1.46049        0.49288        0.85841
   348.0        1.45375        0.49434        0.85899
   349.0        1.44708        0.49580        0.85957
   350.0        1.44047        0.49726        0.86015
   351.0        1.43393        0.49872        0.86072
   352.0        1.42745        0.50017        0.86129
   353.0        1.42102        0.50162        0.86185
   354.0        1.41466        0.50306        0.86241
   355.0        1.40836        0.50450        0.86297
   356.0        1.40212        0.50594        0.86353
   357.0        1.39593        0.50737        0.86408
   358.0        1.38980        0.50880        0.86463
   359.0        1.38373        0.51023        0.86518
   360.0        1.37772        0.51165        0.86572
   361.0        1.37177        0.51307        0.86626
   362.0        1.36587        0.51448        0.86680
   363.0        1.36003        0.51589        0.86733
   364.0        1.35424        0.51730        0.86786
   365.0        1.34850        0.51870        0.86839
   366.0        1.34281        0.52010        0.86891
   367.0        1.33718        0.52150        0.86943
   368.0        1.33160        0.52289        0.86995
   369.0        1.32606        0.52428        0.87046
   370.0        1.32058        0.52566        0.87097
   371.0        1.31515        0.52705        0.87148
   372.0        1.30969        0.52840        0.87197
   373.0        1.30428        0.52975        0.87246
   374.0        1.29892        0.53109        0.87295
   375.0        1.29361        0.53244        0.87343
   376.0        1.28834        0.53378        0.87391
   377.0        1.28312        0.53511        0.87439
   378.0        1.27795        0.53644        0.87486
   379.0        1.27282        0.53777        0.87534
   380.0        1.26773        0.53910        0.87581
   381.0        1.26269        0.54042        0.87628
   382.0        1.25769        0.54173        0.87674
   383.0        1.25273        0.54305        0.87721
   384.0        1.24781        0.54436        0.87767
   385.0        1.24294        0.54566        0.87813
   386.0        1.23811        0.54697        0.87858
   387.0        1.23332        0.54827        0.87904
   388.0        1.22857        0.54956        0.87949
   389.0        1.22386        0.55086        0.87994
   390.0        1.21918        0.55214        0.88038
   391.0        1.21455        0.55343        0.88082
   392.0        1.20996        0.55471        0.88127
   393.0        1.20540        0.55599        0.88170
   394.0        1.20089        0.55726        0.88214
   395.0        1.19641        0.55853        0.88257
   396.0        1.19196        0.55980        0.88300
   397.0        1.18755        0.56107        0.88343
   398.0        1.18318        0.56233        0.88386
   399.0        1.17885        0.56358        0.88428
   400.0        1.17455        0.56484        0.88470
   401.0        1.17047        0.56600        0.88512
   402.0        1.16642        0.56715        0.88553
   403.0        1.16241        0.56831        0.88595
   404.0        1.15842        0.56946        0.88636
   405.0        1.15447        0.57061        0.88677
   406.0        1.15054        0.57175        0.88718
   407.0        1.14665        0.57289        0.88758
   408.0        1.14279        0.57403        0.88798
   409.0        1.13895        0.57517        0.88838
   410.0        1.13515        0.57630        0.88878
   411.0        1.13137        0.57743        0.88918
   412.0        1.12762        0.57855        0.88957
   413.0        1.12390        0.57968        0.88996
   414.0        1.12022        0.58080        0.89034
   415.0        1.11656        0.58191        0.89073
   416.0        1.11292        0.58303        0.89111
   417.0        1.10931        0.58414        0.89149
   418.0        1.10573        0.58524        0.89187
   419.0        1.10218        0.58635        0.89224
   420.0        1.09865        0.58745        0.89262
   421.0        1.09515        0.58855        0.89299
   422.0        1.09167        0.58964        0.89336
   423.0        1.08822        0.59073        0.89373
   424.0        1.08480        0.59182        0.89409
   425.0        1.08140        0.59291        0.89446
   426.0        1.07802        0.59399        0.89482
   427.0        1.07467        0.59507        0.89518
   428.0        1.07133        0.59614        0.89554
   429.0        1.06802        0.59721        0.89589
   430.0        1.06472        0.59827        0.89624
   431.0        1.06145        0.59933        0.89659
   432.0        1.05821        0.60039        0.89694
   433.0        1.05498        0.60145        0.89729
   434.0        1.05178        0.60250        0.89763
   435.0        1.04860        0.60355        0.89797
   436.0        1.04545        0.60459        0.89831
   437.0        1.04232        0.60564        0.89865
   438.0        1.03921        0.60668        0.89899
   439.0        1.03612        0.60771        0.89933
   440.0        1.03305        0.60875        0.89966
   441.0        1.03000        0.60978        0.89999
   442.0        1.02698        0.61080        0.90032
   443.0        1.02397        0.61183        0.90065
   444.0        1.02099        0.61285        0.90098
   445.0        1.01803        0.61387        0.90130
   446.0        1.01509        0.61488        0.90163
   447.0        1.01216        0.61589        0.90195
   448.0        1.00926        0.61690        0.90227
   449.0        1.00638        0.61791        0.90259
   450.0        1.00352        0.61891        0.90291
   451.0        1.00067        0.61991        0.90322
   452.0        0.99785        0.62091        0.90353
   453.0        0.99504        0.62191        0.90385
   454.0        0.99226        0.62290        0.90416
   455.0        0.98949        0.62389        0.90447
   456.0        0.98674        0.62487        0.90477
   457.0        0.98401        0.62586        0.90508
   458.0        0.98130        0.62683        0.90538
   459.0        0.97860        0.62781        0.90569
   460.0        0.97593        0.62879        0.90599
   461.0        0.97327        0.62976        0.90629
   462.0        0.97063        0.63072        0.90659
   463.0        0.96800        0.63169        0.90688
   464.0        0.96540        0.63265        0.90718
   465.0        0.96281        0.63361        0.90747
   466.0        0.96023        0.63457        0.90777
   467.0        0.95768        0.63552        0.90806
   468.0        0.95514        0.63647        0.90835
   469.0        0.95262        0.63742        0.90864
   470.0        0.95011        0.63837        0.90892
   471.0        0.94762        0.63931        0.90921
   472.0        0.94514        0.64025        0.90949
   473.0        0.94268        0.64118        0.90977
   474.0        0.94024        0.64212        0.91006
   475.0        0.93782        0.64305        0.91034
   476.0        0.93540        0.64398        0.91061
   477.0        0.93301        0.64490        0.91089
   478.0        0.93062        0.64582        0.91117
   479.0        0.92826        0.64674        0.91144
   480.0        0.92591        0.64766        0.91171
   481.0        0.92357        0.64857        0.91199
   482.0        0.92125        0.64949        0.91226
   483.0        0.91894        0.65039        0.91253
   484.0        0.91665        0.65130        0.91279
   485.0        0.91437        0.65220        0.91306
   486.0        0.91210        0.65310        0.91333
   487.0        0.90985        0.65400        0.91359
   488.0        0.90762        0.65490        0.91385
   489.0        0.90539        0.65579        0.91411
   490.0        0.90318        0.65668        0.91437
   491.0        0.90099        0.65756        0.91463
   492.0        0.89880        0.65845        0.91489
   493.0        0.89664        0.65933        0.91515
   494.0        0.89448        0.66021        0.91540
   495.0        0.89234        0.66108        0.91566
   496.0        0.89021        0.66196        0.91591
   497.0        0.88809        0.66283        0.91616
   498.0        0.88599        0.66370        0.91641
   499.0        0.88389        0.66456        0.91666
   500.0        0.88181        0.66542        0.91691
   501.0        0.87976        0.66627        0.91716
   502.0        0.87772        0.66712        0.91740
   503.0        0.87569        0.66796        0.91765
   504.0        0.87368        0.66880        0.91789
   505.0        0.87167        0.66964        0.91813
   506.0        0.86968        0.67048        0.91838
   507.0        0.86769        0.67131        0.91862
   508.0        0.86573        0.67214        0.91886
   509.0        0.86377        0.67297        0.91910
   510.0        0.86182        0.67380        0.91933
   511.0        0.85988        0.67462        0.91957
   512.0        0.85796        0.67544        0.91981
   513.0        0.85604        0.67626        0.92004
   514.0        0.85414        0.67708        0.92027
   515.0        0.85225        0.67789        0.92051
   516.0        0.85037        0.67870        0.92074
   517.0        0.84850        0.67951        0.92097
   518.0        0.84664        0.68032        0.92120
   519.0        0.84479        0.68112        0.92142
   520.0        0.84295        0.68192        0.92165
   521.0        0.84112        0.68272        0.92188
   522.0        0.83931        0.68352        0.92210
   523.0        0.83750        0.68431        0.92233
   524.0        0.83570        0.68510        0.92255
   525.0        0.83392        0.68589        0.92277
   526.0        0.83214        0.68668        0.92299
   527.0        0.83037        0.68746        0.92321
   528.0        0.82861        0.68824        0.92343
   529.0        0.82686        0.68902        0.92365
   530.0        0.82513        0.68980        0.92387
   531.0        0.82340        0.69057        0.92408
   532.0        0.82168        0.69134        0.92430
   533.0        0.81997        0.69211        0.92451
   534.0        0.81827        0.69288        0.92472
   535.0        0.81658        0.69364        0.92494
   536.0        0.81490        0.69441        0.92515
   537.0        0.81322        0.69517        0.92536
   538.0        0.81156        0.69592        0.92557
   539.0        0.80991        0.69668        0.92578
   540.0        0.80826        0.69743        0.92598
   541.0        0.80663        0.69818        0.92619
   542.0        0.80500        0.69893        0.92640
   543.0        0.80338        0.69968        0.92660
   544.0        0.80177        0.70042        0.92680
   545.0        0.80017        0.70116        0.92701
   546.0        0.79857        0.70190        0.92721
   547.0        0.79699        0.70264        0.92741
   548.0        0.79543        0.70336        0.92761
   549.0        0.79393        0.70403        0.92781
   550.0        0.79244        0.70471        0.92801
   551.0        0.79095        0.70537        0.92821
   552.0        0.78947        0.70604        0.92841
   553.0        0.78800        0.70671        0.92860
   554.0        0.78653        0.70737        0.92880
   555.0        0.78508        0.70803        0.92899
   556.0        0.78363        0.70869        0.92919
   557.0        0.78218        0.70935        0.92938
   558.0        0.78075        0.71001        0.92957
   559.0        0.77932        0.71066        0.92977
   560.0        0.77790        0.71131        0.92996
   561.0        0.77648        0.71196        0.93015
   562.0        0.77508        0.71261        0.93034
   563.0        0.77368        0.71326        0.93052
   564.0        0.77228        0.71390        0.93071
   565.0        0.77090        0.71455        0.93090
   566.0        0.76952        0.71519        0.93108
   567.0        0.76815        0.71583        0.93126
   568.0        0.76678        0.71646        0.93145
   569.0        0.76541        0.71709        0.93163
   570.0        0.76405        0.71773        0.93181
   571.0        0.76270        0.71836        0.93199
   572.0        0.76135        0.71898        0.93217
   573.0        0.76001        0.71961        0.93234
   574.0        0.75868        0.72023        0.93252
   575.0        0.75735        0.72085        0.93270
   576.0        0.75603        0.72147        0.93287
   577.0        0.75472        0.72209        0.93305
   578.0        0.75341        0.72271        0.93322
   579.0        0.75211        0.72332        0.93340
   580.0        0.75081        0.72394        0.93357
   581.0        0.74952        0.72455        0.93374
   582.0        0.74824        0.72516        0.93391
   583.0        0.74696        0.72576        0.93408
   584.0        0.74569        0.72637        0.93425
   585.0        0.74442        0.72697        0.93442
   586.0        0.74316        0.72757        0.93459
   587.0        0.74191        0.72817        0.93476
   588.0        0.74066        0.72877        0.93493
   589.0        0.73942        0.72937        0.93509
   590.0        0.73818        0.72996        0.93526
   591.0        0.73695        0.73056        0.93542
   592.0        0.73573        0.73115        0.93559
   593.0        0.73451        0.73174        0.93575
   594.0        0.73330        0.73233        0.93592
   595.0        0.73209        0.73291        0.93608
   596.0        0.73089        0.73350        0.93624
   597.0        0.72969        0.73408        0.93640
   598.0        0.72850        0.73466        0.93656
   599.0        0.72731        0.73524        0.93672
   600.0        0.72613        0.73582        0.93688
   601.0        0.72495        0.73639        0.93704
   602.0        0.72379        0.73697        0.93720
   603.0        0.72263        0.73754        0.93736
   604.0        0.72147        0.73811        0.93751
   605.0        0.72031        0.73867        0.93767
   606.0        0.71917        0.73924        0.93783
   607.0        0.71802        0.73980        0.93798
   608.0        0.71689        0.74037        0.93813
   609.0        0.71575        0.74093        0.93829
   610.0        0.71459        0.74147        0.93844
   611.0        0.71343        0.74202        0.93859
   612.0        0.71228        0.74256        0.93873
   613.0        0.71113        0.74310        0.93888
   614.0        0.70999        0.74364        0.93903
   615.0        0.70885        0.74418        0.93917
   616.0        0.70771        0.74472        0.93932
   617.0        0.70658        0.74525        0.93946
   618.0        0.70546        0.74578        0.93961
   619.0        0.70434        0.74631        0.93975
   620.0        0.70322        0.74685        0.93989
   621.0        0.70211        0.74737        0.94004
   622.0        0.70101        0.74790        0.94018
   623.0        0.69991        0.74843        0.94032
   624.0        0.69881        0.74895        0.94046
   625.0        0.69772        0.74947        0.94060
   626.0        0.69663        0.75000        0.94074
   627.0        0.69555        0.75051        0.94088
   628.0        0.69447        0.75103        0.94102
   629.0        0.69340        0.75155        0.94116
   630.0        0.69233        0.75207        0.94130
   631.0        0.69127        0.75258        0.94143
   632.0        0.69021        0.75309        0.94157
   633.0        0.68915        0.75360        0.94171
   634.0        0.68810        0.75411        0.94184
   635.0        0.68706        0.75462        0.94198
   636.0        0.68602        0.75513        0.94211
   637.0        0.68498        0.75563        0.94225
   638.0        0.68394        0.75614        0.94238
   639.0        0.68292        0.75664        0.94251
   640.0        0.68189        0.75714        0.94264
   641.0        0.68087        0.75764        0.94278
   642.0        0.67985        0.75814        0.94291
   643.0        0.67884        0.75863        0.94304
   644.0        0.67783        0.75913        0.94317
   645.0        0.67683        0.75962        0.94330
   646.0        0.67583        0.76011        0.94343
   647.0        0.67483        0.76060        0.94356
   648.0        0.67384        0.76109        0.94369
   649.0        0.67286        0.76158        0.94382
   650.0        0.67187        0.76207        0.94394
   651.0        0.67089        0.76256        0.94407
   652.0        0.66992        0.76304        0.94420
   653.0        0.66895        0.76352        0.94432
   654.0        0.66798        0.76400        0.94445
   655.0        0.66702        0.76448        0.94458
   656.0        0.66605        0.76496        0.94470
   657.0        0.66510        0.76544        0.94482
   658.0        0.66415        0.76591        0.94495
   659.0        0.66320        0.76639        0.94507
   660.0        0.66225        0.76686        0.94520
   661.0        0.66131        0.76734        0.94532
   662.0        0.66037        0.76781        0.94544
   663.0        0.65944        0.76827        0.94556
   664.0        0.65851        0.76874        0.94568
   665.0        0.65759        0.76921        0.94580
   666.0        0.65667        0.76967        0.94592
   667.0        0.65575        0.77014        0.94604
   668.0        0.65483        0.77060        0.94616
   669.0        0.65392        0.77106        0.94628
   670.0        0.65301        0.77152        0.94640
   671.0        0.65211        0.77198        0.94652
   672.0        0.65121        0.77243        0.94664
   673.0        0.65031        0.77289        0.94676
   674.0        0.64942        0.77334        0.94687
   675.0        0.64853        0.77380        0.94699
   676.0        0.64764        0.77425        0.94711
   677.0        0.64676        0.77470        0.94722
   678.0        0.64588        0.77515        0.94734
   679.0        0.64500        0.77560        0.94745
   680.0        0.64413        0.77604        0.94757
   681.0        0.64326        0.77649        0.94768
   682.0        0.64239        0.77693        0.94780
   683.0        0.64153        0.77737        0.94791
   684.0        0.64067        0.77782        0.94802
   685.0        0.63981        0.77826        0.94813
   686.0        0.63896        0.77870        0.94825
   687.0        0.63811        0.77913        0.94836
   688.0        0.63726        0.77957        0.94847
   689.0        0.63642        0.78001        0.94858
   690.0        0.63558        0.78044        0.94869
   691.0        0.63474        0.78088        0.94880
   692.0        0.63390        0.78131        0.94891
   693.0        0.63307        0.78174        0.94902
   694.0        0.63224        0.78217        0.94913
   695.0        0.63142        0.78260        0.94924
   696.0        0.63060        0.78302        0.94935
   697.0        0.62978        0.78345        0.94946
   698.0        0.62896        0.78387        0.94956
   699.0        0.62815        0.78430        0.94967
   700.0        0.62734        0.78472        0.94978
   701.0        0.62653        0.78514        0.94988
   702.0        0.62573        0.78556        0.94999
   703.0        0.62493        0.78598        0.95010
   704.0        0.62413        0.78640        0.95020
   705.0        0.62333        0.78682        0.95031
   706.0        0.62254        0.78723        0.95041
   707.0        0.62175        0.78765        0.95052
   708.0        0.62096        0.78806        0.95062
   709.0        0.62018        0.78847        0.95072
   710.0        0.61940        0.78888        0.95083
   711.0        0.61862        0.78929        0.95093
   712.0        0.61785        0.78970        0.95103
   713.0        0.61707        0.79011        0.95114
   714.0        0.61630        0.79051        0.95124
   715.0        0.61554        0.79092        0.95134
   716.0        0.61477        0.79132        0.95144
   717.0        0.61401        0.79172        0.95154
   718.0        0.61326        0.79213        0.95164
   719.0        0.61250        0.79252        0.95174
   720.0        0.61175        0.79292        0.95184
   721.0        0.61101        0.79331        0.95194
   722.0        0.61026        0.79370        0.95204
   723.0        0.60952        0.79410        0.95214
   724.0        0.60878        0.79449        0.95224
   725.0        0.60804        0.79488        0.95234
   726.0        0.60731        0.79527        0.95244
   727.0        0.60658        0.79565        0.95253
   728.0        0.60585        0.79604        0.95263
   729.0        0.60512        0.79643        0.95273
   730.0        0.60440        0.79681        0.95283
   731.0        0.60367        0.79719        0.95292
   732.0        0.60296        0.79758        0.95302
   733.0        0.60224        0.79796        0.95311
   734.0        0.60153        0.79834        0.95321
   735.0        0.60082        0.79872        0.95330
   736.0        0.60010        0.79910        0.95340
   737.0        0.59940        0.79947        0.95349
   738.0        0.59870        0.79985        0.95359
   739.0        0.59799        0.80023        0.95368
   740.0        0.59729        0.80060        0.95378
   741.0        0.59660        0.80097        0.95387
   742.0        0.59590        0.80135        0.95396
   743.0        0.59521        0.80172        0.95405
   744.0        0.59452        0.80209        0.95415
   745.0        0.59383        0.80246        0.95424
   746.0        0.59315        0.80283        0.95433
   747.0        0.59246        0.80319        0.95442
   748.0        0.59178        0.80356        0.95451
   749.0        0.59110        0.80393        0.95460
   750.0        0.59043        0.80429        0.95470
   751.0        0.58975        0.80465        0.95479
   752.0        0.58908        0.80502        0.95488
   753.0        0.58841        0.80538        0.95497
   754.0        0.58774        0.80574        0.95505
   755.0        0.58707        0.80610        0.95514
   756.0        0.58640        0.80645        0.95523
   757.0        0.58574        0.80681        0.95532
   758.0        0.58507        0.80716        0.95541
   759.0        0.58441        0.80752        0.95549
   760.0        0.58375        0.80787        0.95558
   761.0        0.58309        0.80822        0.95567
   762.0        0.58244        0.80858        0.95576
   763.0        0.58179        0.80893        0.95584
   764.0        0.58114        0.80928        0.95593
   765.0        0.58049        0.80962        0.95601
   766.0        0.57984        0.80997        0.95610
   767.0        0.57920        0.81032        0.95619
   768.0        0.57856        0.81067        0.95627
   769.0        0.57792        0.81101        0.95636
   770.0        0.57728        0.81135        0.95644
   771.0        0.57664        0.81170        0.95652
   772.0        0.57601        0.81204        0.95661
   773.0        0.57538        0.81238        0.95669
   774.0        0.57475        0.81272        0.95678
   775.0        0.57412        0.81306        0.95686
   776.0        0.57349        0.81340        0.95694
   777.0        0.57287        0.81374        0.95702
   778.0        0.57225        0.81408        0.95711
   779.0        0.57163        0.81440        0.95719
   780.0        0.57103        0.81471        0.95727
   781.0        0.57044        0.81502        0.95735
   782.0        0.56984        0.81532        0.95743
   783.0        0.56925        0.81563        0.95751
   784.0        0.56866        0.81593        0.95760
   785.0        0.56807        0.81623        0.95768
   786.0        0.56749        0.81653        0.95776
   787.0        0.56690        0.81683        0.95784
   788.0        0.56632        0.81713        0.95792
   789.0        0.56574        0.81743        0.95799
   790.0        0.56516        0.81773        0.95807
   791.0        0.56458        0.81803        0.95815
   792.0        0.56401        0.81833        0.95823
   793.0        0.56343        0.81863        0.95831
   794.0        0.56286        0.81892        0.95839
   795.0        0.56229        0.81922        0.95847
   796.0        0.56172        0.81951        0.95854
   797.0        0.56115        0.81981        0.95862
   798.0        0.56058        0.82010        0.95870
   799.0        0.56002        0.82039        0.95878
   800.0        0.55946        0.82068        0.95885
   801.0        0.55890        0.82097        0.95893
   802.0        0.55834        0.82126        0.95900
   803.0        0.55778        0.82155        0.95908
   804.0        0.55723        0.82184        0.95916
   805.0        0.55667        0.82213        0.95923
   806.0        0.55612        0.82241        0.95931
   807.0        0.55557        0.82270        0.95938
   808.0        0.55502        0.82298        0.95946
   809.0        0.55447        0.82327        0.95953
   810.0        0.55393        0.82355        0.95961
   811.0        0.55338        0.82383        0.95968
   812.0        0.55284        0.82412        0.95975
   813.0        0.55230        0.82440        0.95983
   814.0        0.55176        0.82468        0.95990
   815.0        0.55122        0.82496        0.95998
   816.0        0.55068        0.82524        0.96005
   817.0        0.55015        0.82552        0.96012
   818.0        0.54962        0.82580        0.96019
   819.0        0.54908        0.82607        0.96027
   820.0        0.54855        0.82635        0.96034
   821.0        0.54803        0.82663        0.96041
   822.0        0.54750        0.82690        0.96048
   823.0        0.54697        0.82718        0.96055
   824.0        0.54645        0.82745        0.96063
   825.0        0.54593        0.82772        0.96070
   826.0        0.54540        0.82800        0.96077
   827.0        0.54488        0.82827        0.96084
   828.0        0.54437        0.82854        0.96091
   829.0        0.54385        0.82881        0.96098
   830.0        0.54333        0.82908        0.96105
   831.0        0.54282        0.82935        0.96112
   832.0        0.54231        0.82962        0.96119
   833.0        0.54180        0.82989        0.96126
   834.0        0.54128        0.83016        0.96133
   835.0        0.54078        0.83042        0.96140
   836.0        0.54027        0.83069        0.96147
   837.0        0.53976        0.83096        0.96154
   838.0        0.53926        0.83122        0.96161
   839.0        0.53876        0.83149        0.96168
   840.0        0.53826        0.83175        0.96175
   841.0        0.53776        0.83201        0.96181
   842.0        0.53726        0.83228        0.96188
   843.0        0.53676        0.83254        0.96195
   844.0        0.53626        0.83280        0.96202
   845.0        0.53577        0.83306        0.96208
   846.0        0.53528        0.83332        0.96215
   847.0        0.53479        0.83358        0.96222
   848.0        0.53429        0.83384        0.96229
   849.0        0.53380        0.83410        0.96235
   850.0        0.53332        0.83436        0.96242
   851.0        0.53283        0.83461        0.96248
   852.0        0.53235        0.83487        0.96255
   853.0        0.53186        0.83513        0.96262
   854.0        0.53138        0.83538        0.96268
   855.0        0.53090        0.83564        0.96275
   856.0        0.53042        0.83589        0.96281
   857.0        0.52994        0.83614        0.96288
   858.0        0.52946        0.83640        0.96294
   859.0        0.52899        0.83665        0.96301
   860.0        0.52851        0.83690        0.96307
   861.0        0.52804        0.83715        0.96314
   862.0        0.52757        0.83740        0.96320
   863.0        0.52709        0.83765        0.96327
   864.0        0.52663        0.83790        0.96333
   865.0        0.52616        0.83815        0.96339
   866.0        0.52569        0.83840        0.96346
   867.0        0.52522        0.83865        0.96352
   868.0        0.52476        0.83889        0.96358
   869.0        0.52430        0.83914        0.96365
   870.0        0.52383        0.83939        0.96371
   871.0        0.52337        0.83963        0.96377
   872.0        0.52291        0.83988        0.96383
   873.0        0.52246        0.84012        0.96390
   874.0        0.52200        0.84036        0.96396
   875.0        0.52154        0.84061        0.96402
   876.0        0.52109        0.84085        0.96408
   877.0        0.52063        0.84109        0.96414
   878.0        0.52018        0.84133        0.96420
   879.0        0.51973        0.84158        0.96426
   880.0        0.51928        0.84182        0.96432
   881.0        0.51883        0.84206        0.96438
   882.0        0.51838        0.84229        0.96444
   883.0        0.51794        0.84253        0.96450
   884.0        0.51749        0.84277        0.96456
   885.0        0.51705        0.84301        0.96462
   886.0        0.51660        0.84325        0.96468
   887.0        0.51616        0.84348        0.96474
   888.0        0.51572        0.84372        0.96480
   889.0        0.51528        0.84395        0.96486
   890.0        0.51484        0.84419        0.96492
   891.0        0.51441        0.84442        0.96498
   892.0        0.51397        0.84465        0.96504
   893.0        0.51353        0.84489        0.96510
   894.0        0.51310        0.84512        0.96516
   895.0        0.51267        0.84535        0.96521
   896.0        0.51224        0.84558        0.96527
   897.0        0.51181        0.84581        0.96533
   898.0        0.51138        0.84604        0.96539
   899.0        0.51095        0.84627        0.96545
   900.0        0.51052        0.84650        0.96550
   901.0        0.51009        0.84673        0.96556
   902.0        0.50967        0.84696        0.96562
   903.0        0.50924        0.84719        0.96567
   904.0        0.50882        0.84742        0.96573
   905.0        0.50840        0.84764        0.96579
   906.0        0.50798        0.84787        0.96584
   907.0        0.50756        0.84809        0.96590
   908.0        0.50714        0.84832        0.96596
   909.0        0.50672        0.84854        0.96601
   910.0        0.50630        0.84877        0.96607
   911.0        0.50589        0.84899        0.96612
   912.0        0.50547        0.84922        0.96618
   913.0        0.50506        0.84944        0.96624
   914.0        0.50465        0.84966        0.96629
   915.0        0.50424        0.84988        0.96635
   916.0        0.50383        0.85010        0.96640
   917.0        0.50342        0.85032        0.96646
   918.0        0.50301        0.85054        0.96651
   919.0        0.50260        0.85076        0.96657
   920.0        0.50219        0.85098        0.96662
   921.0        0.50179        0.85120        0.96667
   922.0        0.50138        0.85142        0.96673
   923.0        0.50098        0.85164        0.96678
   924.0        0.50058        0.85185        0.96684
   925.0        0.50018        0.85207        0.96689
   926.0        0.49977        0.85229        0.96695
   927.0        0.49937        0.85250        0.96700
   928.0        0.49898        0.85272        0.96705
   929.0        0.49858        0.85293        0.96711
   930.0        0.49818        0.85315        0.96716
   931.0        0.49778        0.85336        0.96722
   932.0        0.49739        0.85357        0.96727
   933.0        0.49700        0.85379        0.96732
   934.0        0.49660        0.85400        0.96737
   935.0        0.49621        0.85421        0.96743
   936.0        0.49582        0.85442        0.96748
   937.0        0.49543        0.85463        0.96753
   938.0        0.49504        0.85484        0.96758
   939.0        0.49465        0.85505        0.96764
   940.0        0.49426        0.85526        0.96769
   941.0        0.49388        0.85547        0.96774
   942.0        0.49349        0.85568        0.96779
   943.0        0.49311        0.85589        0.96784
   944.0        0.49272        0.85610        0.96790
   945.0        0.49234        0.85630        0.96795
   946.0        0.49196        0.85651        0.96800
   947.0        0.49158        0.85672        0.96805
   948.0        0.49120        0.85692        0.96810
   949.0        0.49082        0.85713        0.96815
   950.0        0.49044        0.85733        0.96820
   951.0        0.49006        0.85754        0.96825
   952.0        0.48968        0.85774        0.96830
   953.0        0.48931        0.85795        0.96835
   954.0        0.48893        0.85815        0.96840
   955.0        0.48856        0.85835        0.96845
   956.0        0.48819        0.85855        0.96850
   957.0        0.48782        0.85876        0.96855
   958.0        0.48744        0.85896        0.96860
   959.0        0.48707        0.85916        0.96865
   960.0        0.48670        0.85936        0.96870
   961.0        0.48633        0.85956        0.96875
   962.0        0.48597        0.85976        0.96880
   963.0        0.48560        0.85996        0.96885
   964.0        0.48523        0.86016        0.96890
   965.0        0.48487        0.86035        0.96895
   966.0        0.48450        0.86055        0.96900
   967.0        0.48414        0.86075        0.96905
   968.0        0.48378        0.86095        0.96909
   969.0        0.48342        0.86114        0.96914
   970.0        0.48305        0.86134        0.96919
   971.0        0.48269        0.86154        0.96924
   972.0        0.48233        0.86173        0.96929
   973.0        0.48198        0.86193        0.96933
   974.0        0.48162        0.86212        0.96938
   975.0        0.48125        0.86231        0.96944
   976.0        0.48089        0.86251        0.96950
   977.0        0.48053        0.86270        0.96957
   978.0        0.48017        0.86289        0.96963
   979.0        0.47981        0.86308        0.96969
   980.0        0.47946        0.86327        0.96974
   981.0        0.47910        0.86346        0.96980
   982.0        0.47875        0.86365        0.96985
   983.0        0.47839        0.86384        0.96990
   984.0        0.47804        0.86403        0.96996
   985.0        0.47769        0.86422        0.97001
   986.0        0.47734        0.86441        0.97006
   987.0        0.47699        0.86460        0.97012
   988.0        0.47664        0.86478        0.97017
   989.0        0.47629        0.86497        0.97022
   990.0        0.47594        0.86516        0.97027
   991.0        0.47559        0.86535        0.97033
   992.0        0.47525        0.86553        0.97038
   993.0        0.47490        0.86572        0.97043
   994.0        0.47456        0.86590        0.97048
   995.0        0.47421        0.86609        0.97054
   996.0        0.47387        0.86627        0.97059
   997.0        0.47353        0.86646        0.97064
   998.0        0.47319        0.86664        0.97069
   999.0        0.47284        0.86683        0.97074
  1000.0        0.47250        0.86701        0.97079
