 lung                
 Density =   0.2600000      Aeff =    12.94264      Zeff =    7.118764    
     1.0      988.43066        0.00041        0.00856
     2.0      150.28084        0.00222        0.03252
     3.0       48.38643        0.00548        0.06920
     4.0       20.88080        0.01022        0.11414
     5.0       10.76947        0.01636        0.16405
     6.0        6.27984        0.02391        0.21554
     7.0        3.93670        0.03339        0.26588
     8.0        2.65906        0.04436        0.31357
     9.0        1.87224        0.05753        0.35753
    10.0        1.37307        0.07273        0.39853
    11.0        1.04079        0.08998        0.43594
    12.0        0.81159        0.10920        0.47017
    13.0        0.64578        0.13097        0.50209
    14.0        0.52436        0.15473        0.53116
    15.0        0.43401        0.18018        0.55792
    16.0        0.36532        0.20726        0.58292
    17.0        0.31227        0.23566        0.60632
    18.0        0.27063        0.26513        0.62816
    19.0        0.23744        0.29527        0.64834
    20.0        0.21060        0.32557        0.66664
    21.0        0.18870        0.35597        0.68379
    22.0        0.17067        0.38633        0.69984
    23.0        0.15570        0.41640        0.71490
    24.0        0.14315        0.44594        0.72918
    25.0        0.13247        0.47511        0.74246
    26.0        0.12331        0.50366        0.75501
    27.0        0.11539        0.53086        0.76640
    28.0        0.10856        0.55698        0.77724
    29.0        0.10264        0.58198        0.78731
    30.0        0.09750        0.60587        0.79675
    31.0        0.09300        0.62864        0.80567
    32.0        0.08903        0.65024        0.81402
    33.0        0.08554        0.67066        0.82187
    34.0        0.08244        0.68995        0.82924
    35.0        0.07969        0.70814        0.83620
    36.0        0.07723        0.72527        0.84275
    37.0        0.07499        0.74120        0.84883
    38.0        0.07294        0.75609        0.85452
    39.0        0.07109        0.77008        0.85991
    40.0        0.06942        0.78318        0.86504
    41.0        0.06790        0.79548        0.86989
    42.0        0.06651        0.80699        0.87453
    43.0        0.06524        0.81778        0.87892
    44.0        0.06408        0.82788        0.88308
    45.0        0.06301        0.83732        0.88703
    46.0        0.06202        0.84616        0.89079
    47.0        0.06110        0.85442        0.89434
    48.0        0.06021        0.86206        0.89764
    49.0        0.05937        0.86922        0.90079
    50.0        0.05859        0.87593        0.90379
    51.0        0.05786        0.88228        0.90666
    52.0        0.05718        0.88823        0.90941
    53.0        0.05654        0.89383        0.91204
    54.0        0.05595        0.89908        0.91456
    55.0        0.05539        0.90402        0.91698
    56.0        0.05486        0.90866        0.91930
    57.0        0.05436        0.91303        0.92153
    58.0        0.05389        0.91714        0.92367
    59.0        0.05344        0.92100        0.92571
    60.0        0.05301        0.92464        0.92767
    61.0        0.05261        0.92808        0.92956
    62.0        0.05223        0.93132        0.93138
    63.0        0.05187        0.93438        0.93313
    64.0        0.05152        0.93727        0.93481
    65.0        0.05119        0.94001        0.93642
    66.0        0.05088        0.94259        0.93799
    67.0        0.05058        0.94503        0.93949
    68.0        0.05029        0.94735        0.94094
    69.0        0.05000        0.94952        0.94232
    70.0        0.04970        0.95156        0.94362
    71.0        0.04941        0.95349        0.94488
    72.0        0.04913        0.95533        0.94610
    73.0        0.04886        0.95707        0.94728
    74.0        0.04860        0.95873        0.94842
    75.0        0.04835        0.96031        0.94952
    76.0        0.04811        0.96181        0.95059
    77.0        0.04788        0.96323        0.95162
    78.0        0.04765        0.96459        0.95262
    79.0        0.04743        0.96588        0.95359
    80.0        0.04721        0.96711        0.95452
    81.0        0.04701        0.96829        0.95543
    82.0        0.04680        0.96941        0.95632
    83.0        0.04661        0.97048        0.95717
    84.0        0.04642        0.97151        0.95801
    85.0        0.04623        0.97248        0.95881
    86.0        0.04605        0.97342        0.95959
    87.0        0.04588        0.97431        0.96035
    88.0        0.04571        0.97517        0.96109
    89.0        0.04554        0.97599        0.96181
    90.0        0.04538        0.97677        0.96251
    91.0        0.04523        0.97752        0.96319
    92.0        0.04507        0.97824        0.96385
    93.0        0.04492        0.97893        0.96450
    94.0        0.04478        0.97959        0.96512
    95.0        0.04463        0.98022        0.96573
    96.0        0.04450        0.98083        0.96632
    97.0        0.04436        0.98142        0.96690
    98.0        0.04423        0.98198        0.96746
    99.0        0.04410        0.98252        0.96801
   100.0        0.04397        0.98304        0.96855
   101.0        0.04382        0.98352        0.96905
   102.0        0.04368        0.98399        0.96955
   103.0        0.04354        0.98444        0.97003
   104.0        0.04340        0.98487        0.97050
   105.0        0.04326        0.98529        0.97096
   106.0        0.04313        0.98569        0.97140
   107.0        0.04300        0.98608        0.97184
   108.0        0.04287        0.98645        0.97227
   109.0        0.04274        0.98681        0.97268
   110.0        0.04262        0.98716        0.97309
   111.0        0.04250        0.98750        0.97349
   112.0        0.04238        0.98782        0.97388
   113.0        0.04226        0.98814        0.97426
   114.0        0.04214        0.98844        0.97463
   115.0        0.04203        0.98873        0.97499
   116.0        0.04192        0.98902        0.97535
   117.0        0.04181        0.98929        0.97570
   118.0        0.04170        0.98955        0.97604
   119.0        0.04159        0.98981        0.97637
   120.0        0.04148        0.99006        0.97670
   121.0        0.04138        0.99030        0.97702
   122.0        0.04128        0.99053        0.97733
   123.0        0.04118        0.99076        0.97764
   124.0        0.04108        0.99097        0.97794
   125.0        0.04098        0.99119        0.97823
   126.0        0.04088        0.99139        0.97852
   127.0        0.04079        0.99159        0.97880
   128.0        0.04069        0.99178        0.97908
   129.0        0.04060        0.99197        0.97935
   130.0        0.04051        0.99215        0.97961
   131.0        0.04042        0.99232        0.97987
   132.0        0.04033        0.99250        0.98013
   133.0        0.04024        0.99266        0.98038
   134.0        0.04015        0.99282        0.98062
   135.0        0.04005        0.99297        0.98085
   136.0        0.03995        0.99312        0.98108
   137.0        0.03986        0.99327        0.98131
   138.0        0.03976        0.99341        0.98153
   139.0        0.03967        0.99355        0.98175
   140.0        0.03958        0.99368        0.98196
   141.0        0.03948        0.99381        0.98217
   142.0        0.03939        0.99394        0.98238
   143.0        0.03931        0.99406        0.98258
   144.0        0.03922        0.99418        0.98278
   145.0        0.03913        0.99430        0.98297
   146.0        0.03904        0.99441        0.98317
   147.0        0.03896        0.99452        0.98336
   148.0        0.03887        0.99463        0.98354
   149.0        0.03879        0.99473        0.98372
   150.0        0.03871        0.99484        0.98390
   151.0        0.03863        0.99493        0.98408
   152.0        0.03855        0.99503        0.98425
   153.0        0.03847        0.99513        0.98442
   154.0        0.03839        0.99522        0.98459
   155.0        0.03831        0.99531        0.98475
   156.0        0.03823        0.99540        0.98491
   157.0        0.03815        0.99548        0.98507
   158.0        0.03808        0.99556        0.98523
   159.0        0.03800        0.99565        0.98538
   160.0        0.03793        0.99572        0.98553
   161.0        0.03785        0.99580        0.98568
   162.0        0.03778        0.99588        0.98583
   163.0        0.03771        0.99595        0.98597
   164.0        0.03764        0.99602        0.98612
   165.0        0.03757        0.99609        0.98625
   166.0        0.03750        0.99616        0.98639
   167.0        0.03743        0.99623        0.98653
   168.0        0.03736        0.99629        0.98666
   169.0        0.03729        0.99636        0.98679
   170.0        0.03722        0.99642        0.98692
   171.0        0.03715        0.99648        0.98705
   172.0        0.03708        0.99654        0.98717
   173.0        0.03701        0.99660        0.98729
   174.0        0.03693        0.99665        0.98741
   175.0        0.03686        0.99671        0.98753
   176.0        0.03678        0.99676        0.98764
   177.0        0.03671        0.99682        0.98775
   178.0        0.03664        0.99687        0.98787
   179.0        0.03656        0.99692        0.98798
   180.0        0.03649        0.99697        0.98808
   181.0        0.03642        0.99702        0.98819
   182.0        0.03635        0.99706        0.98830
   183.0        0.03628        0.99711        0.98840
   184.0        0.03621        0.99715        0.98850
   185.0        0.03614        0.99720        0.98860
   186.0        0.03608        0.99724        0.98870
   187.0        0.03601        0.99728        0.98880
   188.0        0.03594        0.99733        0.98890
   189.0        0.03587        0.99737        0.98899
   190.0        0.03581        0.99741        0.98909
   191.0        0.03574        0.99744        0.98918
   192.0        0.03568        0.99748        0.98927
   193.0        0.03561        0.99752        0.98936
   194.0        0.03555        0.99756        0.98945
   195.0        0.03549        0.99759        0.98954
   196.0        0.03542        0.99763        0.98963
   197.0        0.03536        0.99766        0.98971
   198.0        0.03530        0.99770        0.98980
   199.0        0.03524        0.99773        0.98988
   200.0        0.03518        0.99776        0.98996
   201.0        0.03512        0.99779        0.99005
   202.0        0.03506        0.99782        0.99013
   203.0        0.03500        0.99785        0.99021
   204.0        0.03494        0.99788        0.99028
   205.0        0.03488        0.99791        0.99036
   206.0        0.03482        0.99794        0.99044
   207.0        0.03476        0.99797        0.99051
   208.0        0.03470        0.99799        0.99059
   209.0        0.03465        0.99802        0.99066
   210.0        0.03459        0.99805        0.99073
   211.0        0.03453        0.99807        0.99081
   212.0        0.03448        0.99810        0.99088
   213.0        0.03442        0.99812        0.99095
   214.0        0.03437        0.99814        0.99102
   215.0        0.03431        0.99817        0.99108
   216.0        0.03426        0.99819        0.99115
   217.0        0.03420        0.99822        0.99122
   218.0        0.03415        0.99824        0.99129
   219.0        0.03410        0.99826        0.99135
   220.0        0.03404        0.99828        0.99141
   221.0        0.03399        0.99830        0.99148
   222.0        0.03394        0.99832        0.99154
   223.0        0.03389        0.99834        0.99160
   224.0        0.03383        0.99837        0.99166
   225.0        0.03378        0.99839        0.99173
   226.0        0.03373        0.99840        0.99179
   227.0        0.03368        0.99842        0.99185
   228.0        0.03363        0.99844        0.99190
   229.0        0.03358        0.99846        0.99196
   230.0        0.03353        0.99848        0.99202
   231.0        0.03348        0.99850        0.99208
   232.0        0.03343        0.99852        0.99213
   233.0        0.03338        0.99853        0.99219
   234.0        0.03333        0.99855        0.99224
   235.0        0.03329        0.99857        0.99230
   236.0        0.03324        0.99858        0.99235
   237.0        0.03319        0.99860        0.99240
   238.0        0.03314        0.99862        0.99246
   239.0        0.03310        0.99863        0.99251
   240.0        0.03305        0.99865        0.99256
   241.0        0.03300        0.99866        0.99261
   242.0        0.03296        0.99868        0.99266
   243.0        0.03291        0.99869        0.99271
   244.0        0.03286        0.99871        0.99276
   245.0        0.03282        0.99872        0.99281
   246.0        0.03277        0.99874        0.99286
   247.0        0.03273        0.99875        0.99290
   248.0        0.03268        0.99877        0.99295
   249.0        0.03264        0.99878        0.99300
   250.0        0.03260        0.99879        0.99304
   251.0        0.03255        0.99881        0.99309
   252.0        0.03251        0.99882        0.99313
   253.0        0.03246        0.99883        0.99318
   254.0        0.03242        0.99885        0.99322
   255.0        0.03238        0.99886        0.99327
   256.0        0.03234        0.99887        0.99331
   257.0        0.03229        0.99888        0.99335
   258.0        0.03225        0.99889        0.99339
   259.0        0.03221        0.99891        0.99344
   260.0        0.03217        0.99892        0.99348
   261.0        0.03213        0.99893        0.99352
   262.0        0.03208        0.99894        0.99356
   263.0        0.03204        0.99895        0.99360
   264.0        0.03200        0.99896        0.99364
   265.0        0.03196        0.99897        0.99368
   266.0        0.03192        0.99898        0.99372
   267.0        0.03188        0.99899        0.99376
   268.0        0.03183        0.99900        0.99379
   269.0        0.03179        0.99901        0.99383
   270.0        0.03174        0.99902        0.99387
   271.0        0.03169        0.99903        0.99390
   272.0        0.03165        0.99904        0.99394
   273.0        0.03160        0.99905        0.99398
   274.0        0.03156        0.99906        0.99401
   275.0        0.03151        0.99907        0.99405
   276.0        0.03147        0.99908        0.99408
   277.0        0.03143        0.99909        0.99411
   278.0        0.03138        0.99910        0.99415
   279.0        0.03134        0.99911        0.99418
   280.0        0.03130        0.99912        0.99421
   281.0        0.03125        0.99912        0.99425
   282.0        0.03121        0.99913        0.99428
   283.0        0.03117        0.99914        0.99431
   284.0        0.03112        0.99915        0.99434
   285.0        0.03108        0.99916        0.99438
   286.0        0.03104        0.99917        0.99441
   287.0        0.03100        0.99917        0.99444
   288.0        0.03096        0.99918        0.99447
   289.0        0.03091        0.99919        0.99450
   290.0        0.03087        0.99920        0.99453
   291.0        0.03083        0.99920        0.99456
   292.0        0.03079        0.99921        0.99459
   293.0        0.03075        0.99922        0.99462
   294.0        0.03071        0.99923        0.99465
   295.0        0.03067        0.99923        0.99468
   296.0        0.03063        0.99924        0.99471
   297.0        0.03059        0.99925        0.99474
   298.0        0.03055        0.99925        0.99476
   299.0        0.03051        0.99926        0.99479
   300.0        0.03047        0.99927        0.99482
   301.0        0.03043        0.99927        0.99485
   302.0        0.03039        0.99928        0.99487
   303.0        0.03035        0.99929        0.99490
   304.0        0.03032        0.99929        0.99493
   305.0        0.03028        0.99930        0.99496
   306.0        0.03024        0.99930        0.99498
   307.0        0.03020        0.99931        0.99501
   308.0        0.03016        0.99931        0.99503
   309.0        0.03013        0.99932        0.99506
   310.0        0.03009        0.99933        0.99509
   311.0        0.03005        0.99933        0.99511
   312.0        0.03001        0.99934        0.99514
   313.0        0.02998        0.99934        0.99516
   314.0        0.02994        0.99935        0.99519
   315.0        0.02990        0.99935        0.99521
   316.0        0.02987        0.99936        0.99523
   317.0        0.02983        0.99936        0.99526
   318.0        0.02979        0.99937        0.99528
   319.0        0.02976        0.99937        0.99531
   320.0        0.02972        0.99938        0.99533
   321.0        0.02969        0.99938        0.99535
   322.0        0.02965        0.99939        0.99538
   323.0        0.02962        0.99939        0.99540
   324.0        0.02958        0.99940        0.99542
   325.0        0.02954        0.99940        0.99544
   326.0        0.02951        0.99941        0.99547
   327.0        0.02948        0.99941        0.99549
   328.0        0.02944        0.99942        0.99551
   329.0        0.02941        0.99942        0.99553
   330.0        0.02937        0.99943        0.99555
   331.0        0.02934        0.99943        0.99558
   332.0        0.02930        0.99943        0.99560
   333.0        0.02927        0.99944        0.99562
   334.0        0.02924        0.99944        0.99564
   335.0        0.02920        0.99945        0.99566
   336.0        0.02917        0.99945        0.99568
   337.0        0.02914        0.99946        0.99570
   338.0        0.02910        0.99946        0.99572
   339.0        0.02907        0.99946        0.99574
   340.0        0.02904        0.99947        0.99576
   341.0        0.02900        0.99947        0.99578
   342.0        0.02897        0.99948        0.99580
   343.0        0.02894        0.99948        0.99582
   344.0        0.02891        0.99948        0.99584
   345.0        0.02887        0.99949        0.99586
   346.0        0.02884        0.99949        0.99588
   347.0        0.02881        0.99950        0.99590
   348.0        0.02878        0.99950        0.99592
   349.0        0.02875        0.99950        0.99594
   350.0        0.02871        0.99951        0.99596
   351.0        0.02868        0.99951        0.99597
   352.0        0.02865        0.99951        0.99599
   353.0        0.02862        0.99952        0.99601
   354.0        0.02859        0.99952        0.99603
   355.0        0.02856        0.99952        0.99605
   356.0        0.02853        0.99953        0.99606
   357.0        0.02850        0.99953        0.99608
   358.0        0.02847        0.99953        0.99610
   359.0        0.02844        0.99954        0.99612
   360.0        0.02841        0.99954        0.99613
   361.0        0.02838        0.99954        0.99615
   362.0        0.02835        0.99955        0.99617
   363.0        0.02832        0.99955        0.99619
   364.0        0.02829        0.99955        0.99620
   365.0        0.02826        0.99956        0.99622
   366.0        0.02823        0.99956        0.99624
   367.0        0.02820        0.99956        0.99625
   368.0        0.02817        0.99957        0.99627
   369.0        0.02814        0.99957        0.99629
   370.0        0.02811        0.99957        0.99630
   371.0        0.02808        0.99957        0.99632
   372.0        0.02805        0.99958        0.99633
   373.0        0.02802        0.99958        0.99635
   374.0        0.02799        0.99958        0.99637
   375.0        0.02797        0.99959        0.99638
   376.0        0.02794        0.99959        0.99640
   377.0        0.02791        0.99959        0.99641
   378.0        0.02788        0.99959        0.99643
   379.0        0.02785        0.99960        0.99644
   380.0        0.02782        0.99960        0.99646
   381.0        0.02780        0.99960        0.99647
   382.0        0.02777        0.99960        0.99649
   383.0        0.02774        0.99961        0.99650
   384.0        0.02771        0.99961        0.99652
   385.0        0.02768        0.99961        0.99653
   386.0        0.02766        0.99962        0.99655
   387.0        0.02763        0.99962        0.99656
   388.0        0.02760        0.99962        0.99657
   389.0        0.02758        0.99962        0.99659
   390.0        0.02755        0.99963        0.99660
   391.0        0.02752        0.99963        0.99662
   392.0        0.02749        0.99963        0.99663
   393.0        0.02747        0.99963        0.99664
   394.0        0.02744        0.99963        0.99666
   395.0        0.02741        0.99964        0.99667
   396.0        0.02739        0.99964        0.99668
   397.0        0.02736        0.99964        0.99670
   398.0        0.02734        0.99964        0.99671
   399.0        0.02731        0.99965        0.99672
   400.0        0.02728        0.99965        0.99674
   401.0        0.02726        0.99965        0.99675
   402.0        0.02723        0.99965        0.99676
   403.0        0.02721        0.99965        0.99678
   404.0        0.02718        0.99966        0.99679
   405.0        0.02715        0.99966        0.99680
   406.0        0.02713        0.99966        0.99682
   407.0        0.02710        0.99966        0.99683
   408.0        0.02708        0.99966        0.99684
   409.0        0.02705        0.99967        0.99685
   410.0        0.02703        0.99967        0.99687
   411.0        0.02700        0.99967        0.99688
   412.0        0.02698        0.99967        0.99689
   413.0        0.02695        0.99967        0.99690
   414.0        0.02693        0.99968        0.99691
   415.0        0.02690        0.99968        0.99693
   416.0        0.02688        0.99968        0.99694
   417.0        0.02685        0.99968        0.99695
   418.0        0.02683        0.99968        0.99696
   419.0        0.02680        0.99969        0.99697
   420.0        0.02678        0.99969        0.99698
   421.0        0.02675        0.99969        0.99700
   422.0        0.02673        0.99969        0.99701
   423.0        0.02671        0.99969        0.99702
   424.0        0.02668        0.99969        0.99703
   425.0        0.02666        0.99970        0.99704
   426.0        0.02663        0.99970        0.99705
   427.0        0.02661        0.99970        0.99706
   428.0        0.02659        0.99970        0.99707
   429.0        0.02656        0.99970        0.99709
   430.0        0.02653        0.99970        0.99710
   431.0        0.02651        0.99971        0.99711
   432.0        0.02648        0.99971        0.99712
   433.0        0.02646        0.99971        0.99713
   434.0        0.02643        0.99971        0.99714
   435.0        0.02640        0.99971        0.99715
   436.0        0.02638        0.99971        0.99716
   437.0        0.02635        0.99972        0.99717
   438.0        0.02633        0.99972        0.99718
   439.0        0.02630        0.99972        0.99719
   440.0        0.02628        0.99972        0.99720
   441.0        0.02625        0.99972        0.99721
   442.0        0.02623        0.99972        0.99722
   443.0        0.02620        0.99972        0.99723
   444.0        0.02618        0.99973        0.99724
   445.0        0.02615        0.99973        0.99725
   446.0        0.02613        0.99973        0.99726
   447.0        0.02610        0.99973        0.99727
   448.0        0.02608        0.99973        0.99728
   449.0        0.02606        0.99973        0.99729
   450.0        0.02603        0.99973        0.99730
   451.0        0.02601        0.99974        0.99731
   452.0        0.02598        0.99974        0.99732
   453.0        0.02596        0.99974        0.99733
   454.0        0.02593        0.99974        0.99733
   455.0        0.02591        0.99974        0.99734
   456.0        0.02589        0.99974        0.99735
   457.0        0.02586        0.99974        0.99736
   458.0        0.02584        0.99974        0.99737
   459.0        0.02582        0.99975        0.99738
   460.0        0.02579        0.99975        0.99739
   461.0        0.02577        0.99975        0.99740
   462.0        0.02575        0.99975        0.99741
   463.0        0.02572        0.99975        0.99742
   464.0        0.02570        0.99975        0.99742
   465.0        0.02568        0.99975        0.99743
   466.0        0.02565        0.99976        0.99744
   467.0        0.02563        0.99976        0.99745
   468.0        0.02561        0.99976        0.99746
   469.0        0.02558        0.99976        0.99747
   470.0        0.02556        0.99976        0.99748
   471.0        0.02554        0.99976        0.99748
   472.0        0.02552        0.99976        0.99749
   473.0        0.02549        0.99976        0.99750
   474.0        0.02547        0.99976        0.99751
   475.0        0.02545        0.99977        0.99752
   476.0        0.02543        0.99977        0.99753
   477.0        0.02540        0.99977        0.99753
   478.0        0.02538        0.99977        0.99754
   479.0        0.02536        0.99977        0.99755
   480.0        0.02534        0.99977        0.99756
   481.0        0.02531        0.99977        0.99757
   482.0        0.02529        0.99977        0.99757
   483.0        0.02527        0.99977        0.99758
   484.0        0.02525        0.99978        0.99759
   485.0        0.02523        0.99978        0.99760
   486.0        0.02520        0.99978        0.99761
   487.0        0.02518        0.99978        0.99761
   488.0        0.02516        0.99978        0.99762
   489.0        0.02514        0.99978        0.99763
   490.0        0.02512        0.99978        0.99764
   491.0        0.02510        0.99978        0.99764
   492.0        0.02507        0.99978        0.99765
   493.0        0.02505        0.99979        0.99766
   494.0        0.02503        0.99979        0.99767
   495.0        0.02501        0.99979        0.99767
   496.0        0.02499        0.99979        0.99768
   497.0        0.02497        0.99979        0.99769
   498.0        0.02495        0.99979        0.99770
   499.0        0.02493        0.99979        0.99770
   500.0        0.02491        0.99979        0.99771
   501.0        0.02488        0.99979        0.99772
   502.0        0.02486        0.99979        0.99772
   503.0        0.02484        0.99979        0.99773
   504.0        0.02482        0.99980        0.99774
   505.0        0.02480        0.99980        0.99775
   506.0        0.02478        0.99980        0.99775
   507.0        0.02476        0.99980        0.99776
   508.0        0.02474        0.99980        0.99777
   509.0        0.02472        0.99980        0.99777
   510.0        0.02470        0.99980        0.99778
   511.0        0.02468        0.99980        0.99779
   512.0        0.02466        0.99980        0.99779
   513.0        0.02464        0.99980        0.99780
   514.0        0.02462        0.99980        0.99781
   515.0        0.02460        0.99981        0.99781
   516.0        0.02458        0.99981        0.99782
   517.0        0.02456        0.99981        0.99783
   518.0        0.02454        0.99981        0.99783
   519.0        0.02452        0.99981        0.99784
   520.0        0.02450        0.99981        0.99785
   521.0        0.02448        0.99981        0.99785
   522.0        0.02446        0.99981        0.99786
   523.0        0.02444        0.99981        0.99787
   524.0        0.02442        0.99981        0.99787
   525.0        0.02440        0.99981        0.99788
   526.0        0.02438        0.99981        0.99789
   527.0        0.02436        0.99981        0.99789
   528.0        0.02434        0.99982        0.99790
   529.0        0.02432        0.99982        0.99791
   530.0        0.02430        0.99982        0.99791
   531.0        0.02429        0.99982        0.99792
   532.0        0.02427        0.99982        0.99792
   533.0        0.02425        0.99982        0.99793
   534.0        0.02423        0.99982        0.99794
   535.0        0.02421        0.99982        0.99794
   536.0        0.02419        0.99982        0.99795
   537.0        0.02417        0.99982        0.99795
   538.0        0.02415        0.99982        0.99796
   539.0        0.02413        0.99982        0.99797
   540.0        0.02412        0.99982        0.99797
   541.0        0.02410        0.99982        0.99798
   542.0        0.02408        0.99983        0.99798
   543.0        0.02406        0.99983        0.99799
   544.0        0.02404        0.99983        0.99800
   545.0        0.02402        0.99983        0.99800
   546.0        0.02400        0.99983        0.99801
   547.0        0.02399        0.99983        0.99801
   548.0        0.02397        0.99983        0.99802
   549.0        0.02395        0.99983        0.99802
   550.0        0.02393        0.99983        0.99803
   551.0        0.02391        0.99983        0.99804
   552.0        0.02389        0.99983        0.99804
   553.0        0.02388        0.99983        0.99805
   554.0        0.02386        0.99983        0.99805
   555.0        0.02384        0.99983        0.99806
   556.0        0.02382        0.99983        0.99806
   557.0        0.02380        0.99984        0.99807
   558.0        0.02379        0.99984        0.99807
   559.0        0.02377        0.99984        0.99808
   560.0        0.02375        0.99984        0.99809
   561.0        0.02373        0.99984        0.99809
   562.0        0.02372        0.99984        0.99810
   563.0        0.02370        0.99984        0.99810
   564.0        0.02368        0.99984        0.99811
   565.0        0.02366        0.99984        0.99811
   566.0        0.02365        0.99984        0.99812
   567.0        0.02363        0.99984        0.99812
   568.0        0.02361        0.99984        0.99813
   569.0        0.02359        0.99984        0.99813
   570.0        0.02357        0.99984        0.99814
   571.0        0.02355        0.99984        0.99814
   572.0        0.02354        0.99984        0.99815
   573.0        0.02352        0.99985        0.99815
   574.0        0.02350        0.99985        0.99816
   575.0        0.02348        0.99985        0.99816
   576.0        0.02346        0.99985        0.99817
   577.0        0.02344        0.99985        0.99817
   578.0        0.02343        0.99985        0.99818
   579.0        0.02341        0.99985        0.99818
   580.0        0.02339        0.99985        0.99819
   581.0        0.02337        0.99985        0.99819
   582.0        0.02335        0.99985        0.99820
   583.0        0.02334        0.99985        0.99820
   584.0        0.02332        0.99985        0.99821
   585.0        0.02330        0.99985        0.99821
   586.0        0.02328        0.99985        0.99822
   587.0        0.02326        0.99985        0.99822
   588.0        0.02325        0.99985        0.99823
   589.0        0.02323        0.99985        0.99823
   590.0        0.02321        0.99985        0.99823
   591.0        0.02319        0.99985        0.99824
   592.0        0.02318        0.99986        0.99824
   593.0        0.02316        0.99986        0.99825
   594.0        0.02314        0.99986        0.99825
   595.0        0.02312        0.99986        0.99826
   596.0        0.02311        0.99986        0.99826
   597.0        0.02309        0.99986        0.99827
   598.0        0.02307        0.99986        0.99827
   599.0        0.02306        0.99986        0.99828
   600.0        0.02304        0.99986        0.99828
   601.0        0.02302        0.99986        0.99828
   602.0        0.02300        0.99986        0.99829
   603.0        0.02299        0.99986        0.99829
   604.0        0.02297        0.99986        0.99830
   605.0        0.02295        0.99986        0.99830
   606.0        0.02294        0.99986        0.99831
   607.0        0.02292        0.99986        0.99831
   608.0        0.02290        0.99986        0.99832
   609.0        0.02289        0.99986        0.99832
   610.0        0.02287        0.99986        0.99832
   611.0        0.02285        0.99986        0.99833
   612.0        0.02284        0.99987        0.99833
   613.0        0.02282        0.99987        0.99834
   614.0        0.02280        0.99987        0.99834
   615.0        0.02279        0.99987        0.99834
   616.0        0.02277        0.99987        0.99835
   617.0        0.02275        0.99987        0.99835
   618.0        0.02274        0.99987        0.99836
   619.0        0.02272        0.99987        0.99836
   620.0        0.02270        0.99987        0.99837
   621.0        0.02269        0.99987        0.99837
   622.0        0.02267        0.99987        0.99837
   623.0        0.02265        0.99987        0.99838
   624.0        0.02264        0.99987        0.99838
   625.0        0.02262        0.99987        0.99839
   626.0        0.02261        0.99987        0.99839
   627.0        0.02259        0.99987        0.99839
   628.0        0.02257        0.99987        0.99840
   629.0        0.02256        0.99987        0.99840
   630.0        0.02254        0.99987        0.99841
   631.0        0.02253        0.99987        0.99841
   632.0        0.02251        0.99987        0.99841
   633.0        0.02249        0.99987        0.99842
   634.0        0.02248        0.99987        0.99842
   635.0        0.02246        0.99988        0.99842
   636.0        0.02245        0.99988        0.99843
   637.0        0.02243        0.99988        0.99843
   638.0        0.02241        0.99988        0.99844
   639.0        0.02240        0.99988        0.99844
   640.0        0.02238        0.99988        0.99844
   641.0        0.02237        0.99988        0.99845
   642.0        0.02235        0.99988        0.99845
   643.0        0.02234        0.99988        0.99846
   644.0        0.02232        0.99988        0.99846
   645.0        0.02231        0.99988        0.99846
   646.0        0.02229        0.99988        0.99847
   647.0        0.02228        0.99988        0.99847
   648.0        0.02226        0.99988        0.99847
   649.0        0.02224        0.99988        0.99848
   650.0        0.02223        0.99988        0.99848
   651.0        0.02221        0.99988        0.99848
   652.0        0.02220        0.99988        0.99849
   653.0        0.02218        0.99988        0.99849
   654.0        0.02217        0.99988        0.99850
   655.0        0.02215        0.99988        0.99850
   656.0        0.02214        0.99988        0.99850
   657.0        0.02212        0.99988        0.99851
   658.0        0.02211        0.99988        0.99851
   659.0        0.02209        0.99988        0.99851
   660.0        0.02208        0.99988        0.99852
   661.0        0.02206        0.99988        0.99852
   662.0        0.02205        0.99989        0.99852
   663.0        0.02203        0.99989        0.99853
   664.0        0.02202        0.99989        0.99853
   665.0        0.02200        0.99989        0.99853
   666.0        0.02199        0.99989        0.99854
   667.0        0.02197        0.99989        0.99854
   668.0        0.02196        0.99989        0.99854
   669.0        0.02195        0.99989        0.99855
   670.0        0.02193        0.99989        0.99855
   671.0        0.02192        0.99989        0.99855
   672.0        0.02190        0.99989        0.99856
   673.0        0.02189        0.99989        0.99856
   674.0        0.02187        0.99989        0.99856
   675.0        0.02186        0.99989        0.99857
   676.0        0.02184        0.99989        0.99857
   677.0        0.02183        0.99989        0.99857
   678.0        0.02181        0.99989        0.99858
   679.0        0.02180        0.99989        0.99858
   680.0        0.02179        0.99989        0.99858
   681.0        0.02177        0.99989        0.99859
   682.0        0.02176        0.99989        0.99859
   683.0        0.02174        0.99989        0.99859
   684.0        0.02173        0.99989        0.99860
   685.0        0.02171        0.99989        0.99860
   686.0        0.02170        0.99989        0.99860
   687.0        0.02169        0.99989        0.99861
   688.0        0.02167        0.99989        0.99861
   689.0        0.02166        0.99989        0.99861
   690.0        0.02164        0.99989        0.99862
   691.0        0.02163        0.99989        0.99862
   692.0        0.02162        0.99989        0.99862
   693.0        0.02160        0.99989        0.99862
   694.0        0.02159        0.99989        0.99863
   695.0        0.02157        0.99990        0.99863
   696.0        0.02156        0.99990        0.99863
   697.0        0.02155        0.99990        0.99864
   698.0        0.02153        0.99990        0.99864
   699.0        0.02152        0.99990        0.99864
   700.0        0.02151        0.99990        0.99865
   701.0        0.02149        0.99990        0.99865
   702.0        0.02148        0.99990        0.99865
   703.0        0.02147        0.99990        0.99865
   704.0        0.02145        0.99990        0.99866
   705.0        0.02144        0.99990        0.99866
   706.0        0.02142        0.99990        0.99866
   707.0        0.02141        0.99990        0.99867
   708.0        0.02140        0.99990        0.99867
   709.0        0.02138        0.99990        0.99867
   710.0        0.02137        0.99990        0.99868
   711.0        0.02136        0.99990        0.99868
   712.0        0.02134        0.99990        0.99868
   713.0        0.02133        0.99990        0.99868
   714.0        0.02132        0.99990        0.99869
   715.0        0.02130        0.99990        0.99869
   716.0        0.02129        0.99990        0.99869
   717.0        0.02128        0.99990        0.99870
   718.0        0.02126        0.99990        0.99870
   719.0        0.02125        0.99990        0.99870
   720.0        0.02124        0.99990        0.99870
   721.0        0.02122        0.99990        0.99871
   722.0        0.02121        0.99990        0.99871
   723.0        0.02120        0.99990        0.99871
   724.0        0.02119        0.99990        0.99871
   725.0        0.02117        0.99990        0.99872
   726.0        0.02116        0.99990        0.99872
   727.0        0.02115        0.99990        0.99872
   728.0        0.02113        0.99990        0.99873
   729.0        0.02112        0.99990        0.99873
   730.0        0.02111        0.99990        0.99873
   731.0        0.02109        0.99990        0.99873
   732.0        0.02108        0.99990        0.99874
   733.0        0.02107        0.99991        0.99874
   734.0        0.02106        0.99991        0.99874
   735.0        0.02104        0.99991        0.99874
   736.0        0.02103        0.99991        0.99875
   737.0        0.02102        0.99991        0.99875
   738.0        0.02100        0.99991        0.99875
   739.0        0.02099        0.99991        0.99876
   740.0        0.02098        0.99991        0.99876
   741.0        0.02097        0.99991        0.99876
   742.0        0.02095        0.99991        0.99876
   743.0        0.02094        0.99991        0.99877
   744.0        0.02093        0.99991        0.99877
   745.0        0.02092        0.99991        0.99877
   746.0        0.02090        0.99991        0.99877
   747.0        0.02089        0.99991        0.99878
   748.0        0.02088        0.99991        0.99878
   749.0        0.02087        0.99991        0.99878
   750.0        0.02085        0.99991        0.99878
   751.0        0.02084        0.99991        0.99879
   752.0        0.02083        0.99991        0.99879
   753.0        0.02082        0.99991        0.99879
   754.0        0.02080        0.99991        0.99879
   755.0        0.02079        0.99991        0.99880
   756.0        0.02078        0.99991        0.99880
   757.0        0.02077        0.99991        0.99880
   758.0        0.02075        0.99991        0.99880
   759.0        0.02074        0.99991        0.99881
   760.0        0.02073        0.99991        0.99881
   761.0        0.02071        0.99991        0.99881
   762.0        0.02070        0.99991        0.99881
   763.0        0.02069        0.99991        0.99881
   764.0        0.02067        0.99991        0.99882
   765.0        0.02066        0.99991        0.99882
   766.0        0.02065        0.99991        0.99882
   767.0        0.02064        0.99991        0.99882
   768.0        0.02062        0.99991        0.99883
   769.0        0.02061        0.99991        0.99883
   770.0        0.02060        0.99991        0.99883
   771.0        0.02058        0.99991        0.99883
   772.0        0.02057        0.99991        0.99884
   773.0        0.02056        0.99991        0.99884
   774.0        0.02055        0.99991        0.99884
   775.0        0.02053        0.99991        0.99884
   776.0        0.02052        0.99991        0.99884
   777.0        0.02051        0.99992        0.99885
   778.0        0.02050        0.99992        0.99885
   779.0        0.02048        0.99992        0.99885
   780.0        0.02047        0.99992        0.99885
   781.0        0.02046        0.99992        0.99886
   782.0        0.02045        0.99992        0.99886
   783.0        0.02043        0.99992        0.99886
   784.0        0.02042        0.99992        0.99886
   785.0        0.02041        0.99992        0.99887
   786.0        0.02040        0.99992        0.99887
   787.0        0.02038        0.99992        0.99887
   788.0        0.02037        0.99992        0.99887
   789.0        0.02036        0.99992        0.99887
   790.0        0.02035        0.99992        0.99888
   791.0        0.02034        0.99992        0.99888
   792.0        0.02032        0.99992        0.99888
   793.0        0.02031        0.99992        0.99888
   794.0        0.02030        0.99992        0.99888
   795.0        0.02029        0.99992        0.99889
   796.0        0.02027        0.99992        0.99889
   797.0        0.02026        0.99992        0.99889
   798.0        0.02025        0.99992        0.99889
   799.0        0.02024        0.99992        0.99890
   800.0        0.02023        0.99992        0.99890
   801.0        0.02021        0.99992        0.99890
   802.0        0.02020        0.99992        0.99890
   803.0        0.02019        0.99992        0.99890
   804.0        0.02018        0.99992        0.99891
   805.0        0.02017        0.99992        0.99891
   806.0        0.02015        0.99992        0.99891
   807.0        0.02014        0.99992        0.99891
   808.0        0.02013        0.99992        0.99891
   809.0        0.02012        0.99992        0.99892
   810.0        0.02011        0.99992        0.99892
   811.0        0.02010        0.99992        0.99892
   812.0        0.02008        0.99992        0.99892
   813.0        0.02007        0.99992        0.99892
   814.0        0.02006        0.99992        0.99893
   815.0        0.02005        0.99992        0.99893
   816.0        0.02004        0.99992        0.99893
   817.0        0.02003        0.99992        0.99893
   818.0        0.02001        0.99992        0.99893
   819.0        0.02000        0.99992        0.99894
   820.0        0.01999        0.99992        0.99894
   821.0        0.01998        0.99992        0.99894
   822.0        0.01997        0.99992        0.99894
   823.0        0.01996        0.99992        0.99894
   824.0        0.01994        0.99992        0.99895
   825.0        0.01993        0.99992        0.99895
   826.0        0.01992        0.99992        0.99895
   827.0        0.01991        0.99992        0.99895
   828.0        0.01990        0.99992        0.99895
   829.0        0.01989        0.99992        0.99896
   830.0        0.01988        0.99992        0.99896
   831.0        0.01986        0.99992        0.99896
   832.0        0.01985        0.99992        0.99896
   833.0        0.01984        0.99992        0.99896
   834.0        0.01983        0.99992        0.99897
   835.0        0.01982        0.99993        0.99897
   836.0        0.01981        0.99993        0.99897
   837.0        0.01980        0.99993        0.99897
   838.0        0.01979        0.99993        0.99897
   839.0        0.01977        0.99993        0.99897
   840.0        0.01976        0.99993        0.99898
   841.0        0.01975        0.99993        0.99898
   842.0        0.01974        0.99993        0.99898
   843.0        0.01973        0.99993        0.99898
   844.0        0.01972        0.99993        0.99898
   845.0        0.01971        0.99993        0.99899
   846.0        0.01970        0.99993        0.99899
   847.0        0.01968        0.99993        0.99899
   848.0        0.01967        0.99993        0.99899
   849.0        0.01966        0.99993        0.99899
   850.0        0.01965        0.99993        0.99899
   851.0        0.01964        0.99993        0.99900
   852.0        0.01963        0.99993        0.99900
   853.0        0.01962        0.99993        0.99900
   854.0        0.01961        0.99993        0.99900
   855.0        0.01960        0.99993        0.99900
   856.0        0.01959        0.99993        0.99901
   857.0        0.01958        0.99993        0.99901
   858.0        0.01956        0.99993        0.99901
   859.0        0.01955        0.99993        0.99901
   860.0        0.01954        0.99993        0.99901
   861.0        0.01953        0.99993        0.99901
   862.0        0.01952        0.99993        0.99902
   863.0        0.01951        0.99993        0.99902
   864.0        0.01950        0.99993        0.99902
   865.0        0.01949        0.99993        0.99902
   866.0        0.01948        0.99993        0.99902
   867.0        0.01947        0.99993        0.99902
   868.0        0.01946        0.99993        0.99903
   869.0        0.01945        0.99993        0.99903
   870.0        0.01944        0.99993        0.99903
   871.0        0.01943        0.99993        0.99903
   872.0        0.01941        0.99993        0.99903
   873.0        0.01940        0.99993        0.99903
   874.0        0.01939        0.99993        0.99904
   875.0        0.01938        0.99993        0.99904
   876.0        0.01937        0.99993        0.99904
   877.0        0.01936        0.99993        0.99904
   878.0        0.01935        0.99993        0.99904
   879.0        0.01934        0.99993        0.99904
   880.0        0.01933        0.99993        0.99905
   881.0        0.01932        0.99993        0.99905
   882.0        0.01931        0.99993        0.99905
   883.0        0.01930        0.99993        0.99905
   884.0        0.01929        0.99993        0.99905
   885.0        0.01928        0.99993        0.99905
   886.0        0.01927        0.99993        0.99906
   887.0        0.01926        0.99993        0.99906
   888.0        0.01925        0.99993        0.99906
   889.0        0.01924        0.99993        0.99906
   890.0        0.01923        0.99993        0.99906
   891.0        0.01922        0.99993        0.99906
   892.0        0.01921        0.99993        0.99907
   893.0        0.01920        0.99993        0.99907
   894.0        0.01919        0.99993        0.99907
   895.0        0.01918        0.99993        0.99907
   896.0        0.01917        0.99993        0.99907
   897.0        0.01916        0.99993        0.99907
   898.0        0.01915        0.99993        0.99908
   899.0        0.01914        0.99993        0.99908
   900.0        0.01913        0.99993        0.99908
   901.0        0.01912        0.99993        0.99908
   902.0        0.01910        0.99993        0.99908
   903.0        0.01909        0.99993        0.99908
   904.0        0.01908        0.99993        0.99908
   905.0        0.01907        0.99993        0.99909
   906.0        0.01906        0.99993        0.99909
   907.0        0.01905        0.99993        0.99909
   908.0        0.01904        0.99993        0.99909
   909.0        0.01903        0.99993        0.99909
   910.0        0.01902        0.99993        0.99909
   911.0        0.01901        0.99994        0.99910
   912.0        0.01901        0.99994        0.99910
   913.0        0.01900        0.99994        0.99910
   914.0        0.01899        0.99994        0.99910
   915.0        0.01898        0.99994        0.99910
   916.0        0.01897        0.99994        0.99910
   917.0        0.01896        0.99994        0.99910
   918.0        0.01895        0.99994        0.99911
   919.0        0.01894        0.99994        0.99911
   920.0        0.01893        0.99994        0.99911
   921.0        0.01892        0.99994        0.99911
   922.0        0.01891        0.99994        0.99911
   923.0        0.01890        0.99994        0.99911
   924.0        0.01889        0.99994        0.99911
   925.0        0.01888        0.99994        0.99912
   926.0        0.01887        0.99994        0.99912
   927.0        0.01886        0.99994        0.99912
   928.0        0.01885        0.99994        0.99912
   929.0        0.01884        0.99994        0.99912
   930.0        0.01883        0.99994        0.99912
   931.0        0.01882        0.99994        0.99912
   932.0        0.01881        0.99994        0.99913
   933.0        0.01880        0.99994        0.99913
   934.0        0.01879        0.99994        0.99913
   935.0        0.01878        0.99994        0.99913
   936.0        0.01877        0.99994        0.99913
   937.0        0.01876        0.99994        0.99913
   938.0        0.01875        0.99994        0.99913
   939.0        0.01874        0.99994        0.99914
   940.0        0.01873        0.99994        0.99914
   941.0        0.01872        0.99994        0.99914
   942.0        0.01872        0.99994        0.99914
   943.0        0.01871        0.99994        0.99914
   944.0        0.01870        0.99994        0.99914
   945.0        0.01869        0.99994        0.99914
   946.0        0.01868        0.99994        0.99915
   947.0        0.01867        0.99994        0.99915
   948.0        0.01866        0.99994        0.99915
   949.0        0.01865        0.99994        0.99915
   950.0        0.01864        0.99994        0.99915
   951.0        0.01863        0.99994        0.99915
   952.0        0.01862        0.99994        0.99915
   953.0        0.01861        0.99994        0.99916
   954.0        0.01860        0.99994        0.99916
   955.0        0.01859        0.99994        0.99916
   956.0        0.01858        0.99994        0.99916
   957.0        0.01858        0.99994        0.99916
   958.0        0.01857        0.99994        0.99916
   959.0        0.01856        0.99994        0.99916
   960.0        0.01855        0.99994        0.99916
   961.0        0.01854        0.99994        0.99917
   962.0        0.01853        0.99994        0.99917
   963.0        0.01852        0.99994        0.99917
   964.0        0.01851        0.99994        0.99917
   965.0        0.01850        0.99994        0.99917
   966.0        0.01849        0.99994        0.99917
   967.0        0.01848        0.99994        0.99917
   968.0        0.01847        0.99994        0.99918
   969.0        0.01847        0.99994        0.99918
   970.0        0.01846        0.99994        0.99918
   971.0        0.01845        0.99994        0.99918
   972.0        0.01844        0.99994        0.99918
   973.0        0.01843        0.99994        0.99918
   974.0        0.01842        0.99994        0.99918
   975.0        0.01841        0.99994        0.99918
   976.0        0.01840        0.99994        0.99919
   977.0        0.01839        0.99994        0.99919
   978.0        0.01838        0.99994        0.99919
   979.0        0.01838        0.99994        0.99919
   980.0        0.01837        0.99994        0.99919
   981.0        0.01836        0.99994        0.99919
   982.0        0.01835        0.99994        0.99919
   983.0        0.01834        0.99994        0.99919
   984.0        0.01833        0.99994        0.99920
   985.0        0.01832        0.99994        0.99920
   986.0        0.01831        0.99994        0.99920
   987.0        0.01830        0.99994        0.99920
   988.0        0.01830        0.99994        0.99920
   989.0        0.01829        0.99994        0.99920
   990.0        0.01828        0.99994        0.99920
   991.0        0.01827        0.99994        0.99920
   992.0        0.01826        0.99994        0.99921
   993.0        0.01825        0.99994        0.99921
   994.0        0.01824        0.99994        0.99921
   995.0        0.01823        0.99994        0.99921
   996.0        0.01823        0.99994        0.99921
   997.0        0.01822        0.99994        0.99921
   998.0        0.01821        0.99994        0.99921
   999.0        0.01820        0.99994        0.99921
  1000.0        0.01819        0.99994        0.99922
