 muscle              
 Density =    1.040000      Aeff =    12.90348      Zeff =    7.091844    
     1.0     3945.87598        0.00041        0.00857
     2.0      598.05566        0.00223        0.03263
     3.0      191.19389        0.00553        0.06938
     4.0       82.40331        0.01031        0.11457
     5.0       42.43057        0.01654        0.16472
     6.0       24.72277        0.02418        0.21639
     7.0       15.48914        0.03381        0.26678
     8.0       10.36787        0.04531        0.31477
     9.0        7.29358        0.05881        0.35889
    10.0        5.34608        0.07441        0.39999
    11.0        4.05126        0.09209        0.43746
    12.0        3.15873        0.11179        0.47172
    13.0        2.51313        0.13411        0.50365
    14.0        2.04061        0.15847        0.53272
    15.0        1.68924        0.18454        0.55947
    16.0        1.42235        0.21224        0.58445
    17.0        1.21634        0.24126        0.60783
    18.0        1.05478        0.27131        0.62964
    19.0        0.92606        0.30198        0.64978
    20.0        0.82193        0.33277        0.66805
    21.0        0.73701        0.36362        0.68516
    22.0        0.66714        0.39435        0.70117
    23.0        0.60911        0.42474        0.71620
    24.0        0.56047        0.45454        0.73044
    25.0        0.51909        0.48390        0.74367
    26.0        0.48361        0.51257        0.75619
    27.0        0.45293        0.53985        0.76754
    28.0        0.42647        0.56598        0.77834
    29.0        0.40356        0.59095        0.78838
    30.0        0.38364        0.61477        0.79779
    31.0        0.36619        0.63741        0.80668
    32.0        0.35086        0.65884        0.81500
    33.0        0.33732        0.67907        0.82281
    34.0        0.32533        0.69815        0.83016
    35.0        0.31467        0.71612        0.83709
    36.0        0.30516        0.73300        0.84361
    37.0        0.29646        0.74869        0.84966
    38.0        0.28853        0.76334        0.85533
    39.0        0.28137        0.77708        0.86069
    40.0        0.27488        0.78994        0.86580
    41.0        0.26898        0.80199        0.87063
    42.0        0.26360        0.81326        0.87525
    43.0        0.25869        0.82380        0.87961
    44.0        0.25419        0.83367        0.88376
    45.0        0.25002        0.84288        0.88769
    46.0        0.24619        0.85150        0.89143
    47.0        0.24262        0.85955        0.89496
    48.0        0.23914        0.86698        0.89825
    49.0        0.23589        0.87394        0.90138
    50.0        0.23286        0.88046        0.90437
    51.0        0.23002        0.88663        0.90722
    52.0        0.22737        0.89241        0.90996
    53.0        0.22489        0.89784        0.91258
    54.0        0.22256        0.90293        0.91509
    55.0        0.22037        0.90771        0.91749
    56.0        0.21831        0.91221        0.91980
    57.0        0.21637        0.91644        0.92201
    58.0        0.21453        0.92041        0.92414
    59.0        0.21278        0.92415        0.92617
    60.0        0.21112        0.92767        0.92813
    61.0        0.20955        0.93099        0.93000
    62.0        0.20806        0.93412        0.93181
    63.0        0.20664        0.93707        0.93355
    64.0        0.20529        0.93986        0.93522
    65.0        0.20400        0.94249        0.93683
    66.0        0.20277        0.94498        0.93838
    67.0        0.20160        0.94733        0.93988
    68.0        0.20048        0.94956        0.94132
    69.0        0.19933        0.95165        0.94269
    70.0        0.19815        0.95362        0.94398
    71.0        0.19701        0.95548        0.94524
    72.0        0.19592        0.95724        0.94645
    73.0        0.19487        0.95892        0.94762
    74.0        0.19385        0.96052        0.94875
    75.0        0.19287        0.96203        0.94985
    76.0        0.19193        0.96347        0.95091
    77.0        0.19100        0.96484        0.95194
    78.0        0.19010        0.96615        0.95293
    79.0        0.18923        0.96739        0.95389
    80.0        0.18838        0.96857        0.95482
    81.0        0.18756        0.96970        0.95573
    82.0        0.18677        0.97078        0.95661
    83.0        0.18600        0.97180        0.95746
    84.0        0.18525        0.97278        0.95828
    85.0        0.18452        0.97372        0.95908
    86.0        0.18381        0.97462        0.95986
    87.0        0.18312        0.97547        0.96062
    88.0        0.18245        0.97629        0.96135
    89.0        0.18180        0.97708        0.96207
    90.0        0.18116        0.97783        0.96276
    91.0        0.18054        0.97855        0.96344
    92.0        0.17994        0.97924        0.96409
    93.0        0.17934        0.97990        0.96473
    94.0        0.17877        0.98053        0.96536
    95.0        0.17820        0.98114        0.96596
    96.0        0.17765        0.98172        0.96655
    97.0        0.17711        0.98228        0.96712
    98.0        0.17659        0.98282        0.96768
    99.0        0.17607        0.98333        0.96823
   100.0        0.17557        0.98383        0.96876
   101.0        0.17499        0.98429        0.96926
   102.0        0.17442        0.98474        0.96975
   103.0        0.17386        0.98517        0.97023
   104.0        0.17331        0.98558        0.97070
   105.0        0.17277        0.98598        0.97115
   106.0        0.17224        0.98637        0.97160
   107.0        0.17172        0.98674        0.97203
   108.0        0.17121        0.98709        0.97245
   109.0        0.17071        0.98744        0.97287
   110.0        0.17022        0.98777        0.97327
   111.0        0.16973        0.98809        0.97367
   112.0        0.16926        0.98840        0.97406
   113.0        0.16879        0.98870        0.97444
   114.0        0.16833        0.98899        0.97481
   115.0        0.16787        0.98927        0.97517
   116.0        0.16743        0.98954        0.97552
   117.0        0.16699        0.98980        0.97586
   118.0        0.16656        0.99006        0.97620
   119.0        0.16613        0.99030        0.97653
   120.0        0.16571        0.99054        0.97686
   121.0        0.16530        0.99077        0.97718
   122.0        0.16489        0.99099        0.97749
   123.0        0.16449        0.99120        0.97779
   124.0        0.16409        0.99141        0.97809
   125.0        0.16370        0.99161        0.97838
   126.0        0.16332        0.99181        0.97867
   127.0        0.16294        0.99200        0.97895
   128.0        0.16257        0.99218        0.97922
   129.0        0.16220        0.99236        0.97949
   130.0        0.16183        0.99253        0.97975
   131.0        0.16147        0.99270        0.98001
   132.0        0.16112        0.99286        0.98026
   133.0        0.16077        0.99302        0.98051
   134.0        0.16039        0.99317        0.98075
   135.0        0.16000        0.99332        0.98099
   136.0        0.15961        0.99346        0.98121
   137.0        0.15923        0.99360        0.98144
   138.0        0.15886        0.99373        0.98166
   139.0        0.15848        0.99387        0.98188
   140.0        0.15812        0.99399        0.98209
   141.0        0.15775        0.99412        0.98230
   142.0        0.15739        0.99424        0.98250
   143.0        0.15704        0.99435        0.98270
   144.0        0.15669        0.99447        0.98290
   145.0        0.15634        0.99458        0.98309
   146.0        0.15600        0.99469        0.98328
   147.0        0.15566        0.99479        0.98347
   148.0        0.15532        0.99490        0.98366
   149.0        0.15499        0.99500        0.98384
   150.0        0.15466        0.99509        0.98402
   151.0        0.15434        0.99519        0.98419
   152.0        0.15402        0.99528        0.98436
   153.0        0.15370        0.99537        0.98453
   154.0        0.15338        0.99546        0.98470
   155.0        0.15307        0.99554        0.98486
   156.0        0.15276        0.99563        0.98502
   157.0        0.15245        0.99571        0.98518
   158.0        0.15215        0.99579        0.98533
   159.0        0.15185        0.99586        0.98549
   160.0        0.15155        0.99594        0.98564
   161.0        0.15126        0.99601        0.98578
   162.0        0.15097        0.99609        0.98593
   163.0        0.15068        0.99616        0.98607
   164.0        0.15039        0.99622        0.98621
   165.0        0.15011        0.99629        0.98635
   166.0        0.14983        0.99636        0.98649
   167.0        0.14955        0.99642        0.98662
   168.0        0.14928        0.99648        0.98676
   169.0        0.14900        0.99654        0.98689
   170.0        0.14873        0.99660        0.98701
   171.0        0.14846        0.99666        0.98714
   172.0        0.14818        0.99672        0.98726
   173.0        0.14788        0.99677        0.98738
   174.0        0.14758        0.99683        0.98750
   175.0        0.14728        0.99688        0.98762
   176.0        0.14698        0.99693        0.98773
   177.0        0.14669        0.99698        0.98784
   178.0        0.14640        0.99703        0.98795
   179.0        0.14611        0.99708        0.98806
   180.0        0.14583        0.99712        0.98817
   181.0        0.14554        0.99717        0.98828
   182.0        0.14526        0.99721        0.98838
   183.0        0.14499        0.99726        0.98848
   184.0        0.14471        0.99730        0.98858
   185.0        0.14444        0.99734        0.98868
   186.0        0.14416        0.99738        0.98878
   187.0        0.14390        0.99742        0.98888
   188.0        0.14363        0.99746        0.98898
   189.0        0.14336        0.99750        0.98907
   190.0        0.14310        0.99754        0.98917
   191.0        0.14284        0.99758        0.98926
   192.0        0.14258        0.99761        0.98935
   193.0        0.14232        0.99765        0.98944
   194.0        0.14207        0.99768        0.98953
   195.0        0.14181        0.99772        0.98962
   196.0        0.14156        0.99775        0.98970
   197.0        0.14131        0.99778        0.98979
   198.0        0.14107        0.99782        0.98987
   199.0        0.14082        0.99785        0.98995
   200.0        0.14058        0.99788        0.99004
   201.0        0.14034        0.99791        0.99012
   202.0        0.14010        0.99794        0.99020
   203.0        0.13986        0.99797        0.99028
   204.0        0.13962        0.99799        0.99035
   205.0        0.13939        0.99802        0.99043
   206.0        0.13915        0.99805        0.99051
   207.0        0.13892        0.99807        0.99058
   208.0        0.13869        0.99810        0.99066
   209.0        0.13846        0.99812        0.99073
   210.0        0.13824        0.99815        0.99080
   211.0        0.13801        0.99817        0.99087
   212.0        0.13779        0.99820        0.99094
   213.0        0.13757        0.99822        0.99101
   214.0        0.13735        0.99824        0.99108
   215.0        0.13713        0.99826        0.99115
   216.0        0.13691        0.99829        0.99122
   217.0        0.13669        0.99831        0.99128
   218.0        0.13648        0.99833        0.99135
   219.0        0.13626        0.99835        0.99141
   220.0        0.13605        0.99837        0.99148
   221.0        0.13584        0.99839        0.99154
   222.0        0.13563        0.99841        0.99160
   223.0        0.13542        0.99843        0.99166
   224.0        0.13522        0.99845        0.99172
   225.0        0.13501        0.99847        0.99179
   226.0        0.13481        0.99849        0.99184
   227.0        0.13461        0.99851        0.99190
   228.0        0.13440        0.99853        0.99196
   229.0        0.13420        0.99854        0.99202
   230.0        0.13401        0.99856        0.99208
   231.0        0.13381        0.99858        0.99213
   232.0        0.13361        0.99859        0.99219
   233.0        0.13342        0.99861        0.99224
   234.0        0.13322        0.99863        0.99230
   235.0        0.13303        0.99864        0.99235
   236.0        0.13284        0.99866        0.99240
   237.0        0.13265        0.99868        0.99246
   238.0        0.13246        0.99869        0.99251
   239.0        0.13227        0.99871        0.99256
   240.0        0.13208        0.99872        0.99261
   241.0        0.13190        0.99874        0.99266
   242.0        0.13171        0.99875        0.99271
   243.0        0.13153        0.99876        0.99276
   244.0        0.13135        0.99878        0.99281
   245.0        0.13116        0.99879        0.99286
   246.0        0.13098        0.99881        0.99291
   247.0        0.13080        0.99882        0.99295
   248.0        0.13063        0.99883        0.99300
   249.0        0.13045        0.99885        0.99305
   250.0        0.13027        0.99886        0.99309
   251.0        0.13010        0.99887        0.99314
   252.0        0.12992        0.99888        0.99318
   253.0        0.12975        0.99889        0.99323
   254.0        0.12958        0.99891        0.99327
   255.0        0.12940        0.99892        0.99331
   256.0        0.12923        0.99893        0.99336
   257.0        0.12906        0.99894        0.99340
   258.0        0.12890        0.99895        0.99344
   259.0        0.12873        0.99896        0.99348
   260.0        0.12856        0.99898        0.99353
   261.0        0.12839        0.99899        0.99357
   262.0        0.12823        0.99900        0.99361
   263.0        0.12807        0.99901        0.99365
   264.0        0.12790        0.99902        0.99369
   265.0        0.12774        0.99903        0.99373
   266.0        0.12758        0.99904        0.99376
   267.0        0.12741        0.99905        0.99380
   268.0        0.12722        0.99906        0.99384
   269.0        0.12704        0.99907        0.99388
   270.0        0.12685        0.99908        0.99391
   271.0        0.12667        0.99909        0.99395
   272.0        0.12649        0.99910        0.99398
   273.0        0.12631        0.99910        0.99402
   274.0        0.12613        0.99911        0.99405
   275.0        0.12595        0.99912        0.99409
   276.0        0.12578        0.99913        0.99412
   277.0        0.12560        0.99914        0.99416
   278.0        0.12542        0.99915        0.99419
   279.0        0.12525        0.99916        0.99422
   280.0        0.12508        0.99916        0.99426
   281.0        0.12490        0.99917        0.99429
   282.0        0.12473        0.99918        0.99432
   283.0        0.12456        0.99919        0.99435
   284.0        0.12439        0.99920        0.99439
   285.0        0.12422        0.99920        0.99442
   286.0        0.12405        0.99921        0.99445
   287.0        0.12389        0.99922        0.99448
   288.0        0.12372        0.99923        0.99451
   289.0        0.12355        0.99923        0.99454
   290.0        0.12339        0.99924        0.99457
   291.0        0.12323        0.99925        0.99460
   292.0        0.12306        0.99925        0.99463
   293.0        0.12290        0.99926        0.99466
   294.0        0.12274        0.99927        0.99469
   295.0        0.12258        0.99927        0.99472
   296.0        0.12242        0.99928        0.99475
   297.0        0.12226        0.99929        0.99477
   298.0        0.12210        0.99929        0.99480
   299.0        0.12194        0.99930        0.99483
   300.0        0.12178        0.99931        0.99486
   301.0        0.12163        0.99931        0.99488
   302.0        0.12147        0.99932        0.99491
   303.0        0.12132        0.99932        0.99494
   304.0        0.12116        0.99933        0.99497
   305.0        0.12101        0.99934        0.99499
   306.0        0.12086        0.99934        0.99502
   307.0        0.12070        0.99935        0.99504
   308.0        0.12055        0.99935        0.99507
   309.0        0.12040        0.99936        0.99510
   310.0        0.12025        0.99936        0.99512
   311.0        0.12010        0.99937        0.99515
   312.0        0.11995        0.99937        0.99517
   313.0        0.11981        0.99938        0.99520
   314.0        0.11966        0.99938        0.99522
   315.0        0.11951        0.99939        0.99524
   316.0        0.11937        0.99939        0.99527
   317.0        0.11922        0.99940        0.99529
   318.0        0.11908        0.99940        0.99532
   319.0        0.11893        0.99941        0.99534
   320.0        0.11879        0.99941        0.99536
   321.0        0.11865        0.99942        0.99539
   322.0        0.11851        0.99942        0.99541
   323.0        0.11836        0.99943        0.99543
   324.0        0.11822        0.99943        0.99545
   325.0        0.11808        0.99944        0.99548
   326.0        0.11794        0.99944        0.99550
   327.0        0.11780        0.99944        0.99552
   328.0        0.11767        0.99945        0.99554
   329.0        0.11753        0.99945        0.99557
   330.0        0.11739        0.99946        0.99559
   331.0        0.11726        0.99946        0.99561
   332.0        0.11712        0.99947        0.99563
   333.0        0.11698        0.99947        0.99565
   334.0        0.11685        0.99947        0.99567
   335.0        0.11671        0.99948        0.99569
   336.0        0.11658        0.99948        0.99571
   337.0        0.11645        0.99949        0.99573
   338.0        0.11632        0.99949        0.99575
   339.0        0.11618        0.99949        0.99577
   340.0        0.11605        0.99950        0.99579
   341.0        0.11592        0.99950        0.99581
   342.0        0.11579        0.99950        0.99583
   343.0        0.11566        0.99951        0.99585
   344.0        0.11553        0.99951        0.99587
   345.0        0.11540        0.99952        0.99589
   346.0        0.11527        0.99952        0.99591
   347.0        0.11515        0.99952        0.99593
   348.0        0.11502        0.99953        0.99595
   349.0        0.11489        0.99953        0.99597
   350.0        0.11477        0.99953        0.99599
   351.0        0.11464        0.99954        0.99600
   352.0        0.11452        0.99954        0.99602
   353.0        0.11439        0.99954        0.99604
   354.0        0.11427        0.99955        0.99606
   355.0        0.11414        0.99955        0.99608
   356.0        0.11402        0.99955        0.99609
   357.0        0.11390        0.99956        0.99611
   358.0        0.11378        0.99956        0.99613
   359.0        0.11365        0.99956        0.99615
   360.0        0.11353        0.99957        0.99616
   361.0        0.11341        0.99957        0.99618
   362.0        0.11329        0.99957        0.99620
   363.0        0.11317        0.99957        0.99621
   364.0        0.11305        0.99958        0.99623
   365.0        0.11293        0.99958        0.99625
   366.0        0.11282        0.99958        0.99626
   367.0        0.11270        0.99959        0.99628
   368.0        0.11258        0.99959        0.99630
   369.0        0.11246        0.99959        0.99631
   370.0        0.11235        0.99960        0.99633
   371.0        0.11223        0.99960        0.99634
   372.0        0.11212        0.99960        0.99636
   373.0        0.11200        0.99960        0.99638
   374.0        0.11189        0.99961        0.99639
   375.0        0.11177        0.99961        0.99641
   376.0        0.11166        0.99961        0.99642
   377.0        0.11154        0.99961        0.99644
   378.0        0.11143        0.99962        0.99645
   379.0        0.11132        0.99962        0.99647
   380.0        0.11121        0.99962        0.99648
   381.0        0.11109        0.99962        0.99650
   382.0        0.11098        0.99963        0.99651
   383.0        0.11087        0.99963        0.99653
   384.0        0.11076        0.99963        0.99654
   385.0        0.11065        0.99963        0.99656
   386.0        0.11054        0.99964        0.99657
   387.0        0.11043        0.99964        0.99658
   388.0        0.11032        0.99964        0.99660
   389.0        0.11021        0.99964        0.99661
   390.0        0.11011        0.99965        0.99663
   391.0        0.11000        0.99965        0.99664
   392.0        0.10989        0.99965        0.99665
   393.0        0.10978        0.99965        0.99667
   394.0        0.10968        0.99966        0.99668
   395.0        0.10957        0.99966        0.99670
   396.0        0.10946        0.99966        0.99671
   397.0        0.10936        0.99966        0.99672
   398.0        0.10925        0.99966        0.99674
   399.0        0.10915        0.99967        0.99675
   400.0        0.10904        0.99967        0.99676
   401.0        0.10894        0.99967        0.99677
   402.0        0.10884        0.99967        0.99679
   403.0        0.10873        0.99967        0.99680
   404.0        0.10863        0.99968        0.99681
   405.0        0.10853        0.99968        0.99683
   406.0        0.10843        0.99968        0.99684
   407.0        0.10832        0.99968        0.99685
   408.0        0.10822        0.99968        0.99686
   409.0        0.10812        0.99969        0.99688
   410.0        0.10802        0.99969        0.99689
   411.0        0.10792        0.99969        0.99690
   412.0        0.10782        0.99969        0.99691
   413.0        0.10772        0.99969        0.99692
   414.0        0.10762        0.99969        0.99694
   415.0        0.10752        0.99970        0.99695
   416.0        0.10742        0.99970        0.99696
   417.0        0.10732        0.99970        0.99697
   418.0        0.10723        0.99970        0.99698
   419.0        0.10713        0.99970        0.99700
   420.0        0.10703        0.99970        0.99701
   421.0        0.10693        0.99971        0.99702
   422.0        0.10684        0.99971        0.99703
   423.0        0.10674        0.99971        0.99704
   424.0        0.10665        0.99971        0.99705
   425.0        0.10655        0.99971        0.99706
   426.0        0.10645        0.99971        0.99707
   427.0        0.10636        0.99972        0.99709
   428.0        0.10626        0.99972        0.99710
   429.0        0.10615        0.99972        0.99711
   430.0        0.10605        0.99972        0.99712
   431.0        0.10595        0.99972        0.99713
   432.0        0.10584        0.99972        0.99714
   433.0        0.10574        0.99973        0.99715
   434.0        0.10564        0.99973        0.99716
   435.0        0.10554        0.99973        0.99717
   436.0        0.10543        0.99973        0.99718
   437.0        0.10533        0.99973        0.99719
   438.0        0.10523        0.99973        0.99720
   439.0        0.10513        0.99973        0.99721
   440.0        0.10503        0.99974        0.99722
   441.0        0.10493        0.99974        0.99723
   442.0        0.10483        0.99974        0.99724
   443.0        0.10473        0.99974        0.99725
   444.0        0.10463        0.99974        0.99726
   445.0        0.10453        0.99974        0.99727
   446.0        0.10444        0.99974        0.99728
   447.0        0.10434        0.99975        0.99729
   448.0        0.10424        0.99975        0.99730
   449.0        0.10414        0.99975        0.99731
   450.0        0.10404        0.99975        0.99732
   451.0        0.10395        0.99975        0.99733
   452.0        0.10385        0.99975        0.99734
   453.0        0.10375        0.99975        0.99734
   454.0        0.10366        0.99975        0.99735
   455.0        0.10356        0.99976        0.99736
   456.0        0.10347        0.99976        0.99737
   457.0        0.10337        0.99976        0.99738
   458.0        0.10328        0.99976        0.99739
   459.0        0.10318        0.99976        0.99740
   460.0        0.10309        0.99976        0.99741
   461.0        0.10299        0.99976        0.99742
   462.0        0.10290        0.99976        0.99743
   463.0        0.10281        0.99977        0.99743
   464.0        0.10271        0.99977        0.99744
   465.0        0.10262        0.99977        0.99745
   466.0        0.10253        0.99977        0.99746
   467.0        0.10244        0.99977        0.99747
   468.0        0.10235        0.99977        0.99748
   469.0        0.10225        0.99977        0.99749
   470.0        0.10216        0.99977        0.99749
   471.0        0.10207        0.99977        0.99750
   472.0        0.10198        0.99978        0.99751
   473.0        0.10189        0.99978        0.99752
   474.0        0.10180        0.99978        0.99753
   475.0        0.10171        0.99978        0.99754
   476.0        0.10162        0.99978        0.99754
   477.0        0.10153        0.99978        0.99755
   478.0        0.10144        0.99978        0.99756
   479.0        0.10135        0.99978        0.99757
   480.0        0.10126        0.99978        0.99758
   481.0        0.10118        0.99979        0.99758
   482.0        0.10109        0.99979        0.99759
   483.0        0.10100        0.99979        0.99760
   484.0        0.10091        0.99979        0.99761
   485.0        0.10083        0.99979        0.99762
   486.0        0.10074        0.99979        0.99762
   487.0        0.10065        0.99979        0.99763
   488.0        0.10056        0.99979        0.99764
   489.0        0.10048        0.99979        0.99765
   490.0        0.10039        0.99979        0.99765
   491.0        0.10031        0.99980        0.99766
   492.0        0.10022        0.99980        0.99767
   493.0        0.10014        0.99980        0.99768
   494.0        0.10005        0.99980        0.99768
   495.0        0.09997        0.99980        0.99769
   496.0        0.09988        0.99980        0.99770
   497.0        0.09980        0.99980        0.99771
   498.0        0.09971        0.99980        0.99771
   499.0        0.09963        0.99980        0.99772
   500.0        0.09955        0.99980        0.99773
   501.0        0.09946        0.99980        0.99773
   502.0        0.09938        0.99981        0.99774
   503.0        0.09930        0.99981        0.99775
   504.0        0.09921        0.99981        0.99776
   505.0        0.09913        0.99981        0.99776
   506.0        0.09905        0.99981        0.99777
   507.0        0.09897        0.99981        0.99778
   508.0        0.09889        0.99981        0.99778
   509.0        0.09880        0.99981        0.99779
   510.0        0.09872        0.99981        0.99780
   511.0        0.09864        0.99981        0.99780
   512.0        0.09856        0.99981        0.99781
   513.0        0.09848        0.99981        0.99782
   514.0        0.09840        0.99982        0.99782
   515.0        0.09832        0.99982        0.99783
   516.0        0.09824        0.99982        0.99784
   517.0        0.09816        0.99982        0.99784
   518.0        0.09808        0.99982        0.99785
   519.0        0.09800        0.99982        0.99786
   520.0        0.09792        0.99982        0.99786
   521.0        0.09784        0.99982        0.99787
   522.0        0.09777        0.99982        0.99788
   523.0        0.09769        0.99982        0.99788
   524.0        0.09761        0.99982        0.99789
   525.0        0.09753        0.99982        0.99790
   526.0        0.09745        0.99982        0.99790
   527.0        0.09738        0.99983        0.99791
   528.0        0.09730        0.99983        0.99791
   529.0        0.09722        0.99983        0.99792
   530.0        0.09714        0.99983        0.99793
   531.0        0.09707        0.99983        0.99793
   532.0        0.09699        0.99983        0.99794
   533.0        0.09691        0.99983        0.99795
   534.0        0.09684        0.99983        0.99795
   535.0        0.09676        0.99983        0.99796
   536.0        0.09669        0.99983        0.99796
   537.0        0.09661        0.99983        0.99797
   538.0        0.09654        0.99983        0.99798
   539.0        0.09646        0.99983        0.99798
   540.0        0.09639        0.99983        0.99799
   541.0        0.09631        0.99983        0.99799
   542.0        0.09624        0.99984        0.99800
   543.0        0.09616        0.99984        0.99800
   544.0        0.09609        0.99984        0.99801
   545.0        0.09602        0.99984        0.99802
   546.0        0.09594        0.99984        0.99802
   547.0        0.09587        0.99984        0.99803
   548.0        0.09579        0.99984        0.99803
   549.0        0.09572        0.99984        0.99804
   550.0        0.09565        0.99984        0.99804
   551.0        0.09558        0.99984        0.99805
   552.0        0.09550        0.99984        0.99806
   553.0        0.09543        0.99984        0.99806
   554.0        0.09536        0.99984        0.99807
   555.0        0.09529        0.99984        0.99807
   556.0        0.09522        0.99984        0.99808
   557.0        0.09514        0.99984        0.99808
   558.0        0.09507        0.99985        0.99809
   559.0        0.09500        0.99985        0.99809
   560.0        0.09493        0.99985        0.99810
   561.0        0.09486        0.99985        0.99810
   562.0        0.09479        0.99985        0.99811
   563.0        0.09472        0.99985        0.99812
   564.0        0.09465        0.99985        0.99812
   565.0        0.09458        0.99985        0.99813
   566.0        0.09451        0.99985        0.99813
   567.0        0.09444        0.99985        0.99814
   568.0        0.09437        0.99985        0.99814
   569.0        0.09429        0.99985        0.99815
   570.0        0.09422        0.99985        0.99815
   571.0        0.09414        0.99985        0.99816
   572.0        0.09407        0.99985        0.99816
   573.0        0.09400        0.99985        0.99817
   574.0        0.09392        0.99985        0.99817
   575.0        0.09385        0.99985        0.99818
   576.0        0.09378        0.99986        0.99818
   577.0        0.09370        0.99986        0.99819
   578.0        0.09363        0.99986        0.99819
   579.0        0.09356        0.99986        0.99820
   580.0        0.09349        0.99986        0.99820
   581.0        0.09342        0.99986        0.99821
   582.0        0.09334        0.99986        0.99821
   583.0        0.09327        0.99986        0.99821
   584.0        0.09320        0.99986        0.99822
   585.0        0.09313        0.99986        0.99822
   586.0        0.09306        0.99986        0.99823
   587.0        0.09299        0.99986        0.99823
   588.0        0.09292        0.99986        0.99824
   589.0        0.09285        0.99986        0.99824
   590.0        0.09278        0.99986        0.99825
   591.0        0.09271        0.99986        0.99825
   592.0        0.09264        0.99986        0.99826
   593.0        0.09257        0.99986        0.99826
   594.0        0.09250        0.99986        0.99827
   595.0        0.09243        0.99986        0.99827
   596.0        0.09236        0.99987        0.99827
   597.0        0.09229        0.99987        0.99828
   598.0        0.09222        0.99987        0.99828
   599.0        0.09215        0.99987        0.99829
   600.0        0.09208        0.99987        0.99829
   601.0        0.09201        0.99987        0.99830
   602.0        0.09195        0.99987        0.99830
   603.0        0.09188        0.99987        0.99831
   604.0        0.09181        0.99987        0.99831
   605.0        0.09174        0.99987        0.99831
   606.0        0.09167        0.99987        0.99832
   607.0        0.09161        0.99987        0.99832
   608.0        0.09154        0.99987        0.99833
   609.0        0.09147        0.99987        0.99833
   610.0        0.09140        0.99987        0.99834
   611.0        0.09134        0.99987        0.99834
   612.0        0.09127        0.99987        0.99834
   613.0        0.09120        0.99987        0.99835
   614.0        0.09114        0.99987        0.99835
   615.0        0.09107        0.99987        0.99836
   616.0        0.09101        0.99987        0.99836
   617.0        0.09094        0.99987        0.99837
   618.0        0.09087        0.99988        0.99837
   619.0        0.09081        0.99988        0.99837
   620.0        0.09074        0.99988        0.99838
   621.0        0.09068        0.99988        0.99838
   622.0        0.09061        0.99988        0.99839
   623.0        0.09055        0.99988        0.99839
   624.0        0.09048        0.99988        0.99839
   625.0        0.09042        0.99988        0.99840
   626.0        0.09035        0.99988        0.99840
   627.0        0.09029        0.99988        0.99841
   628.0        0.09022        0.99988        0.99841
   629.0        0.09016        0.99988        0.99841
   630.0        0.09010        0.99988        0.99842
   631.0        0.09003        0.99988        0.99842
   632.0        0.08997        0.99988        0.99842
   633.0        0.08991        0.99988        0.99843
   634.0        0.08984        0.99988        0.99843
   635.0        0.08978        0.99988        0.99844
   636.0        0.08972        0.99988        0.99844
   637.0        0.08965        0.99988        0.99844
   638.0        0.08959        0.99988        0.99845
   639.0        0.08953        0.99988        0.99845
   640.0        0.08947        0.99988        0.99846
   641.0        0.08940        0.99988        0.99846
   642.0        0.08934        0.99988        0.99846
   643.0        0.08928        0.99989        0.99847
   644.0        0.08922        0.99989        0.99847
   645.0        0.08916        0.99989        0.99847
   646.0        0.08909        0.99989        0.99848
   647.0        0.08903        0.99989        0.99848
   648.0        0.08897        0.99989        0.99848
   649.0        0.08891        0.99989        0.99849
   650.0        0.08885        0.99989        0.99849
   651.0        0.08879        0.99989        0.99850
   652.0        0.08873        0.99989        0.99850
   653.0        0.08867        0.99989        0.99850
   654.0        0.08861        0.99989        0.99851
   655.0        0.08854        0.99989        0.99851
   656.0        0.08848        0.99989        0.99851
   657.0        0.08842        0.99989        0.99852
   658.0        0.08836        0.99989        0.99852
   659.0        0.08830        0.99989        0.99852
   660.0        0.08824        0.99989        0.99853
   661.0        0.08819        0.99989        0.99853
   662.0        0.08813        0.99989        0.99853
   663.0        0.08807        0.99989        0.99854
   664.0        0.08801        0.99989        0.99854
   665.0        0.08795        0.99989        0.99854
   666.0        0.08789        0.99989        0.99855
   667.0        0.08783        0.99989        0.99855
   668.0        0.08777        0.99989        0.99855
   669.0        0.08771        0.99989        0.99856
   670.0        0.08765        0.99989        0.99856
   671.0        0.08760        0.99989        0.99856
   672.0        0.08754        0.99989        0.99857
   673.0        0.08748        0.99989        0.99857
   674.0        0.08742        0.99990        0.99857
   675.0        0.08736        0.99990        0.99858
   676.0        0.08731        0.99990        0.99858
   677.0        0.08725        0.99990        0.99858
   678.0        0.08719        0.99990        0.99859
   679.0        0.08713        0.99990        0.99859
   680.0        0.08708        0.99990        0.99859
   681.0        0.08702        0.99990        0.99860
   682.0        0.08696        0.99990        0.99860
   683.0        0.08691        0.99990        0.99860
   684.0        0.08685        0.99990        0.99861
   685.0        0.08679        0.99990        0.99861
   686.0        0.08674        0.99990        0.99861
   687.0        0.08668        0.99990        0.99862
   688.0        0.08662        0.99990        0.99862
   689.0        0.08657        0.99990        0.99862
   690.0        0.08651        0.99990        0.99863
   691.0        0.08646        0.99990        0.99863
   692.0        0.08640        0.99990        0.99863
   693.0        0.08634        0.99990        0.99863
   694.0        0.08629        0.99990        0.99864
   695.0        0.08623        0.99990        0.99864
   696.0        0.08618        0.99990        0.99864
   697.0        0.08612        0.99990        0.99865
   698.0        0.08607        0.99990        0.99865
   699.0        0.08601        0.99990        0.99865
   700.0        0.08596        0.99990        0.99866
   701.0        0.08590        0.99990        0.99866
   702.0        0.08585        0.99990        0.99866
   703.0        0.08579        0.99990        0.99866
   704.0        0.08574        0.99990        0.99867
   705.0        0.08569        0.99990        0.99867
   706.0        0.08563        0.99990        0.99867
   707.0        0.08558        0.99990        0.99868
   708.0        0.08552        0.99990        0.99868
   709.0        0.08547        0.99990        0.99868
   710.0        0.08542        0.99991        0.99869
   711.0        0.08536        0.99991        0.99869
   712.0        0.08531        0.99991        0.99869
   713.0        0.08526        0.99991        0.99869
   714.0        0.08520        0.99991        0.99870
   715.0        0.08515        0.99991        0.99870
   716.0        0.08510        0.99991        0.99870
   717.0        0.08504        0.99991        0.99870
   718.0        0.08499        0.99991        0.99871
   719.0        0.08494        0.99991        0.99871
   720.0        0.08488        0.99991        0.99871
   721.0        0.08483        0.99991        0.99872
   722.0        0.08478        0.99991        0.99872
   723.0        0.08473        0.99991        0.99872
   724.0        0.08467        0.99991        0.99872
   725.0        0.08462        0.99991        0.99873
   726.0        0.08457        0.99991        0.99873
   727.0        0.08452        0.99991        0.99873
   728.0        0.08447        0.99991        0.99874
   729.0        0.08442        0.99991        0.99874
   730.0        0.08436        0.99991        0.99874
   731.0        0.08431        0.99991        0.99874
   732.0        0.08426        0.99991        0.99875
   733.0        0.08421        0.99991        0.99875
   734.0        0.08416        0.99991        0.99875
   735.0        0.08411        0.99991        0.99875
   736.0        0.08406        0.99991        0.99876
   737.0        0.08401        0.99991        0.99876
   738.0        0.08395        0.99991        0.99876
   739.0        0.08390        0.99991        0.99876
   740.0        0.08385        0.99991        0.99877
   741.0        0.08380        0.99991        0.99877
   742.0        0.08375        0.99991        0.99877
   743.0        0.08370        0.99991        0.99877
   744.0        0.08365        0.99991        0.99878
   745.0        0.08360        0.99991        0.99878
   746.0        0.08355        0.99991        0.99878
   747.0        0.08350        0.99991        0.99878
   748.0        0.08345        0.99991        0.99879
   749.0        0.08340        0.99991        0.99879
   750.0        0.08335        0.99991        0.99879
   751.0        0.08330        0.99991        0.99879
   752.0        0.08325        0.99991        0.99880
   753.0        0.08320        0.99992        0.99880
   754.0        0.08315        0.99992        0.99880
   755.0        0.08310        0.99992        0.99880
   756.0        0.08305        0.99992        0.99881
   757.0        0.08300        0.99992        0.99881
   758.0        0.08294        0.99992        0.99881
   759.0        0.08289        0.99992        0.99881
   760.0        0.08284        0.99992        0.99882
   761.0        0.08279        0.99992        0.99882
   762.0        0.08274        0.99992        0.99882
   763.0        0.08269        0.99992        0.99882
   764.0        0.08263        0.99992        0.99883
   765.0        0.08258        0.99992        0.99883
   766.0        0.08253        0.99992        0.99883
   767.0        0.08248        0.99992        0.99883
   768.0        0.08243        0.99992        0.99884
   769.0        0.08238        0.99992        0.99884
   770.0        0.08233        0.99992        0.99884
   771.0        0.08228        0.99992        0.99884
   772.0        0.08223        0.99992        0.99884
   773.0        0.08217        0.99992        0.99885
   774.0        0.08212        0.99992        0.99885
   775.0        0.08207        0.99992        0.99885
   776.0        0.08202        0.99992        0.99885
   777.0        0.08197        0.99992        0.99886
   778.0        0.08192        0.99992        0.99886
   779.0        0.08187        0.99992        0.99886
   780.0        0.08182        0.99992        0.99886
   781.0        0.08177        0.99992        0.99886
   782.0        0.08172        0.99992        0.99887
   783.0        0.08167        0.99992        0.99887
   784.0        0.08162        0.99992        0.99887
   785.0        0.08158        0.99992        0.99887
   786.0        0.08153        0.99992        0.99888
   787.0        0.08148        0.99992        0.99888
   788.0        0.08143        0.99992        0.99888
   789.0        0.08138        0.99992        0.99888
   790.0        0.08133        0.99992        0.99888
   791.0        0.08128        0.99992        0.99889
   792.0        0.08123        0.99992        0.99889
   793.0        0.08118        0.99992        0.99889
   794.0        0.08113        0.99992        0.99889
   795.0        0.08109        0.99992        0.99889
   796.0        0.08104        0.99992        0.99890
   797.0        0.08099        0.99992        0.99890
   798.0        0.08094        0.99992        0.99890
   799.0        0.08089        0.99992        0.99890
   800.0        0.08084        0.99992        0.99891
   801.0        0.08080        0.99992        0.99891
   802.0        0.08075        0.99992        0.99891
   803.0        0.08070        0.99992        0.99891
   804.0        0.08065        0.99992        0.99891
   805.0        0.08060        0.99992        0.99892
   806.0        0.08056        0.99993        0.99892
   807.0        0.08051        0.99993        0.99892
   808.0        0.08046        0.99993        0.99892
   809.0        0.08042        0.99993        0.99892
   810.0        0.08037        0.99993        0.99893
   811.0        0.08032        0.99993        0.99893
   812.0        0.08027        0.99993        0.99893
   813.0        0.08023        0.99993        0.99893
   814.0        0.08018        0.99993        0.99893
   815.0        0.08013        0.99993        0.99894
   816.0        0.08009        0.99993        0.99894
   817.0        0.08004        0.99993        0.99894
   818.0        0.07999        0.99993        0.99894
   819.0        0.07995        0.99993        0.99894
   820.0        0.07990        0.99993        0.99895
   821.0        0.07985        0.99993        0.99895
   822.0        0.07981        0.99993        0.99895
   823.0        0.07976        0.99993        0.99895
   824.0        0.07972        0.99993        0.99895
   825.0        0.07967        0.99993        0.99896
   826.0        0.07962        0.99993        0.99896
   827.0        0.07958        0.99993        0.99896
   828.0        0.07953        0.99993        0.99896
   829.0        0.07949        0.99993        0.99896
   830.0        0.07944        0.99993        0.99897
   831.0        0.07940        0.99993        0.99897
   832.0        0.07935        0.99993        0.99897
   833.0        0.07931        0.99993        0.99897
   834.0        0.07926        0.99993        0.99897
   835.0        0.07921        0.99993        0.99897
   836.0        0.07917        0.99993        0.99898
   837.0        0.07912        0.99993        0.99898
   838.0        0.07908        0.99993        0.99898
   839.0        0.07904        0.99993        0.99898
   840.0        0.07899        0.99993        0.99898
   841.0        0.07895        0.99993        0.99899
   842.0        0.07890        0.99993        0.99899
   843.0        0.07886        0.99993        0.99899
   844.0        0.07881        0.99993        0.99899
   845.0        0.07877        0.99993        0.99899
   846.0        0.07872        0.99993        0.99899
   847.0        0.07868        0.99993        0.99900
   848.0        0.07863        0.99993        0.99900
   849.0        0.07859        0.99993        0.99900
   850.0        0.07855        0.99993        0.99900
   851.0        0.07850        0.99993        0.99900
   852.0        0.07846        0.99993        0.99901
   853.0        0.07842        0.99993        0.99901
   854.0        0.07837        0.99993        0.99901
   855.0        0.07833        0.99993        0.99901
   856.0        0.07828        0.99993        0.99901
   857.0        0.07824        0.99993        0.99901
   858.0        0.07820        0.99993        0.99902
   859.0        0.07815        0.99993        0.99902
   860.0        0.07811        0.99993        0.99902
   861.0        0.07807        0.99993        0.99902
   862.0        0.07803        0.99993        0.99902
   863.0        0.07798        0.99993        0.99902
   864.0        0.07794        0.99993        0.99903
   865.0        0.07790        0.99993        0.99903
   866.0        0.07785        0.99993        0.99903
   867.0        0.07781        0.99993        0.99903
   868.0        0.07777        0.99993        0.99903
   869.0        0.07773        0.99993        0.99904
   870.0        0.07768        0.99993        0.99904
   871.0        0.07764        0.99993        0.99904
   872.0        0.07760        0.99993        0.99904
   873.0        0.07756        0.99993        0.99904
   874.0        0.07751        0.99993        0.99904
   875.0        0.07747        0.99993        0.99905
   876.0        0.07743        0.99993        0.99905
   877.0        0.07739        0.99993        0.99905
   878.0        0.07735        0.99993        0.99905
   879.0        0.07730        0.99994        0.99905
   880.0        0.07726        0.99994        0.99905
   881.0        0.07722        0.99994        0.99906
   882.0        0.07718        0.99994        0.99906
   883.0        0.07714        0.99994        0.99906
   884.0        0.07710        0.99994        0.99906
   885.0        0.07705        0.99994        0.99906
   886.0        0.07701        0.99994        0.99906
   887.0        0.07697        0.99994        0.99906
   888.0        0.07693        0.99994        0.99907
   889.0        0.07689        0.99994        0.99907
   890.0        0.07685        0.99994        0.99907
   891.0        0.07681        0.99994        0.99907
   892.0        0.07677        0.99994        0.99907
   893.0        0.07673        0.99994        0.99907
   894.0        0.07669        0.99994        0.99908
   895.0        0.07664        0.99994        0.99908
   896.0        0.07660        0.99994        0.99908
   897.0        0.07656        0.99994        0.99908
   898.0        0.07652        0.99994        0.99908
   899.0        0.07648        0.99994        0.99908
   900.0        0.07644        0.99994        0.99909
   901.0        0.07640        0.99994        0.99909
   902.0        0.07636        0.99994        0.99909
   903.0        0.07632        0.99994        0.99909
   904.0        0.07628        0.99994        0.99909
   905.0        0.07624        0.99994        0.99909
   906.0        0.07620        0.99994        0.99909
   907.0        0.07616        0.99994        0.99910
   908.0        0.07612        0.99994        0.99910
   909.0        0.07608        0.99994        0.99910
   910.0        0.07604        0.99994        0.99910
   911.0        0.07600        0.99994        0.99910
   912.0        0.07596        0.99994        0.99910
   913.0        0.07592        0.99994        0.99910
   914.0        0.07588        0.99994        0.99911
   915.0        0.07584        0.99994        0.99911
   916.0        0.07580        0.99994        0.99911
   917.0        0.07576        0.99994        0.99911
   918.0        0.07573        0.99994        0.99911
   919.0        0.07569        0.99994        0.99911
   920.0        0.07565        0.99994        0.99912
   921.0        0.07561        0.99994        0.99912
   922.0        0.07557        0.99994        0.99912
   923.0        0.07553        0.99994        0.99912
   924.0        0.07549        0.99994        0.99912
   925.0        0.07545        0.99994        0.99912
   926.0        0.07541        0.99994        0.99912
   927.0        0.07538        0.99994        0.99913
   928.0        0.07534        0.99994        0.99913
   929.0        0.07530        0.99994        0.99913
   930.0        0.07526        0.99994        0.99913
   931.0        0.07522        0.99994        0.99913
   932.0        0.07518        0.99994        0.99913
   933.0        0.07514        0.99994        0.99913
   934.0        0.07511        0.99994        0.99914
   935.0        0.07507        0.99994        0.99914
   936.0        0.07503        0.99994        0.99914
   937.0        0.07499        0.99994        0.99914
   938.0        0.07495        0.99994        0.99914
   939.0        0.07492        0.99994        0.99914
   940.0        0.07488        0.99994        0.99914
   941.0        0.07484        0.99994        0.99915
   942.0        0.07480        0.99994        0.99915
   943.0        0.07477        0.99994        0.99915
   944.0        0.07473        0.99994        0.99915
   945.0        0.07469        0.99994        0.99915
   946.0        0.07465        0.99994        0.99915
   947.0        0.07461        0.99994        0.99915
   948.0        0.07458        0.99994        0.99915
   949.0        0.07454        0.99994        0.99916
   950.0        0.07450        0.99994        0.99916
   951.0        0.07447        0.99994        0.99916
   952.0        0.07443        0.99994        0.99916
   953.0        0.07439        0.99994        0.99916
   954.0        0.07435        0.99994        0.99916
   955.0        0.07432        0.99994        0.99916
   956.0        0.07428        0.99994        0.99917
   957.0        0.07424        0.99994        0.99917
   958.0        0.07421        0.99994        0.99917
   959.0        0.07417        0.99994        0.99917
   960.0        0.07413        0.99994        0.99917
   961.0        0.07410        0.99994        0.99917
   962.0        0.07406        0.99994        0.99917
   963.0        0.07402        0.99994        0.99917
   964.0        0.07399        0.99994        0.99918
   965.0        0.07395        0.99994        0.99918
   966.0        0.07391        0.99994        0.99918
   967.0        0.07388        0.99994        0.99918
   968.0        0.07384        0.99994        0.99918
   969.0        0.07381        0.99994        0.99918
   970.0        0.07377        0.99994        0.99918
   971.0        0.07373        0.99994        0.99919
   972.0        0.07370        0.99995        0.99919
   973.0        0.07366        0.99995        0.99919
   974.0        0.07363        0.99995        0.99919
   975.0        0.07359        0.99995        0.99919
   976.0        0.07355        0.99995        0.99919
   977.0        0.07352        0.99995        0.99919
   978.0        0.07348        0.99995        0.99919
   979.0        0.07345        0.99995        0.99920
   980.0        0.07341        0.99995        0.99920
   981.0        0.07337        0.99995        0.99920
   982.0        0.07334        0.99995        0.99920
   983.0        0.07330        0.99995        0.99920
   984.0        0.07327        0.99995        0.99920
   985.0        0.07323        0.99995        0.99920
   986.0        0.07320        0.99995        0.99920
   987.0        0.07316        0.99995        0.99921
   988.0        0.07313        0.99995        0.99921
   989.0        0.07309        0.99995        0.99921
   990.0        0.07306        0.99995        0.99921
   991.0        0.07302        0.99995        0.99921
   992.0        0.07299        0.99995        0.99921
   993.0        0.07295        0.99995        0.99921
   994.0        0.07292        0.99995        0.99921
   995.0        0.07288        0.99995        0.99921
   996.0        0.07285        0.99995        0.99922
   997.0        0.07281        0.99995        0.99922
   998.0        0.07278        0.99995        0.99922
   999.0        0.07274        0.99995        0.99922
  1000.0        0.07271        0.99995        0.99922
