 NaI                 
 Density =    3.670000      Aeff =    109.0362      Zeff =    46.55834    
     1.0    28475.29688        0.00049        0.00154
     2.0     7043.16064        0.00239        0.00336
     3.0     2579.09497        0.00517        0.00678
     4.0     1232.01221        0.00733        0.01337
     5.0     2644.97021        0.00372        0.01504
     6.0     1921.96497        0.00703        0.01273
     7.0     1306.60510        0.00995        0.01491
     8.0      913.38788        0.01299        0.01802
     9.0      674.63794        0.01585        0.02167
    10.0      512.75458        0.01889        0.02563
    11.0      397.20490        0.02209        0.02990
    12.0      314.71188        0.02535        0.03461
    13.0      254.13083        0.02866        0.03967
    14.0      208.55635        0.03202        0.04491
    15.0      173.44089        0.03544        0.05041
    16.0      145.50096        0.03901        0.05624
    17.0      123.38925        0.04249        0.06260
    18.0      105.67184        0.04598        0.06898
    19.0       91.27943        0.04939        0.07578
    20.0       79.44913        0.05270        0.08311
    21.0       69.63438        0.05596        0.09085
    22.0       61.41481        0.05917        0.09905
    23.0       54.42579        0.06219        0.10805
    24.0       48.42148        0.06534        0.11719
    25.0       43.27728        0.06817        0.12713
    26.0       38.85447        0.07099        0.13750
    27.0       35.01890        0.07350        0.14887
    28.0       31.67358        0.07568        0.16136
    29.0       28.73775        0.07735        0.17559
    30.0       26.15705        0.07841        0.19200
    31.0       23.85434        0.07839        0.21223
    32.0       21.74899        0.07545        0.24331
    33.0       19.73411        0.06546        0.31092
    34.0      104.05335        0.01753        0.22140
    35.0       96.67063        0.02036        0.20632
    36.0       89.93854        0.02246        0.20217
    37.0       83.81531        0.02431        0.20141
    38.0       78.23660        0.02597        0.20298
    39.0       73.15215        0.02747        0.20617
    40.0       68.51711        0.02896        0.20969
    41.0       64.28085        0.03043        0.21360
    42.0       60.39466        0.03180        0.21815
    43.0       56.82824        0.03315        0.22282
    44.0       53.55040        0.03453        0.22748
    45.0       50.52797        0.03585        0.23265
    46.0       47.74002        0.03720        0.23772
    47.0       45.16333        0.03857        0.24280
    48.0       42.77543        0.03991        0.24819
    49.0       40.55942        0.04122        0.25379
    50.0       38.50353        0.04260        0.25904
    51.0       36.51511        0.04409        0.26425
    52.0       34.66560        0.04557        0.26966
    53.0       32.94151        0.04700        0.27554
    54.0       31.33416        0.04843        0.28149
    55.0       29.83498        0.04990        0.28725
    56.0       28.43421        0.05140        0.29297
    57.0       27.12214        0.05287        0.29900
    58.0       25.89210        0.05432        0.30522
    59.0       24.73982        0.05582        0.31119
    60.0       23.65805        0.05735        0.31712
    61.0       22.63741        0.05886        0.32333
    62.0       21.67733        0.06038        0.32950
    63.0       20.77382        0.06194        0.33557
    64.0       19.92249        0.06353        0.34152
    65.0       19.11813        0.06507        0.34740
    66.0       18.35820        0.06662        0.35324
    67.0       17.64017        0.06818        0.35904
    68.0       16.96102        0.06976        0.36480
    69.0       16.31820        0.07136        0.37049
    70.0       15.70909        0.07297        0.37610
    71.0       15.13141        0.07459        0.38174
    72.0       14.58307        0.07622        0.38741
    73.0       14.06244        0.07786        0.39303
    74.0       13.56776        0.07952        0.39860
    75.0       13.09741        0.08120        0.40413
    76.0       12.64988        0.08290        0.40960
    77.0       12.22373        0.08461        0.41505
    78.0       11.81768        0.08634        0.42047
    79.0       11.43059        0.08809        0.42584
    80.0       11.06135        0.08985        0.43116
    81.0       10.69912        0.09172        0.43643
    82.0       10.35354        0.09361        0.44165
    83.0       10.02362        0.09552        0.44681
    84.0        9.70842        0.09745        0.45197
    85.0        9.40698        0.09937        0.45717
    86.0        9.11873        0.10132        0.46233
    87.0        8.84298        0.10329        0.46743
    88.0        8.57901        0.10527        0.47247
    89.0        8.32623        0.10728        0.47747
    90.0        8.08388        0.10929        0.48234
    91.0        7.85136        0.11130        0.48713
    92.0        7.62836        0.11333        0.49186
    93.0        7.41436        0.11538        0.49655
    94.0        7.20894        0.11744        0.50118
    95.0        7.01165        0.11953        0.50577
    96.0        6.82209        0.12163        0.51031
    97.0        6.63988        0.12375        0.51480
    98.0        6.46465        0.12589        0.51926
    99.0        6.29605        0.12804        0.52367
   100.0        6.13381        0.13021        0.52804
   101.0        5.97708        0.13236        0.53219
   102.0        5.82614        0.13453        0.53631
   103.0        5.68071        0.13672        0.54037
   104.0        5.54052        0.13892        0.54439
   105.0        5.40535        0.14113        0.54838
   106.0        5.27495        0.14336        0.55234
   107.0        5.14914        0.14561        0.55625
   108.0        5.02770        0.14787        0.56012
   109.0        4.91045        0.15014        0.56395
   110.0        4.79721        0.15243        0.56773
   111.0        4.68780        0.15474        0.57148
   112.0        4.58205        0.15706        0.57518
   113.0        4.47983        0.15939        0.57884
   114.0        4.38092        0.16173        0.58250
   115.0        4.28523        0.16408        0.58613
   116.0        4.19262        0.16644        0.58972
   117.0        4.10300        0.16882        0.59328
   118.0        4.01622        0.17121        0.59679
   119.0        3.93219        0.17362        0.60026
   120.0        3.85077        0.17604        0.60370
   121.0        3.77190        0.17847        0.60709
   122.0        3.69543        0.18092        0.61045
   123.0        3.62130        0.18337        0.61378
   124.0        3.54938        0.18583        0.61709
   125.0        3.47963        0.18831        0.62037
   126.0        3.41195        0.19080        0.62360
   127.0        3.34627        0.19330        0.62680
   128.0        3.28251        0.19581        0.62996
   129.0        3.22061        0.19833        0.63309
   130.0        3.16050        0.20087        0.63618
   131.0        3.10208        0.20341        0.63924
   132.0        3.04533        0.20597        0.64228
   133.0        2.99019        0.20853        0.64527
   134.0        2.93656        0.21110        0.64823
   135.0        2.88441        0.21368        0.65115
   136.0        2.83370        0.21627        0.65403
   137.0        2.78437        0.21887        0.65688
   138.0        2.73639        0.22147        0.65970
   139.0        2.68969        0.22409        0.66249
   140.0        2.64424        0.22672        0.66525
   141.0        2.59999        0.22935        0.66798
   142.0        2.55690        0.23199        0.67069
   143.0        2.51493        0.23464        0.67337
   144.0        2.47406        0.23729        0.67603
   145.0        2.43423        0.23995        0.67865
   146.0        2.39542        0.24262        0.68125
   147.0        2.35760        0.24530        0.68382
   148.0        2.32073        0.24798        0.68636
   149.0        2.28479        0.25067        0.68887
   150.0        2.24975        0.25337        0.69135
   151.0        2.21560        0.25607        0.69381
   152.0        2.18215        0.25873        0.69616
   153.0        2.14947        0.26138        0.69847
   154.0        2.11757        0.26403        0.70075
   155.0        2.08645        0.26669        0.70301
   156.0        2.05606        0.26935        0.70525
   157.0        2.02639        0.27202        0.70746
   158.0        1.99742        0.27469        0.70964
   159.0        1.96912        0.27737        0.71181
   160.0        1.94148        0.28004        0.71395
   161.0        1.91448        0.28273        0.71606
   162.0        1.88809        0.28541        0.71816
   163.0        1.86230        0.28810        0.72024
   164.0        1.83709        0.29079        0.72230
   165.0        1.81245        0.29348        0.72433
   166.0        1.78835        0.29617        0.72635
   167.0        1.76479        0.29887        0.72834
   168.0        1.74175        0.30156        0.73032
   169.0        1.71921        0.30426        0.73227
   170.0        1.69716        0.30696        0.73420
   171.0        1.67559        0.30967        0.73612
   172.0        1.65448        0.31237        0.73800
   173.0        1.63380        0.31506        0.73987
   174.0        1.61358        0.31776        0.74171
   175.0        1.59379        0.32045        0.74353
   176.0        1.57441        0.32314        0.74535
   177.0        1.55543        0.32583        0.74715
   178.0        1.53685        0.32852        0.74893
   179.0        1.51864        0.33121        0.75069
   180.0        1.50081        0.33390        0.75243
   181.0        1.48334        0.33658        0.75416
   182.0        1.46623        0.33927        0.75587
   183.0        1.44945        0.34196        0.75756
   184.0        1.43302        0.34464        0.75924
   185.0        1.41690        0.34733        0.76089
   186.0        1.40111        0.35001        0.76254
   187.0        1.38563        0.35269        0.76416
   188.0        1.37045        0.35537        0.76577
   189.0        1.35556        0.35805        0.76736
   190.0        1.34096        0.36073        0.76894
   191.0        1.32664        0.36339        0.77052
   192.0        1.31258        0.36606        0.77207
   193.0        1.29880        0.36873        0.77362
   194.0        1.28528        0.37139        0.77514
   195.0        1.27201        0.37405        0.77665
   196.0        1.25898        0.37670        0.77815
   197.0        1.24620        0.37936        0.77963
   198.0        1.23366        0.38201        0.78110
   199.0        1.22134        0.38465        0.78255
   200.0        1.20925        0.38730        0.78399
   201.0        1.19759        0.38987        0.78542
   202.0        1.18614        0.39244        0.78683
   203.0        1.17489        0.39500        0.78823
   204.0        1.16384        0.39756        0.78961
   205.0        1.15298        0.40011        0.79099
   206.0        1.14230        0.40266        0.79236
   207.0        1.13182        0.40520        0.79371
   208.0        1.12151        0.40774        0.79505
   209.0        1.11138        0.41027        0.79638
   210.0        1.10143        0.41280        0.79770
   211.0        1.09164        0.41533        0.79900
   212.0        1.08202        0.41785        0.80029
   213.0        1.07256        0.42036        0.80157
   214.0        1.06324        0.42286        0.80283
   215.0        1.05400        0.42531        0.80404
   216.0        1.04492        0.42776        0.80524
   217.0        1.03598        0.43020        0.80644
   218.0        1.02718        0.43264        0.80762
   219.0        1.01854        0.43507        0.80879
   220.0        1.01003        0.43749        0.80995
   221.0        1.00165        0.43991        0.81110
   222.0        0.99341        0.44232        0.81224
   223.0        0.98530        0.44473        0.81337
   224.0        0.97732        0.44713        0.81449
   225.0        0.96947        0.44952        0.81560
   226.0        0.96174        0.45191        0.81670
   227.0        0.95413        0.45429        0.81779
   228.0        0.94664        0.45667        0.81887
   229.0        0.93926        0.45904        0.81993
   230.0        0.93200        0.46140        0.82099
   231.0        0.92485        0.46375        0.82205
   232.0        0.91780        0.46610        0.82309
   233.0        0.91087        0.46844        0.82412
   234.0        0.90403        0.47078        0.82514
   235.0        0.89731        0.47310        0.82615
   236.0        0.89068        0.47543        0.82716
   237.0        0.88415        0.47774        0.82816
   238.0        0.87771        0.48004        0.82916
   239.0        0.87137        0.48234        0.83014
   240.0        0.86512        0.48463        0.83112
   241.0        0.85896        0.48691        0.83209
   242.0        0.85289        0.48919        0.83305
   243.0        0.84691        0.49146        0.83401
   244.0        0.84102        0.49372        0.83495
   245.0        0.83521        0.49597        0.83589
   246.0        0.82948        0.49822        0.83682
   247.0        0.82384        0.50046        0.83774
   248.0        0.81827        0.50269        0.83865
   249.0        0.81278        0.50491        0.83956
   250.0        0.80737        0.50713        0.84046
   251.0        0.80204        0.50933        0.84135
   252.0        0.79678        0.51153        0.84223
   253.0        0.79159        0.51373        0.84311
   254.0        0.78648        0.51591        0.84398
   255.0        0.78144        0.51808        0.84484
   256.0        0.77646        0.52024        0.84569
   257.0        0.77156        0.52240        0.84654
   258.0        0.76672        0.52455        0.84738
   259.0        0.76195        0.52669        0.84821
   260.0        0.75724        0.52883        0.84904
   261.0        0.75259        0.53095        0.84986
   262.0        0.74800        0.53307        0.85067
   263.0        0.74348        0.53518        0.85148
   264.0        0.73901        0.53728        0.85228
   265.0        0.73461        0.53937        0.85307
   266.0        0.73026        0.54146        0.85386
   267.0        0.72596        0.54353        0.85464
   268.0        0.72171        0.54560        0.85541
   269.0        0.71751        0.54765        0.85617
   270.0        0.71337        0.54969        0.85693
   271.0        0.70928        0.55173        0.85768
   272.0        0.70525        0.55376        0.85842
   273.0        0.70126        0.55578        0.85916
   274.0        0.69733        0.55779        0.85989
   275.0        0.69344        0.55980        0.86062
   276.0        0.68960        0.56180        0.86135
   277.0        0.68581        0.56378        0.86206
   278.0        0.68207        0.56576        0.86278
   279.0        0.67837        0.56773        0.86348
   280.0        0.67472        0.56970        0.86418
   281.0        0.67111        0.57165        0.86488
   282.0        0.66755        0.57360        0.86557
   283.0        0.66403        0.57554        0.86626
   284.0        0.66055        0.57747        0.86694
   285.0        0.65711        0.57939        0.86761
   286.0        0.65372        0.58131        0.86828
   287.0        0.65036        0.58321        0.86894
   288.0        0.64705        0.58511        0.86960
   289.0        0.64377        0.58700        0.87025
   290.0        0.64053        0.58888        0.87090
   291.0        0.63734        0.59076        0.87155
   292.0        0.63417        0.59262        0.87219
   293.0        0.63105        0.59448        0.87282
   294.0        0.62796        0.59633        0.87345
   295.0        0.62491        0.59817        0.87407
   296.0        0.62189        0.60000        0.87469
   297.0        0.61891        0.60182        0.87531
   298.0        0.61596        0.60364        0.87592
   299.0        0.61304        0.60545        0.87653
   300.0        0.61016        0.60725        0.87714
   301.0        0.60731        0.60904        0.87774
   302.0        0.60449        0.61082        0.87833
   303.0        0.60170        0.61259        0.87892
   304.0        0.59895        0.61435        0.87951
   305.0        0.59623        0.61611        0.88009
   306.0        0.59353        0.61786        0.88067
   307.0        0.59087        0.61960        0.88124
   308.0        0.58823        0.62133        0.88181
   309.0        0.58563        0.62306        0.88238
   310.0        0.58305        0.62477        0.88294
   311.0        0.58050        0.62648        0.88349
   312.0        0.57798        0.62818        0.88405
   313.0        0.57548        0.62988        0.88460
   314.0        0.57301        0.63156        0.88514
   315.0        0.57055        0.63322        0.88567
   316.0        0.56808        0.63486        0.88619
   317.0        0.56564        0.63649        0.88671
   318.0        0.56322        0.63811        0.88722
   319.0        0.56083        0.63972        0.88773
   320.0        0.55847        0.64133        0.88824
   321.0        0.55613        0.64293        0.88874
   322.0        0.55381        0.64452        0.88924
   323.0        0.55152        0.64610        0.88974
   324.0        0.54925        0.64768        0.89023
   325.0        0.54700        0.64925        0.89072
   326.0        0.54478        0.65081        0.89120
   327.0        0.54258        0.65236        0.89169
   328.0        0.54040        0.65391        0.89216
   329.0        0.53824        0.65545        0.89264
   330.0        0.53610        0.65698        0.89311
   331.0        0.53399        0.65850        0.89358
   332.0        0.53189        0.66002        0.89405
   333.0        0.52982        0.66153        0.89451
   334.0        0.52777        0.66303        0.89497
   335.0        0.52574        0.66453        0.89542
   336.0        0.52372        0.66601        0.89588
   337.0        0.52173        0.66750        0.89633
   338.0        0.51976        0.66897        0.89678
   339.0        0.51780        0.67043        0.89722
   340.0        0.51586        0.67189        0.89767
   341.0        0.51395        0.67334        0.89811
   342.0        0.51205        0.67479        0.89855
   343.0        0.51016        0.67622        0.89898
   344.0        0.50830        0.67765        0.89941
   345.0        0.50645        0.67908        0.89984
   346.0        0.50462        0.68049        0.90027
   347.0        0.50286        0.68184        0.90069
   348.0        0.50114        0.68314        0.90111
   349.0        0.49944        0.68443        0.90153
   350.0        0.49775        0.68571        0.90194
   351.0        0.49608        0.68699        0.90235
   352.0        0.49442        0.68827        0.90276
   353.0        0.49278        0.68953        0.90316
   354.0        0.49115        0.69080        0.90356
   355.0        0.48953        0.69205        0.90396
   356.0        0.48793        0.69330        0.90436
   357.0        0.48634        0.69455        0.90476
   358.0        0.48477        0.69578        0.90515
   359.0        0.48321        0.69701        0.90554
   360.0        0.48167        0.69824        0.90592
   361.0        0.48013        0.69946        0.90631
   362.0        0.47862        0.70067        0.90669
   363.0        0.47711        0.70188        0.90707
   364.0        0.47562        0.70308        0.90745
   365.0        0.47413        0.70428        0.90782
   366.0        0.47267        0.70547        0.90819
   367.0        0.47121        0.70665        0.90856
   368.0        0.46977        0.70783        0.90893
   369.0        0.46833        0.70900        0.90929
   370.0        0.46691        0.71017        0.90966
   371.0        0.46550        0.71133        0.91002
   372.0        0.46411        0.71249        0.91038
   373.0        0.46272        0.71364        0.91073
   374.0        0.46135        0.71478        0.91109
   375.0        0.45998        0.71592        0.91144
   376.0        0.45863        0.71706        0.91179
   377.0        0.45729        0.71819        0.91214
   378.0        0.45596        0.71931        0.91248
   379.0        0.45464        0.72043        0.91282
   380.0        0.45333        0.72154        0.91316
   381.0        0.45204        0.72265        0.91350
   382.0        0.45075        0.72375        0.91384
   383.0        0.44947        0.72484        0.91417
   384.0        0.44820        0.72593        0.91451
   385.0        0.44695        0.72702        0.91484
   386.0        0.44570        0.72810        0.91516
   387.0        0.44446        0.72917        0.91549
   388.0        0.44323        0.73024        0.91581
   389.0        0.44201        0.73131        0.91614
   390.0        0.44080        0.73237        0.91646
   391.0        0.43960        0.73342        0.91678
   392.0        0.43841        0.73447        0.91709
   393.0        0.43723        0.73552        0.91741
   394.0        0.43606        0.73656        0.91772
   395.0        0.43490        0.73759        0.91803
   396.0        0.43374        0.73862        0.91834
   397.0        0.43260        0.73964        0.91865
   398.0        0.43146        0.74066        0.91895
   399.0        0.43033        0.74168        0.91926
   400.0        0.42921        0.74269        0.91956
   401.0        0.42810        0.74369        0.91986
   402.0        0.42700        0.74469        0.92016
   403.0        0.42590        0.74568        0.92045
   404.0        0.42481        0.74667        0.92075
   405.0        0.42374        0.74765        0.92104
   406.0        0.42266        0.74863        0.92133
   407.0        0.42160        0.74961        0.92162
   408.0        0.42055        0.75058        0.92191
   409.0        0.41950        0.75154        0.92220
   410.0        0.41846        0.75250        0.92248
   411.0        0.41743        0.75346        0.92276
   412.0        0.41640        0.75441        0.92304
   413.0        0.41539        0.75536        0.92332
   414.0        0.41438        0.75630        0.92360
   415.0        0.41337        0.75724        0.92388
   416.0        0.41238        0.75817        0.92415
   417.0        0.41139        0.75910        0.92443
   418.0        0.41041        0.76002        0.92470
   419.0        0.40943        0.76094        0.92497
   420.0        0.40846        0.76186        0.92524
   421.0        0.40750        0.76277        0.92551
   422.0        0.40655        0.76368        0.92577
   423.0        0.40560        0.76458        0.92604
   424.0        0.40466        0.76548        0.92630
   425.0        0.40372        0.76637        0.92656
   426.0        0.40279        0.76726        0.92682
   427.0        0.40187        0.76814        0.92708
   428.0        0.40095        0.76902        0.92734
   429.0        0.40004        0.76990        0.92759
   430.0        0.39913        0.77077        0.92785
   431.0        0.39823        0.77163        0.92810
   432.0        0.39733        0.77249        0.92835
   433.0        0.39644        0.77335        0.92860
   434.0        0.39556        0.77420        0.92885
   435.0        0.39468        0.77505        0.92910
   436.0        0.39381        0.77590        0.92934
   437.0        0.39294        0.77674        0.92959
   438.0        0.39208        0.77758        0.92983
   439.0        0.39123        0.77841        0.93007
   440.0        0.39038        0.77924        0.93031
   441.0        0.38953        0.78006        0.93055
   442.0        0.38869        0.78088        0.93079
   443.0        0.38786        0.78170        0.93102
   444.0        0.38703        0.78251        0.93126
   445.0        0.38621        0.78332        0.93149
   446.0        0.38540        0.78413        0.93172
   447.0        0.38458        0.78493        0.93196
   448.0        0.38378        0.78573        0.93219
   449.0        0.38298        0.78652        0.93241
   450.0        0.38218        0.78731        0.93264
   451.0        0.38139        0.78810        0.93287
   452.0        0.38060        0.78888        0.93309
   453.0        0.37982        0.78966        0.93332
   454.0        0.37905        0.79044        0.93354
   455.0        0.37828        0.79121        0.93376
   456.0        0.37751        0.79198        0.93398
   457.0        0.37675        0.79274        0.93420
   458.0        0.37599        0.79350        0.93442
   459.0        0.37524        0.79426        0.93464
   460.0        0.37450        0.79502        0.93485
   461.0        0.37375        0.79577        0.93507
   462.0        0.37301        0.79651        0.93528
   463.0        0.37228        0.79726        0.93549
   464.0        0.37155        0.79799        0.93570
   465.0        0.37083        0.79873        0.93591
   466.0        0.37011        0.79946        0.93612
   467.0        0.36939        0.80019        0.93633
   468.0        0.36868        0.80092        0.93654
   469.0        0.36797        0.80164        0.93674
   470.0        0.36727        0.80236        0.93695
   471.0        0.36657        0.80308        0.93715
   472.0        0.36588        0.80379        0.93736
   473.0        0.36519        0.80450        0.93756
   474.0        0.36450        0.80520        0.93776
   475.0        0.36382        0.80590        0.93796
   476.0        0.36312        0.80659        0.93815
   477.0        0.36242        0.80727        0.93834
   478.0        0.36173        0.80795        0.93854
   479.0        0.36103        0.80863        0.93873
   480.0        0.36034        0.80930        0.93891
   481.0        0.35966        0.80997        0.93910
   482.0        0.35898        0.81063        0.93929
   483.0        0.35830        0.81129        0.93948
   484.0        0.35763        0.81195        0.93966
   485.0        0.35696        0.81261        0.93985
   486.0        0.35629        0.81326        0.94003
   487.0        0.35563        0.81391        0.94021
   488.0        0.35497        0.81456        0.94039
   489.0        0.35432        0.81520        0.94057
   490.0        0.35367        0.81584        0.94075
   491.0        0.35302        0.81648        0.94093
   492.0        0.35238        0.81712        0.94111
   493.0        0.35174        0.81775        0.94129
   494.0        0.35110        0.81838        0.94147
   495.0        0.35047        0.81900        0.94164
   496.0        0.34984        0.81963        0.94182
   497.0        0.34922        0.82025        0.94199
   498.0        0.34859        0.82087        0.94216
   499.0        0.34797        0.82148        0.94233
   500.0        0.34736        0.82209        0.94251
   501.0        0.34677        0.82264        0.94268
   502.0        0.34619        0.82319        0.94285
   503.0        0.34561        0.82373        0.94302
   504.0        0.34503        0.82428        0.94318
   505.0        0.34445        0.82482        0.94335
   506.0        0.34388        0.82536        0.94352
   507.0        0.34331        0.82589        0.94368
   508.0        0.34275        0.82642        0.94385
   509.0        0.34218        0.82696        0.94401
   510.0        0.34162        0.82748        0.94418
   511.0        0.34107        0.82801        0.94434
   512.0        0.34051        0.82853        0.94450
   513.0        0.33996        0.82906        0.94466
   514.0        0.33941        0.82958        0.94482
   515.0        0.33886        0.83009        0.94498
   516.0        0.33832        0.83061        0.94514
   517.0        0.33778        0.83112        0.94530
   518.0        0.33724        0.83163        0.94546
   519.0        0.33670        0.83214        0.94561
   520.0        0.33617        0.83265        0.94577
   521.0        0.33564        0.83315        0.94592
   522.0        0.33511        0.83366        0.94608
   523.0        0.33459        0.83416        0.94623
   524.0        0.33406        0.83466        0.94639
   525.0        0.33354        0.83515        0.94654
   526.0        0.33303        0.83565        0.94669
   527.0        0.33251        0.83614        0.94684
   528.0        0.33200        0.83663        0.94699
   529.0        0.33149        0.83712        0.94714
   530.0        0.33098        0.83760        0.94729
   531.0        0.33047        0.83809        0.94744
   532.0        0.32997        0.83857        0.94758
   533.0        0.32947        0.83905        0.94773
   534.0        0.32897        0.83953        0.94788
   535.0        0.32848        0.84000        0.94802
   536.0        0.32798        0.84048        0.94817
   537.0        0.32749        0.84095        0.94831
   538.0        0.32700        0.84142        0.94846
   539.0        0.32651        0.84189        0.94860
   540.0        0.32603        0.84236        0.94874
   541.0        0.32555        0.84282        0.94888
   542.0        0.32507        0.84328        0.94902
   543.0        0.32459        0.84374        0.94917
   544.0        0.32412        0.84420        0.94931
   545.0        0.32364        0.84466        0.94944
   546.0        0.32317        0.84511        0.94958
   547.0        0.32270        0.84557        0.94972
   548.0        0.32223        0.84602        0.94986
   549.0        0.32177        0.84647        0.95000
   550.0        0.32131        0.84691        0.95013
   551.0        0.32085        0.84736        0.95027
   552.0        0.32039        0.84780        0.95040
   553.0        0.31993        0.84825        0.95054
   554.0        0.31948        0.84869        0.95067
   555.0        0.31903        0.84912        0.95080
   556.0        0.31858        0.84956        0.95094
   557.0        0.31813        0.85000        0.95107
   558.0        0.31768        0.85043        0.95120
   559.0        0.31724        0.85086        0.95133
   560.0        0.31680        0.85129        0.95146
   561.0        0.31635        0.85172        0.95159
   562.0        0.31592        0.85214        0.95172
   563.0        0.31548        0.85257        0.95185
   564.0        0.31505        0.85299        0.95198
   565.0        0.31461        0.85341        0.95210
   566.0        0.31418        0.85383        0.95223
   567.0        0.31375        0.85425        0.95236
   568.0        0.31332        0.85466        0.95248
   569.0        0.31290        0.85508        0.95261
   570.0        0.31247        0.85549        0.95273
   571.0        0.31205        0.85590        0.95286
   572.0        0.31163        0.85631        0.95298
   573.0        0.31121        0.85671        0.95310
   574.0        0.31079        0.85712        0.95323
   575.0        0.31037        0.85752        0.95335
   576.0        0.30996        0.85792        0.95347
   577.0        0.30955        0.85832        0.95359
   578.0        0.30913        0.85872        0.95371
   579.0        0.30872        0.85912        0.95383
   580.0        0.30832        0.85952        0.95395
   581.0        0.30791        0.85991        0.95407
   582.0        0.30751        0.86030        0.95419
   583.0        0.30710        0.86069        0.95431
   584.0        0.30670        0.86108        0.95442
   585.0        0.30630        0.86147        0.95454
   586.0        0.30591        0.86186        0.95466
   587.0        0.30551        0.86224        0.95477
   588.0        0.30512        0.86262        0.95489
   589.0        0.30473        0.86300        0.95500
   590.0        0.30433        0.86339        0.95512
   591.0        0.30394        0.86376        0.95523
   592.0        0.30356        0.86414        0.95534
   593.0        0.30317        0.86452        0.95546
   594.0        0.30279        0.86489        0.95557
   595.0        0.30240        0.86526        0.95568
   596.0        0.30202        0.86563        0.95579
   597.0        0.30164        0.86600        0.95590
   598.0        0.30126        0.86637        0.95601
   599.0        0.30089        0.86674        0.95613
   600.0        0.30051        0.86711        0.95624
   601.0        0.30014        0.86747        0.95634
   602.0        0.29977        0.86783        0.95645
   603.0        0.29940        0.86819        0.95656
   604.0        0.29903        0.86855        0.95667
   605.0        0.29866        0.86891        0.95678
   606.0        0.29829        0.86926        0.95688
   607.0        0.29793        0.86962        0.95699
   608.0        0.29757        0.86997        0.95710
   609.0        0.29721        0.87032        0.95720
   610.0        0.29684        0.87067        0.95731
   611.0        0.29649        0.87102        0.95741
   612.0        0.29613        0.87137        0.95752
   613.0        0.29577        0.87172        0.95762
   614.0        0.29542        0.87206        0.95773
   615.0        0.29506        0.87241        0.95783
   616.0        0.29471        0.87275        0.95793
   617.0        0.29436        0.87309        0.95804
   618.0        0.29401        0.87343        0.95814
   619.0        0.29367        0.87377        0.95824
   620.0        0.29332        0.87411        0.95834
   621.0        0.29297        0.87445        0.95844
   622.0        0.29263        0.87478        0.95854
   623.0        0.29229        0.87511        0.95864
   624.0        0.29195        0.87545        0.95874
   625.0        0.29161        0.87578        0.95884
   626.0        0.29127        0.87611        0.95894
   627.0        0.29093        0.87644        0.95904
   628.0        0.29060        0.87676        0.95914
   629.0        0.29026        0.87709        0.95924
   630.0        0.28993        0.87742        0.95933
   631.0        0.28960        0.87774        0.95943
   632.0        0.28926        0.87806        0.95953
   633.0        0.28893        0.87838        0.95962
   634.0        0.28861        0.87870        0.95972
   635.0        0.28828        0.87902        0.95981
   636.0        0.28795        0.87934        0.95991
   637.0        0.28763        0.87966        0.96001
   638.0        0.28730        0.87997        0.96010
   639.0        0.28698        0.88028        0.96019
   640.0        0.28666        0.88060        0.96029
   641.0        0.28634        0.88091        0.96038
   642.0        0.28602        0.88122        0.96047
   643.0        0.28570        0.88153        0.96057
   644.0        0.28539        0.88184        0.96066
   645.0        0.28507        0.88215        0.96075
   646.0        0.28476        0.88245        0.96084
   647.0        0.28444        0.88276        0.96093
   648.0        0.28413        0.88306        0.96103
   649.0        0.28382        0.88336        0.96112
   650.0        0.28351        0.88366        0.96121
   651.0        0.28320        0.88396        0.96130
   652.0        0.28290        0.88426        0.96139
   653.0        0.28259        0.88456        0.96148
   654.0        0.28229        0.88486        0.96156
   655.0        0.28198        0.88515        0.96165
   656.0        0.28168        0.88545        0.96174
   657.0        0.28138        0.88574        0.96183
   658.0        0.28108        0.88603        0.96192
   659.0        0.28078        0.88632        0.96200
   660.0        0.28048        0.88661        0.96209
   661.0        0.28018        0.88690        0.96218
   662.0        0.27988        0.88719        0.96226
   663.0        0.27959        0.88748        0.96235
   664.0        0.27929        0.88776        0.96244
   665.0        0.27900        0.88804        0.96252
   666.0        0.27871        0.88832        0.96261
   667.0        0.27842        0.88860        0.96269
   668.0        0.27813        0.88888        0.96278
   669.0        0.27784        0.88916        0.96286
   670.0        0.27755        0.88944        0.96295
   671.0        0.27727        0.88971        0.96303
   672.0        0.27698        0.88999        0.96311
   673.0        0.27670        0.89026        0.96320
   674.0        0.27641        0.89053        0.96328
   675.0        0.27613        0.89081        0.96336
   676.0        0.27585        0.89108        0.96344
   677.0        0.27557        0.89135        0.96353
   678.0        0.27529        0.89162        0.96361
   679.0        0.27501        0.89188        0.96369
   680.0        0.27473        0.89215        0.96377
   681.0        0.27445        0.89242        0.96385
   682.0        0.27418        0.89268        0.96393
   683.0        0.27390        0.89295        0.96401
   684.0        0.27363        0.89321        0.96409
   685.0        0.27336        0.89347        0.96417
   686.0        0.27308        0.89373        0.96425
   687.0        0.27281        0.89400        0.96433
   688.0        0.27254        0.89425        0.96441
   689.0        0.27227        0.89451        0.96449
   690.0        0.27200        0.89477        0.96456
   691.0        0.27173        0.89503        0.96464
   692.0        0.27147        0.89528        0.96472
   693.0        0.27120        0.89554        0.96480
   694.0        0.27094        0.89579        0.96487
   695.0        0.27067        0.89605        0.96495
   696.0        0.27041        0.89630        0.96503
   697.0        0.27015        0.89655        0.96510
   698.0        0.26988        0.89680        0.96518
   699.0        0.26962        0.89705        0.96526
   700.0        0.26936        0.89730        0.96533
   701.0        0.26910        0.89755        0.96541
   702.0        0.26885        0.89780        0.96548
   703.0        0.26859        0.89804        0.96556
   704.0        0.26833        0.89829        0.96563
   705.0        0.26807        0.89853        0.96570
   706.0        0.26782        0.89878        0.96578
   707.0        0.26756        0.89902        0.96585
   708.0        0.26731        0.89926        0.96592
   709.0        0.26706        0.89949        0.96600
   710.0        0.26682        0.89970        0.96607
   711.0        0.26658        0.89992        0.96614
   712.0        0.26633        0.90013        0.96622
   713.0        0.26609        0.90034        0.96629
   714.0        0.26585        0.90055        0.96636
   715.0        0.26561        0.90076        0.96643
   716.0        0.26537        0.90097        0.96650
   717.0        0.26513        0.90118        0.96657
   718.0        0.26489        0.90139        0.96664
   719.0        0.26466        0.90160        0.96671
   720.0        0.26442        0.90180        0.96678
   721.0        0.26418        0.90201        0.96685
   722.0        0.26395        0.90222        0.96692
   723.0        0.26371        0.90242        0.96699
   724.0        0.26348        0.90263        0.96706
   725.0        0.26325        0.90283        0.96713
   726.0        0.26301        0.90303        0.96720
   727.0        0.26278        0.90324        0.96727
   728.0        0.26255        0.90344        0.96734
   729.0        0.26232        0.90364        0.96741
   730.0        0.26209        0.90384        0.96747
   731.0        0.26186        0.90404        0.96754
   732.0        0.26163        0.90424        0.96761
   733.0        0.26140        0.90444        0.96768
   734.0        0.26118        0.90464        0.96774
   735.0        0.26095        0.90483        0.96781
   736.0        0.26072        0.90503        0.96788
   737.0        0.26050        0.90523        0.96794
   738.0        0.26027        0.90542        0.96801
   739.0        0.26005        0.90562        0.96808
   740.0        0.25983        0.90581        0.96814
   741.0        0.25960        0.90600        0.96821
   742.0        0.25938        0.90620        0.96827
   743.0        0.25916        0.90639        0.96834
   744.0        0.25894        0.90658        0.96840
   745.0        0.25872        0.90677        0.96847
   746.0        0.25850        0.90696        0.96853
   747.0        0.25828        0.90715        0.96859
   748.0        0.25806        0.90734        0.96866
   749.0        0.25785        0.90753        0.96872
   750.0        0.25763        0.90772        0.96879
   751.0        0.25741        0.90791        0.96885
   752.0        0.25720        0.90810        0.96891
   753.0        0.25698        0.90828        0.96898
   754.0        0.25677        0.90847        0.96904
   755.0        0.25655        0.90865        0.96910
   756.0        0.25634        0.90884        0.96916
   757.0        0.25612        0.90902        0.96922
   758.0        0.25591        0.90921        0.96929
   759.0        0.25569        0.90939        0.96935
   760.0        0.25548        0.90957        0.96941
   761.0        0.25527        0.90975        0.96947
   762.0        0.25506        0.90993        0.96953
   763.0        0.25485        0.91011        0.96959
   764.0        0.25464        0.91029        0.96965
   765.0        0.25443        0.91047        0.96971
   766.0        0.25422        0.91065        0.96977
   767.0        0.25401        0.91083        0.96983
   768.0        0.25380        0.91101        0.96989
   769.0        0.25359        0.91118        0.96995
   770.0        0.25339        0.91136        0.97001
   771.0        0.25318        0.91154        0.97007
   772.0        0.25297        0.91171        0.97013
   773.0        0.25277        0.91189        0.97019
   774.0        0.25257        0.91206        0.97025
   775.0        0.25236        0.91224        0.97030
   776.0        0.25216        0.91241        0.97036
   777.0        0.25196        0.91258        0.97042
   778.0        0.25175        0.91275        0.97048
   779.0        0.25155        0.91293        0.97054
   780.0        0.25135        0.91310        0.97059
   781.0        0.25114        0.91327        0.97065
   782.0        0.25093        0.91343        0.97071
   783.0        0.25072        0.91360        0.97076
   784.0        0.25051        0.91377        0.97082
   785.0        0.25030        0.91393        0.97087
   786.0        0.25010        0.91410        0.97093
   787.0        0.24989        0.91426        0.97098
   788.0        0.24968        0.91442        0.97104
   789.0        0.24947        0.91459        0.97109
   790.0        0.24927        0.91475        0.97115
   791.0        0.24906        0.91491        0.97120
   792.0        0.24886        0.91507        0.97125
   793.0        0.24865        0.91524        0.97131
   794.0        0.24845        0.91540        0.97136
   795.0        0.24825        0.91556        0.97142
   796.0        0.24804        0.91572        0.97147
   797.0        0.24784        0.91588        0.97152
   798.0        0.24764        0.91604        0.97157
   799.0        0.24744        0.91619        0.97163
   800.0        0.24724        0.91635        0.97168
   801.0        0.24704        0.91651        0.97173
   802.0        0.24684        0.91667        0.97179
   803.0        0.24664        0.91682        0.97184
   804.0        0.24644        0.91698        0.97189
   805.0        0.24624        0.91713        0.97194
   806.0        0.24604        0.91729        0.97199
   807.0        0.24585        0.91744        0.97205
   808.0        0.24565        0.91760        0.97210
   809.0        0.24545        0.91775        0.97215
   810.0        0.24526        0.91791        0.97220
   811.0        0.24506        0.91806        0.97225
   812.0        0.24487        0.91821        0.97230
   813.0        0.24467        0.91836        0.97235
   814.0        0.24448        0.91851        0.97240
   815.0        0.24429        0.91866        0.97245
   816.0        0.24409        0.91881        0.97250
   817.0        0.24390        0.91897        0.97255
   818.0        0.24371        0.91911        0.97260
   819.0        0.24352        0.91926        0.97265
   820.0        0.24333        0.91941        0.97270
   821.0        0.24314        0.91956        0.97275
   822.0        0.24295        0.91971        0.97280
   823.0        0.24276        0.91986        0.97285
   824.0        0.24257        0.92000        0.97290
   825.0        0.24238        0.92015        0.97295
   826.0        0.24220        0.92030        0.97300
   827.0        0.24201        0.92044        0.97305
   828.0        0.24182        0.92059        0.97309
   829.0        0.24163        0.92073        0.97314
   830.0        0.24145        0.92088        0.97319
   831.0        0.24126        0.92102        0.97324
   832.0        0.24108        0.92117        0.97329
   833.0        0.24089        0.92131        0.97334
   834.0        0.24071        0.92145        0.97338
   835.0        0.24052        0.92160        0.97343
   836.0        0.24034        0.92174        0.97348
   837.0        0.24016        0.92188        0.97352
   838.0        0.23998        0.92202        0.97357
   839.0        0.23979        0.92216        0.97362
   840.0        0.23961        0.92230        0.97367
   841.0        0.23943        0.92244        0.97371
   842.0        0.23925        0.92258        0.97376
   843.0        0.23907        0.92272        0.97381
   844.0        0.23889        0.92286        0.97385
   845.0        0.23871        0.92300        0.97390
   846.0        0.23853        0.92314        0.97394
   847.0        0.23835        0.92328        0.97399
   848.0        0.23818        0.92342        0.97404
   849.0        0.23800        0.92355        0.97408
   850.0        0.23782        0.92369        0.97413
   851.0        0.23764        0.92383        0.97417
   852.0        0.23747        0.92396        0.97422
   853.0        0.23729        0.92410        0.97426
   854.0        0.23711        0.92423        0.97431
   855.0        0.23694        0.92437        0.97435
   856.0        0.23676        0.92450        0.97440
   857.0        0.23659        0.92464        0.97444
   858.0        0.23642        0.92477        0.97449
   859.0        0.23624        0.92490        0.97453
   860.0        0.23607        0.92503        0.97457
   861.0        0.23590        0.92517        0.97462
   862.0        0.23573        0.92530        0.97466
   863.0        0.23555        0.92543        0.97471
   864.0        0.23538        0.92556        0.97475
   865.0        0.23521        0.92569        0.97479
   866.0        0.23504        0.92582        0.97484
   867.0        0.23487        0.92596        0.97488
   868.0        0.23470        0.92609        0.97492
   869.0        0.23453        0.92622        0.97497
   870.0        0.23436        0.92635        0.97501
   871.0        0.23419        0.92647        0.97505
   872.0        0.23402        0.92660        0.97510
   873.0        0.23386        0.92673        0.97514
   874.0        0.23369        0.92686        0.97518
   875.0        0.23352        0.92699        0.97522
   876.0        0.23335        0.92711        0.97526
   877.0        0.23319        0.92724        0.97531
   878.0        0.23302        0.92737        0.97535
   879.0        0.23286        0.92749        0.97539
   880.0        0.23269        0.92762        0.97543
   881.0        0.23252        0.92775        0.97547
   882.0        0.23236        0.92787        0.97552
   883.0        0.23220        0.92800        0.97556
   884.0        0.23203        0.92812        0.97560
   885.0        0.23187        0.92824        0.97564
   886.0        0.23171        0.92837        0.97568
   887.0        0.23154        0.92849        0.97572
   888.0        0.23138        0.92861        0.97576
   889.0        0.23122        0.92874        0.97580
   890.0        0.23106        0.92886        0.97584
   891.0        0.23090        0.92898        0.97588
   892.0        0.23074        0.92910        0.97592
   893.0        0.23057        0.92922        0.97597
   894.0        0.23041        0.92935        0.97601
   895.0        0.23025        0.92947        0.97605
   896.0        0.23010        0.92959        0.97609
   897.0        0.22994        0.92971        0.97613
   898.0        0.22978        0.92983        0.97616
   899.0        0.22962        0.92994        0.97620
   900.0        0.22946        0.93006        0.97624
   901.0        0.22930        0.93018        0.97628
   902.0        0.22915        0.93030        0.97632
   903.0        0.22899        0.93042        0.97636
   904.0        0.22883        0.93053        0.97640
   905.0        0.22868        0.93065        0.97644
   906.0        0.22852        0.93077        0.97648
   907.0        0.22837        0.93088        0.97652
   908.0        0.22821        0.93100        0.97656
   909.0        0.22806        0.93112        0.97660
   910.0        0.22790        0.93123        0.97663
   911.0        0.22775        0.93135        0.97667
   912.0        0.22759        0.93146        0.97671
   913.0        0.22744        0.93158        0.97675
   914.0        0.22729        0.93169        0.97679
   915.0        0.22713        0.93180        0.97683
   916.0        0.22698        0.93192        0.97687
   917.0        0.22683        0.93203        0.97690
   918.0        0.22668        0.93214        0.97694
   919.0        0.22653        0.93226        0.97698
   920.0        0.22638        0.93237        0.97702
   921.0        0.22622        0.93248        0.97705
   922.0        0.22607        0.93259        0.97709
   923.0        0.22592        0.93270        0.97713
   924.0        0.22577        0.93282        0.97717
   925.0        0.22562        0.93293        0.97720
   926.0        0.22547        0.93304        0.97724
   927.0        0.22533        0.93315        0.97728
   928.0        0.22518        0.93326        0.97732
   929.0        0.22503        0.93337        0.97735
   930.0        0.22488        0.93348        0.97739
   931.0        0.22473        0.93359        0.97743
   932.0        0.22458        0.93369        0.97746
   933.0        0.22444        0.93380        0.97750
   934.0        0.22429        0.93391        0.97754
   935.0        0.22415        0.93402        0.97757
   936.0        0.22400        0.93413        0.97761
   937.0        0.22385        0.93424        0.97764
   938.0        0.22371        0.93434        0.97768
   939.0        0.22356        0.93445        0.97772
   940.0        0.22342        0.93456        0.97775
   941.0        0.22327        0.93466        0.97779
   942.0        0.22313        0.93477        0.97782
   943.0        0.22298        0.93488        0.97786
   944.0        0.22284        0.93498        0.97789
   945.0        0.22270        0.93509        0.97793
   946.0        0.22255        0.93519        0.97796
   947.0        0.22241        0.93530        0.97800
   948.0        0.22227        0.93540        0.97803
   949.0        0.22213        0.93551        0.97807
   950.0        0.22198        0.93561        0.97810
   951.0        0.22184        0.93571        0.97814
   952.0        0.22170        0.93582        0.97817
   953.0        0.22156        0.93592        0.97821
   954.0        0.22142        0.93602        0.97824
   955.0        0.22128        0.93613        0.97828
   956.0        0.22114        0.93623        0.97831
   957.0        0.22100        0.93633        0.97835
   958.0        0.22086        0.93643        0.97838
   959.0        0.22072        0.93654        0.97841
   960.0        0.22058        0.93664        0.97845
   961.0        0.22044        0.93674        0.97848
   962.0        0.22030        0.93684        0.97852
   963.0        0.22016        0.93694        0.97855
   964.0        0.22003        0.93704        0.97858
   965.0        0.21989        0.93714        0.97862
   966.0        0.21975        0.93724        0.97865
   967.0        0.21961        0.93734        0.97868
   968.0        0.21948        0.93744        0.97872
   969.0        0.21934        0.93754        0.97875
   970.0        0.21920        0.93764        0.97878
   971.0        0.21907        0.93774        0.97882
   972.0        0.21893        0.93784        0.97885
   973.0        0.21880        0.93794        0.97888
   974.0        0.21866        0.93803        0.97892
   975.0        0.21853        0.93813        0.97895
   976.0        0.21839        0.93823        0.97898
   977.0        0.21826        0.93833        0.97901
   978.0        0.21812        0.93842        0.97905
   979.0        0.21799        0.93852        0.97908
   980.0        0.21785        0.93862        0.97911
   981.0        0.21772        0.93871        0.97914
   982.0        0.21759        0.93881        0.97917
   983.0        0.21746        0.93891        0.97921
   984.0        0.21732        0.93900        0.97924
   985.0        0.21719        0.93910        0.97927
   986.0        0.21706        0.93919        0.97930
   987.0        0.21693        0.93929        0.97933
   988.0        0.21680        0.93938        0.97936
   989.0        0.21666        0.93948        0.97940
   990.0        0.21653        0.93957        0.97943
   991.0        0.21640        0.93966        0.97946
   992.0        0.21627        0.93976        0.97949
   993.0        0.21614        0.93985        0.97952
   994.0        0.21601        0.93994        0.97955
   995.0        0.21588        0.94004        0.97958
   996.0        0.21575        0.94013        0.97961
   997.0        0.21562        0.94022        0.97964
   998.0        0.21549        0.94032        0.97967
   999.0        0.21537        0.94041        0.97971
  1000.0        0.21524        0.94050        0.97974
