 polyethyleneNEMA    
 Density =   0.9600000      Aeff =    9.274544      Zeff =    5.285709    
     1.0     1809.37402        0.00061        0.01567
     2.0      249.04480        0.00335        0.06237
     3.0       73.84467        0.00871        0.13091
     4.0       31.05485        0.01674        0.20704
     5.0       15.65213        0.02826        0.28054
     6.0        8.99789        0.04352        0.34609
     7.0        5.67514        0.06297        0.40411
     8.0        3.81185        0.08714        0.45304
     9.0        2.69472        0.11642        0.49659
    10.0        1.99503        0.15003        0.53487
    11.0        1.53500        0.18736        0.56883
    12.0        1.22001        0.22747        0.59896
    13.0        0.99747        0.26989        0.62666
    14.0        0.83579        0.31370        0.65232
    15.0        0.71557        0.35815        0.67602
    16.0        0.62267        0.40351        0.69791
    17.0        0.55121        0.44805        0.71815
    18.0        0.49519        0.49095        0.73667
    19.0        0.44999        0.53112        0.75290
    20.0        0.41357        0.56907        0.76792
    21.0        0.38389        0.60461        0.78191
    22.0        0.35952        0.63773        0.79474
    23.0        0.33926        0.66833        0.80671
    24.0        0.32232        0.69653        0.81773
    25.0        0.30769        0.72206        0.82770
    26.0        0.29513        0.74531        0.83683
    27.0        0.28434        0.76652        0.84535
    28.0        0.27501        0.78582        0.85326
    29.0        0.26684        0.80334        0.86055
    30.0        0.25970        0.81926        0.86738
    31.0        0.25338        0.83392        0.87372
    32.0        0.24762        0.84711        0.87954
    33.0        0.24234        0.85900        0.88488
    34.0        0.23762        0.86981        0.88990
    35.0        0.23339        0.87965        0.89460
    36.0        0.22957        0.88860        0.89904
    37.0        0.22613        0.89677        0.90319
    38.0        0.22300        0.90422        0.90710
    39.0        0.22015        0.91102        0.91079
    40.0        0.21755        0.91724        0.91426
    41.0        0.21517        0.92293        0.91756
    42.0        0.21298        0.92814        0.92066
    43.0        0.21097        0.93292        0.92359
    44.0        0.20910        0.93731        0.92637
    45.0        0.20734        0.94134        0.92899
    46.0        0.20570        0.94505        0.93148
    47.0        0.20417        0.94846        0.93384
    48.0        0.20264        0.95159        0.93604
    49.0        0.20109        0.95445        0.93810
    50.0        0.19962        0.95710        0.94007
    51.0        0.19823        0.95956        0.94194
    52.0        0.19693        0.96184        0.94372
    53.0        0.19568        0.96396        0.94543
    54.0        0.19451        0.96593        0.94706
    55.0        0.19339        0.96776        0.94862
    56.0        0.19232        0.96947        0.95011
    57.0        0.19130        0.97107        0.95154
    58.0        0.19033        0.97256        0.95291
    59.0        0.18937        0.97395        0.95421
    60.0        0.18846        0.97524        0.95547
    61.0        0.18759        0.97646        0.95667
    62.0        0.18675        0.97760        0.95782
    63.0        0.18594        0.97867        0.95893
    64.0        0.18516        0.97968        0.96000
    65.0        0.18441        0.98062        0.96102
    66.0        0.18369        0.98151        0.96201
    67.0        0.18300        0.98234        0.96295
    68.0        0.18233        0.98313        0.96387
    69.0        0.18167        0.98387        0.96475
    70.0        0.18092        0.98456        0.96557
    71.0        0.18019        0.98522        0.96637
    72.0        0.17948        0.98583        0.96714
    73.0        0.17879        0.98642        0.96788
    74.0        0.17812        0.98697        0.96860
    75.0        0.17746        0.98749        0.96929
    76.0        0.17683        0.98799        0.96996
    77.0        0.17619        0.98846        0.97061
    78.0        0.17557        0.98891        0.97123
    79.0        0.17496        0.98933        0.97184
    80.0        0.17437        0.98973        0.97242
    81.0        0.17379        0.99012        0.97299
    82.0        0.17322        0.99048        0.97354
    83.0        0.17267        0.99083        0.97407
    84.0        0.17213        0.99116        0.97459
    85.0        0.17160        0.99147        0.97509
    86.0        0.17108        0.99178        0.97557
    87.0        0.17058        0.99206        0.97604
    88.0        0.17008        0.99234        0.97650
    89.0        0.16959        0.99260        0.97695
    90.0        0.16912        0.99285        0.97738
    91.0        0.16865        0.99309        0.97780
    92.0        0.16819        0.99332        0.97821
    93.0        0.16774        0.99354        0.97861
    94.0        0.16730        0.99375        0.97899
    95.0        0.16687        0.99395        0.97937
    96.0        0.16644        0.99414        0.97973
    97.0        0.16603        0.99432        0.98009
    98.0        0.16562        0.99450        0.98043
    99.0        0.16521        0.99467        0.98077
   100.0        0.16482        0.99483        0.98110
   101.0        0.16435        0.99499        0.98141
   102.0        0.16388        0.99514        0.98171
   103.0        0.16343        0.99528        0.98201
   104.0        0.16298        0.99541        0.98230
   105.0        0.16254        0.99555        0.98258
   106.0        0.16210        0.99567        0.98285
   107.0        0.16167        0.99579        0.98312
   108.0        0.16125        0.99591        0.98338
   109.0        0.16084        0.99603        0.98363
   110.0        0.16043        0.99613        0.98388
   111.0        0.16002        0.99624        0.98413
   112.0        0.15962        0.99634        0.98436
   113.0        0.15923        0.99644        0.98460
   114.0        0.15884        0.99653        0.98482
   115.0        0.15846        0.99663        0.98504
   116.0        0.15808        0.99671        0.98526
   117.0        0.15771        0.99680        0.98547
   118.0        0.15734        0.99688        0.98568
   119.0        0.15698        0.99696        0.98588
   120.0        0.15662        0.99704        0.98608
   121.0        0.15627        0.99711        0.98627
   122.0        0.15592        0.99718        0.98646
   123.0        0.15557        0.99725        0.98665
   124.0        0.15523        0.99732        0.98683
   125.0        0.15490        0.99738        0.98701
   126.0        0.15456        0.99744        0.98718
   127.0        0.15423        0.99750        0.98735
   128.0        0.15391        0.99756        0.98752
   129.0        0.15359        0.99762        0.98769
   130.0        0.15327        0.99767        0.98785
   131.0        0.15296        0.99772        0.98800
   132.0        0.15265        0.99778        0.98816
   133.0        0.15234        0.99783        0.98831
   134.0        0.15201        0.99787        0.98845
   135.0        0.15166        0.99792        0.98860
   136.0        0.15132        0.99796        0.98873
   137.0        0.15099        0.99801        0.98887
   138.0        0.15065        0.99805        0.98901
   139.0        0.15032        0.99809        0.98914
   140.0        0.15000        0.99813        0.98927
   141.0        0.14967        0.99817        0.98939
   142.0        0.14935        0.99821        0.98952
   143.0        0.14904        0.99825        0.98964
   144.0        0.14872        0.99828        0.98976
   145.0        0.14841        0.99832        0.98988
   146.0        0.14811        0.99835        0.98999
   147.0        0.14780        0.99838        0.99011
   148.0        0.14750        0.99842        0.99022
   149.0        0.14720        0.99845        0.99033
   150.0        0.14691        0.99848        0.99044
   151.0        0.14662        0.99851        0.99054
   152.0        0.14633        0.99854        0.99064
   153.0        0.14604        0.99856        0.99075
   154.0        0.14575        0.99859        0.99085
   155.0        0.14547        0.99862        0.99095
   156.0        0.14519        0.99864        0.99104
   157.0        0.14492        0.99867        0.99114
   158.0        0.14464        0.99869        0.99123
   159.0        0.14437        0.99872        0.99132
   160.0        0.14410        0.99874        0.99142
   161.0        0.14384        0.99877        0.99150
   162.0        0.14357        0.99879        0.99159
   163.0        0.14331        0.99881        0.99168
   164.0        0.14305        0.99883        0.99176
   165.0        0.14279        0.99885        0.99185
   166.0        0.14254        0.99887        0.99193
   167.0        0.14228        0.99889        0.99201
   168.0        0.14203        0.99891        0.99209
   169.0        0.14178        0.99893        0.99217
   170.0        0.14153        0.99895        0.99225
   171.0        0.14129        0.99897        0.99232
   172.0        0.14103        0.99899        0.99240
   173.0        0.14075        0.99900        0.99247
   174.0        0.14047        0.99902        0.99254
   175.0        0.14020        0.99904        0.99261
   176.0        0.13993        0.99905        0.99268
   177.0        0.13966        0.99907        0.99275
   178.0        0.13939        0.99908        0.99281
   179.0        0.13913        0.99910        0.99288
   180.0        0.13887        0.99911        0.99294
   181.0        0.13860        0.99913        0.99301
   182.0        0.13835        0.99914        0.99307
   183.0        0.13809        0.99915        0.99313
   184.0        0.13783        0.99917        0.99319
   185.0        0.13758        0.99918        0.99325
   186.0        0.13733        0.99919        0.99331
   187.0        0.13708        0.99921        0.99337
   188.0        0.13683        0.99922        0.99343
   189.0        0.13659        0.99923        0.99349
   190.0        0.13635        0.99924        0.99354
   191.0        0.13610        0.99925        0.99360
   192.0        0.13586        0.99926        0.99365
   193.0        0.13563        0.99928        0.99371
   194.0        0.13539        0.99929        0.99376
   195.0        0.13515        0.99930        0.99381
   196.0        0.13492        0.99931        0.99387
   197.0        0.13469        0.99932        0.99392
   198.0        0.13446        0.99933        0.99397
   199.0        0.13423        0.99934        0.99402
   200.0        0.13401        0.99935        0.99407
   201.0        0.13378        0.99936        0.99411
   202.0        0.13356        0.99937        0.99416
   203.0        0.13334        0.99937        0.99421
   204.0        0.13312        0.99938        0.99426
   205.0        0.13290        0.99939        0.99430
   206.0        0.13268        0.99940        0.99435
   207.0        0.13246        0.99941        0.99439
   208.0        0.13225        0.99942        0.99444
   209.0        0.13204        0.99942        0.99448
   210.0        0.13182        0.99943        0.99452
   211.0        0.13161        0.99944        0.99457
   212.0        0.13141        0.99945        0.99461
   213.0        0.13120        0.99945        0.99465
   214.0        0.13099        0.99946        0.99469
   215.0        0.13079        0.99947        0.99473
   216.0        0.13058        0.99947        0.99477
   217.0        0.13038        0.99948        0.99481
   218.0        0.13018        0.99949        0.99485
   219.0        0.12998        0.99949        0.99489
   220.0        0.12978        0.99950        0.99493
   221.0        0.12959        0.99951        0.99497
   222.0        0.12939        0.99951        0.99500
   223.0        0.12920        0.99952        0.99504
   224.0        0.12900        0.99952        0.99508
   225.0        0.12881        0.99953        0.99511
   226.0        0.12862        0.99954        0.99515
   227.0        0.12843        0.99954        0.99519
   228.0        0.12824        0.99955        0.99522
   229.0        0.12805        0.99955        0.99525
   230.0        0.12787        0.99956        0.99529
   231.0        0.12768        0.99956        0.99532
   232.0        0.12750        0.99957        0.99536
   233.0        0.12732        0.99957        0.99539
   234.0        0.12713        0.99958        0.99542
   235.0        0.12695        0.99958        0.99545
   236.0        0.12677        0.99959        0.99549
   237.0        0.12659        0.99959        0.99552
   238.0        0.12642        0.99960        0.99555
   239.0        0.12624        0.99960        0.99558
   240.0        0.12606        0.99961        0.99561
   241.0        0.12589        0.99961        0.99564
   242.0        0.12572        0.99962        0.99567
   243.0        0.12554        0.99962        0.99570
   244.0        0.12537        0.99963        0.99573
   245.0        0.12520        0.99963        0.99576
   246.0        0.12503        0.99963        0.99578
   247.0        0.12486        0.99964        0.99581
   248.0        0.12469        0.99964        0.99584
   249.0        0.12453        0.99965        0.99587
   250.0        0.12436        0.99965        0.99590
   251.0        0.12420        0.99965        0.99592
   252.0        0.12403        0.99966        0.99595
   253.0        0.12387        0.99966        0.99598
   254.0        0.12371        0.99967        0.99600
   255.0        0.12354        0.99967        0.99603
   256.0        0.12338        0.99967        0.99605
   257.0        0.12322        0.99968        0.99608
   258.0        0.12306        0.99968        0.99610
   259.0        0.12291        0.99968        0.99613
   260.0        0.12275        0.99969        0.99615
   261.0        0.12259        0.99969        0.99618
   262.0        0.12244        0.99969        0.99620
   263.0        0.12228        0.99970        0.99623
   264.0        0.12213        0.99970        0.99625
   265.0        0.12197        0.99970        0.99627
   266.0        0.12182        0.99971        0.99630
   267.0        0.12166        0.99971        0.99632
   268.0        0.12149        0.99971        0.99634
   269.0        0.12131        0.99972        0.99636
   270.0        0.12114        0.99972        0.99639
   271.0        0.12097        0.99972        0.99641
   272.0        0.12080        0.99972        0.99643
   273.0        0.12063        0.99973        0.99645
   274.0        0.12046        0.99973        0.99647
   275.0        0.12029        0.99973        0.99649
   276.0        0.12012        0.99973        0.99651
   277.0        0.11996        0.99974        0.99653
   278.0        0.11979        0.99974        0.99655
   279.0        0.11963        0.99974        0.99657
   280.0        0.11946        0.99975        0.99659
   281.0        0.11930        0.99975        0.99661
   282.0        0.11914        0.99975        0.99663
   283.0        0.11897        0.99975        0.99665
   284.0        0.11881        0.99975        0.99667
   285.0        0.11865        0.99976        0.99669
   286.0        0.11849        0.99976        0.99670
   287.0        0.11834        0.99976        0.99672
   288.0        0.11818        0.99976        0.99674
   289.0        0.11802        0.99977        0.99676
   290.0        0.11787        0.99977        0.99678
   291.0        0.11771        0.99977        0.99680
   292.0        0.11756        0.99977        0.99681
   293.0        0.11740        0.99978        0.99683
   294.0        0.11725        0.99978        0.99685
   295.0        0.11710        0.99978        0.99686
   296.0        0.11695        0.99978        0.99688
   297.0        0.11679        0.99978        0.99690
   298.0        0.11664        0.99979        0.99692
   299.0        0.11649        0.99979        0.99693
   300.0        0.11635        0.99979        0.99695
   301.0        0.11620        0.99979        0.99696
   302.0        0.11605        0.99979        0.99698
   303.0        0.11590        0.99979        0.99700
   304.0        0.11576        0.99980        0.99701
   305.0        0.11561        0.99980        0.99703
   306.0        0.11547        0.99980        0.99704
   307.0        0.11532        0.99980        0.99706
   308.0        0.11518        0.99980        0.99708
   309.0        0.11504        0.99980        0.99709
   310.0        0.11490        0.99981        0.99711
   311.0        0.11475        0.99981        0.99712
   312.0        0.11461        0.99981        0.99714
   313.0        0.11447        0.99981        0.99715
   314.0        0.11433        0.99981        0.99716
   315.0        0.11420        0.99981        0.99718
   316.0        0.11406        0.99982        0.99719
   317.0        0.11392        0.99982        0.99721
   318.0        0.11378        0.99982        0.99722
   319.0        0.11365        0.99982        0.99724
   320.0        0.11351        0.99982        0.99725
   321.0        0.11338        0.99982        0.99726
   322.0        0.11324        0.99982        0.99728
   323.0        0.11311        0.99983        0.99729
   324.0        0.11297        0.99983        0.99730
   325.0        0.11284        0.99983        0.99732
   326.0        0.11271        0.99983        0.99733
   327.0        0.11258        0.99983        0.99734
   328.0        0.11245        0.99983        0.99736
   329.0        0.11231        0.99983        0.99737
   330.0        0.11218        0.99984        0.99738
   331.0        0.11205        0.99984        0.99740
   332.0        0.11193        0.99984        0.99741
   333.0        0.11180        0.99984        0.99742
   334.0        0.11167        0.99984        0.99743
   335.0        0.11154        0.99984        0.99745
   336.0        0.11142        0.99984        0.99746
   337.0        0.11129        0.99984        0.99747
   338.0        0.11116        0.99985        0.99748
   339.0        0.11104        0.99985        0.99749
   340.0        0.11091        0.99985        0.99751
   341.0        0.11079        0.99985        0.99752
   342.0        0.11067        0.99985        0.99753
   343.0        0.11054        0.99985        0.99754
   344.0        0.11042        0.99985        0.99755
   345.0        0.11030        0.99985        0.99756
   346.0        0.11018        0.99985        0.99758
   347.0        0.11005        0.99986        0.99759
   348.0        0.10993        0.99986        0.99760
   349.0        0.10981        0.99986        0.99761
   350.0        0.10969        0.99986        0.99762
   351.0        0.10957        0.99986        0.99763
   352.0        0.10946        0.99986        0.99764
   353.0        0.10934        0.99986        0.99765
   354.0        0.10922        0.99986        0.99766
   355.0        0.10910        0.99986        0.99767
   356.0        0.10899        0.99986        0.99768
   357.0        0.10887        0.99987        0.99769
   358.0        0.10875        0.99987        0.99771
   359.0        0.10864        0.99987        0.99772
   360.0        0.10852        0.99987        0.99773
   361.0        0.10841        0.99987        0.99774
   362.0        0.10829        0.99987        0.99775
   363.0        0.10818        0.99987        0.99776
   364.0        0.10807        0.99987        0.99777
   365.0        0.10795        0.99987        0.99778
   366.0        0.10784        0.99987        0.99779
   367.0        0.10773        0.99987        0.99780
   368.0        0.10762        0.99988        0.99780
   369.0        0.10751        0.99988        0.99781
   370.0        0.10739        0.99988        0.99782
   371.0        0.10728        0.99988        0.99783
   372.0        0.10717        0.99988        0.99784
   373.0        0.10707        0.99988        0.99785
   374.0        0.10696        0.99988        0.99786
   375.0        0.10685        0.99988        0.99787
   376.0        0.10674        0.99988        0.99788
   377.0        0.10663        0.99988        0.99789
   378.0        0.10652        0.99988        0.99790
   379.0        0.10642        0.99988        0.99791
   380.0        0.10631        0.99989        0.99792
   381.0        0.10620        0.99989        0.99792
   382.0        0.10610        0.99989        0.99793
   383.0        0.10599        0.99989        0.99794
   384.0        0.10589        0.99989        0.99795
   385.0        0.10578        0.99989        0.99796
   386.0        0.10568        0.99989        0.99797
   387.0        0.10557        0.99989        0.99798
   388.0        0.10547        0.99989        0.99798
   389.0        0.10537        0.99989        0.99799
   390.0        0.10526        0.99989        0.99800
   391.0        0.10516        0.99989        0.99801
   392.0        0.10506        0.99989        0.99802
   393.0        0.10496        0.99989        0.99803
   394.0        0.10486        0.99990        0.99803
   395.0        0.10475        0.99990        0.99804
   396.0        0.10465        0.99990        0.99805
   397.0        0.10455        0.99990        0.99806
   398.0        0.10445        0.99990        0.99807
   399.0        0.10435        0.99990        0.99807
   400.0        0.10425        0.99990        0.99808
   401.0        0.10416        0.99990        0.99809
   402.0        0.10406        0.99990        0.99810
   403.0        0.10396        0.99990        0.99810
   404.0        0.10386        0.99990        0.99811
   405.0        0.10376        0.99990        0.99812
   406.0        0.10367        0.99990        0.99813
   407.0        0.10357        0.99990        0.99813
   408.0        0.10347        0.99990        0.99814
   409.0        0.10338        0.99990        0.99815
   410.0        0.10328        0.99991        0.99816
   411.0        0.10318        0.99991        0.99816
   412.0        0.10309        0.99991        0.99817
   413.0        0.10299        0.99991        0.99818
   414.0        0.10290        0.99991        0.99819
   415.0        0.10280        0.99991        0.99819
   416.0        0.10271        0.99991        0.99820
   417.0        0.10262        0.99991        0.99821
   418.0        0.10252        0.99991        0.99821
   419.0        0.10243        0.99991        0.99822
   420.0        0.10234        0.99991        0.99823
   421.0        0.10225        0.99991        0.99823
   422.0        0.10215        0.99991        0.99824
   423.0        0.10206        0.99991        0.99825
   424.0        0.10197        0.99991        0.99825
   425.0        0.10188        0.99991        0.99826
   426.0        0.10179        0.99991        0.99827
   427.0        0.10170        0.99991        0.99827
   428.0        0.10160        0.99991        0.99828
   429.0        0.10150        0.99992        0.99829
   430.0        0.10140        0.99992        0.99829
   431.0        0.10130        0.99992        0.99830
   432.0        0.10121        0.99992        0.99830
   433.0        0.10111        0.99992        0.99831
   434.0        0.10101        0.99992        0.99832
   435.0        0.10091        0.99992        0.99832
   436.0        0.10082        0.99992        0.99833
   437.0        0.10072        0.99992        0.99834
   438.0        0.10062        0.99992        0.99834
   439.0        0.10053        0.99992        0.99835
   440.0        0.10043        0.99992        0.99835
   441.0        0.10034        0.99992        0.99836
   442.0        0.10024        0.99992        0.99837
   443.0        0.10015        0.99992        0.99837
   444.0        0.10005        0.99992        0.99838
   445.0        0.09996        0.99992        0.99838
   446.0        0.09986        0.99992        0.99839
   447.0        0.09977        0.99992        0.99839
   448.0        0.09968        0.99992        0.99840
   449.0        0.09958        0.99992        0.99841
   450.0        0.09949        0.99992        0.99841
   451.0        0.09940        0.99992        0.99842
   452.0        0.09931        0.99993        0.99842
   453.0        0.09922        0.99993        0.99843
   454.0        0.09912        0.99993        0.99843
   455.0        0.09903        0.99993        0.99844
   456.0        0.09894        0.99993        0.99844
   457.0        0.09885        0.99993        0.99845
   458.0        0.09876        0.99993        0.99845
   459.0        0.09867        0.99993        0.99846
   460.0        0.09858        0.99993        0.99846
   461.0        0.09849        0.99993        0.99847
   462.0        0.09840        0.99993        0.99848
   463.0        0.09831        0.99993        0.99848
   464.0        0.09823        0.99993        0.99849
   465.0        0.09814        0.99993        0.99849
   466.0        0.09805        0.99993        0.99850
   467.0        0.09796        0.99993        0.99850
   468.0        0.09787        0.99993        0.99851
   469.0        0.09779        0.99993        0.99851
   470.0        0.09770        0.99993        0.99852
   471.0        0.09761        0.99993        0.99852
   472.0        0.09753        0.99993        0.99853
   473.0        0.09744        0.99993        0.99853
   474.0        0.09735        0.99993        0.99854
   475.0        0.09727        0.99993        0.99854
   476.0        0.09718        0.99993        0.99855
   477.0        0.09710        0.99993        0.99855
   478.0        0.09701        0.99993        0.99856
   479.0        0.09693        0.99993        0.99856
   480.0        0.09684        0.99993        0.99856
   481.0        0.09676        0.99994        0.99857
   482.0        0.09667        0.99994        0.99857
   483.0        0.09659        0.99994        0.99858
   484.0        0.09651        0.99994        0.99858
   485.0        0.09642        0.99994        0.99859
   486.0        0.09634        0.99994        0.99859
   487.0        0.09626        0.99994        0.99860
   488.0        0.09618        0.99994        0.99860
   489.0        0.09609        0.99994        0.99861
   490.0        0.09601        0.99994        0.99861
   491.0        0.09593        0.99994        0.99862
   492.0        0.09585        0.99994        0.99862
   493.0        0.09577        0.99994        0.99862
   494.0        0.09569        0.99994        0.99863
   495.0        0.09560        0.99994        0.99863
   496.0        0.09552        0.99994        0.99864
   497.0        0.09544        0.99994        0.99864
   498.0        0.09536        0.99994        0.99865
   499.0        0.09528        0.99994        0.99865
   500.0        0.09520        0.99994        0.99865
   501.0        0.09512        0.99994        0.99866
   502.0        0.09505        0.99994        0.99866
   503.0        0.09497        0.99994        0.99867
   504.0        0.09489        0.99994        0.99867
   505.0        0.09481        0.99994        0.99868
   506.0        0.09473        0.99994        0.99868
   507.0        0.09465        0.99994        0.99868
   508.0        0.09457        0.99994        0.99869
   509.0        0.09450        0.99994        0.99869
   510.0        0.09442        0.99994        0.99870
   511.0        0.09434        0.99994        0.99870
   512.0        0.09426        0.99994        0.99870
   513.0        0.09419        0.99994        0.99871
   514.0        0.09411        0.99994        0.99871
   515.0        0.09404        0.99994        0.99872
   516.0        0.09396        0.99994        0.99872
   517.0        0.09388        0.99995        0.99872
   518.0        0.09381        0.99995        0.99873
   519.0        0.09373        0.99995        0.99873
   520.0        0.09366        0.99995        0.99874
   521.0        0.09358        0.99995        0.99874
   522.0        0.09351        0.99995        0.99874
   523.0        0.09343        0.99995        0.99875
   524.0        0.09336        0.99995        0.99875
   525.0        0.09328        0.99995        0.99875
   526.0        0.09321        0.99995        0.99876
   527.0        0.09313        0.99995        0.99876
   528.0        0.09306        0.99995        0.99877
   529.0        0.09299        0.99995        0.99877
   530.0        0.09291        0.99995        0.99877
   531.0        0.09284        0.99995        0.99878
   532.0        0.09277        0.99995        0.99878
   533.0        0.09270        0.99995        0.99878
   534.0        0.09262        0.99995        0.99879
   535.0        0.09255        0.99995        0.99879
   536.0        0.09248        0.99995        0.99879
   537.0        0.09241        0.99995        0.99880
   538.0        0.09233        0.99995        0.99880
   539.0        0.09226        0.99995        0.99880
   540.0        0.09219        0.99995        0.99881
   541.0        0.09212        0.99995        0.99881
   542.0        0.09205        0.99995        0.99882
   543.0        0.09198        0.99995        0.99882
   544.0        0.09191        0.99995        0.99882
   545.0        0.09184        0.99995        0.99883
   546.0        0.09177        0.99995        0.99883
   547.0        0.09170        0.99995        0.99883
   548.0        0.09163        0.99995        0.99884
   549.0        0.09156        0.99995        0.99884
   550.0        0.09149        0.99995        0.99884
   551.0        0.09142        0.99995        0.99885
   552.0        0.09135        0.99995        0.99885
   553.0        0.09128        0.99995        0.99885
   554.0        0.09121        0.99995        0.99886
   555.0        0.09114        0.99995        0.99886
   556.0        0.09107        0.99995        0.99886
   557.0        0.09101        0.99995        0.99887
   558.0        0.09094        0.99995        0.99887
   559.0        0.09087        0.99995        0.99887
   560.0        0.09080        0.99995        0.99887
   561.0        0.09073        0.99995        0.99888
   562.0        0.09067        0.99995        0.99888
   563.0        0.09060        0.99995        0.99888
   564.0        0.09053        0.99995        0.99889
   565.0        0.09047        0.99995        0.99889
   566.0        0.09040        0.99995        0.99889
   567.0        0.09033        0.99995        0.99890
   568.0        0.09026        0.99996        0.99890
   569.0        0.09019        0.99996        0.99890
   570.0        0.09012        0.99996        0.99891
   571.0        0.09005        0.99996        0.99891
   572.0        0.08998        0.99996        0.99891
   573.0        0.08991        0.99996        0.99891
   574.0        0.08984        0.99996        0.99892
   575.0        0.08977        0.99996        0.99892
   576.0        0.08970        0.99996        0.99892
   577.0        0.08963        0.99996        0.99893
   578.0        0.08956        0.99996        0.99893
   579.0        0.08949        0.99996        0.99893
   580.0        0.08943        0.99996        0.99893
   581.0        0.08936        0.99996        0.99894
   582.0        0.08929        0.99996        0.99894
   583.0        0.08922        0.99996        0.99894
   584.0        0.08915        0.99996        0.99895
   585.0        0.08908        0.99996        0.99895
   586.0        0.08902        0.99996        0.99895
   587.0        0.08895        0.99996        0.99895
   588.0        0.08888        0.99996        0.99896
   589.0        0.08881        0.99996        0.99896
   590.0        0.08875        0.99996        0.99896
   591.0        0.08868        0.99996        0.99897
   592.0        0.08861        0.99996        0.99897
   593.0        0.08855        0.99996        0.99897
   594.0        0.08848        0.99996        0.99897
   595.0        0.08841        0.99996        0.99898
   596.0        0.08835        0.99996        0.99898
   597.0        0.08828        0.99996        0.99898
   598.0        0.08821        0.99996        0.99898
   599.0        0.08815        0.99996        0.99899
   600.0        0.08808        0.99996        0.99899
   601.0        0.08802        0.99996        0.99899
   602.0        0.08795        0.99996        0.99899
   603.0        0.08789        0.99996        0.99900
   604.0        0.08782        0.99996        0.99900
   605.0        0.08776        0.99996        0.99900
   606.0        0.08769        0.99996        0.99900
   607.0        0.08763        0.99996        0.99901
   608.0        0.08756        0.99996        0.99901
   609.0        0.08750        0.99996        0.99901
   610.0        0.08744        0.99996        0.99902
   611.0        0.08737        0.99996        0.99902
   612.0        0.08731        0.99996        0.99902
   613.0        0.08725        0.99996        0.99902
   614.0        0.08718        0.99996        0.99902
   615.0        0.08712        0.99996        0.99903
   616.0        0.08706        0.99996        0.99903
   617.0        0.08699        0.99996        0.99903
   618.0        0.08693        0.99996        0.99903
   619.0        0.08687        0.99996        0.99904
   620.0        0.08680        0.99996        0.99904
   621.0        0.08674        0.99996        0.99904
   622.0        0.08668        0.99996        0.99904
   623.0        0.08662        0.99996        0.99905
   624.0        0.08656        0.99996        0.99905
   625.0        0.08649        0.99996        0.99905
   626.0        0.08643        0.99996        0.99905
   627.0        0.08637        0.99996        0.99906
   628.0        0.08631        0.99996        0.99906
   629.0        0.08625        0.99996        0.99906
   630.0        0.08619        0.99996        0.99906
   631.0        0.08613        0.99996        0.99907
   632.0        0.08607        0.99996        0.99907
   633.0        0.08601        0.99996        0.99907
   634.0        0.08594        0.99996        0.99907
   635.0        0.08588        0.99996        0.99907
   636.0        0.08582        0.99996        0.99908
   637.0        0.08576        0.99996        0.99908
   638.0        0.08570        0.99996        0.99908
   639.0        0.08564        0.99997        0.99908
   640.0        0.08558        0.99997        0.99909
   641.0        0.08552        0.99997        0.99909
   642.0        0.08547        0.99997        0.99909
   643.0        0.08541        0.99997        0.99909
   644.0        0.08535        0.99997        0.99909
   645.0        0.08529        0.99997        0.99910
   646.0        0.08523        0.99997        0.99910
   647.0        0.08517        0.99997        0.99910
   648.0        0.08511        0.99997        0.99910
   649.0        0.08505        0.99997        0.99911
   650.0        0.08500        0.99997        0.99911
   651.0        0.08494        0.99997        0.99911
   652.0        0.08488        0.99997        0.99911
   653.0        0.08482        0.99997        0.99911
   654.0        0.08476        0.99997        0.99912
   655.0        0.08471        0.99997        0.99912
   656.0        0.08465        0.99997        0.99912
   657.0        0.08459        0.99997        0.99912
   658.0        0.08453        0.99997        0.99912
   659.0        0.08448        0.99997        0.99913
   660.0        0.08442        0.99997        0.99913
   661.0        0.08436        0.99997        0.99913
   662.0        0.08430        0.99997        0.99913
   663.0        0.08425        0.99997        0.99913
   664.0        0.08419        0.99997        0.99914
   665.0        0.08413        0.99997        0.99914
   666.0        0.08408        0.99997        0.99914
   667.0        0.08402        0.99997        0.99914
   668.0        0.08397        0.99997        0.99914
   669.0        0.08391        0.99997        0.99915
   670.0        0.08385        0.99997        0.99915
   671.0        0.08380        0.99997        0.99915
   672.0        0.08374        0.99997        0.99915
   673.0        0.08369        0.99997        0.99915
   674.0        0.08363        0.99997        0.99916
   675.0        0.08358        0.99997        0.99916
   676.0        0.08352        0.99997        0.99916
   677.0        0.08347        0.99997        0.99916
   678.0        0.08341        0.99997        0.99916
   679.0        0.08336        0.99997        0.99917
   680.0        0.08330        0.99997        0.99917
   681.0        0.08325        0.99997        0.99917
   682.0        0.08319        0.99997        0.99917
   683.0        0.08314        0.99997        0.99917
   684.0        0.08309        0.99997        0.99918
   685.0        0.08303        0.99997        0.99918
   686.0        0.08298        0.99997        0.99918
   687.0        0.08292        0.99997        0.99918
   688.0        0.08287        0.99997        0.99918
   689.0        0.08282        0.99997        0.99918
   690.0        0.08276        0.99997        0.99919
   691.0        0.08271        0.99997        0.99919
   692.0        0.08266        0.99997        0.99919
   693.0        0.08260        0.99997        0.99919
   694.0        0.08255        0.99997        0.99919
   695.0        0.08250        0.99997        0.99920
   696.0        0.08244        0.99997        0.99920
   697.0        0.08239        0.99997        0.99920
   698.0        0.08234        0.99997        0.99920
   699.0        0.08229        0.99997        0.99920
   700.0        0.08223        0.99997        0.99920
   701.0        0.08218        0.99997        0.99921
   702.0        0.08213        0.99997        0.99921
   703.0        0.08208        0.99997        0.99921
   704.0        0.08203        0.99997        0.99921
   705.0        0.08197        0.99997        0.99921
   706.0        0.08192        0.99997        0.99922
   707.0        0.08187        0.99997        0.99922
   708.0        0.08182        0.99997        0.99922
   709.0        0.08177        0.99997        0.99922
   710.0        0.08172        0.99997        0.99922
   711.0        0.08166        0.99997        0.99922
   712.0        0.08161        0.99997        0.99923
   713.0        0.08156        0.99997        0.99923
   714.0        0.08151        0.99997        0.99923
   715.0        0.08146        0.99997        0.99923
   716.0        0.08141        0.99997        0.99923
   717.0        0.08136        0.99997        0.99923
   718.0        0.08131        0.99997        0.99924
   719.0        0.08126        0.99997        0.99924
   720.0        0.08121        0.99997        0.99924
   721.0        0.08116        0.99997        0.99924
   722.0        0.08111        0.99997        0.99924
   723.0        0.08106        0.99997        0.99924
   724.0        0.08101        0.99997        0.99925
   725.0        0.08096        0.99997        0.99925
   726.0        0.08091        0.99997        0.99925
   727.0        0.08086        0.99997        0.99925
   728.0        0.08081        0.99997        0.99925
   729.0        0.08076        0.99997        0.99925
   730.0        0.08071        0.99997        0.99925
   731.0        0.08066        0.99997        0.99926
   732.0        0.08061        0.99997        0.99926
   733.0        0.08056        0.99997        0.99926
   734.0        0.08051        0.99997        0.99926
   735.0        0.08047        0.99997        0.99926
   736.0        0.08042        0.99997        0.99926
   737.0        0.08037        0.99997        0.99927
   738.0        0.08032        0.99997        0.99927
   739.0        0.08027        0.99997        0.99927
   740.0        0.08022        0.99997        0.99927
   741.0        0.08017        0.99997        0.99927
   742.0        0.08013        0.99997        0.99927
   743.0        0.08008        0.99997        0.99927
   744.0        0.08003        0.99997        0.99928
   745.0        0.07998        0.99997        0.99928
   746.0        0.07993        0.99997        0.99928
   747.0        0.07989        0.99997        0.99928
   748.0        0.07984        0.99997        0.99928
   749.0        0.07979        0.99997        0.99928
   750.0        0.07974        0.99997        0.99929
   751.0        0.07970        0.99997        0.99929
   752.0        0.07965        0.99997        0.99929
   753.0        0.07960        0.99997        0.99929
   754.0        0.07955        0.99997        0.99929
   755.0        0.07950        0.99997        0.99929
   756.0        0.07945        0.99997        0.99929
   757.0        0.07940        0.99997        0.99930
   758.0        0.07935        0.99997        0.99930
   759.0        0.07930        0.99997        0.99930
   760.0        0.07925        0.99997        0.99930
   761.0        0.07920        0.99997        0.99930
   762.0        0.07916        0.99998        0.99930
   763.0        0.07911        0.99998        0.99930
   764.0        0.07906        0.99998        0.99931
   765.0        0.07901        0.99998        0.99931
   766.0        0.07896        0.99998        0.99931
   767.0        0.07891        0.99998        0.99931
   768.0        0.07886        0.99998        0.99931
   769.0        0.07881        0.99998        0.99931
   770.0        0.07876        0.99998        0.99931
   771.0        0.07872        0.99998        0.99931
   772.0        0.07867        0.99998        0.99932
   773.0        0.07862        0.99998        0.99932
   774.0        0.07857        0.99998        0.99932
   775.0        0.07852        0.99998        0.99932
   776.0        0.07847        0.99998        0.99932
   777.0        0.07843        0.99998        0.99932
   778.0        0.07838        0.99998        0.99932
   779.0        0.07833        0.99998        0.99933
   780.0        0.07828        0.99998        0.99933
   781.0        0.07823        0.99998        0.99933
   782.0        0.07819        0.99998        0.99933
   783.0        0.07814        0.99998        0.99933
   784.0        0.07809        0.99998        0.99933
   785.0        0.07804        0.99998        0.99933
   786.0        0.07800        0.99998        0.99933
   787.0        0.07795        0.99998        0.99934
   788.0        0.07790        0.99998        0.99934
   789.0        0.07786        0.99998        0.99934
   790.0        0.07781        0.99998        0.99934
   791.0        0.07776        0.99998        0.99934
   792.0        0.07772        0.99998        0.99934
   793.0        0.07767        0.99998        0.99934
   794.0        0.07762        0.99998        0.99934
   795.0        0.07758        0.99998        0.99935
   796.0        0.07753        0.99998        0.99935
   797.0        0.07748        0.99998        0.99935
   798.0        0.07744        0.99998        0.99935
   799.0        0.07739        0.99998        0.99935
   800.0        0.07735        0.99998        0.99935
   801.0        0.07730        0.99998        0.99935
   802.0        0.07725        0.99998        0.99935
   803.0        0.07721        0.99998        0.99936
   804.0        0.07716        0.99998        0.99936
   805.0        0.07712        0.99998        0.99936
   806.0        0.07707        0.99998        0.99936
   807.0        0.07703        0.99998        0.99936
   808.0        0.07698        0.99998        0.99936
   809.0        0.07694        0.99998        0.99936
   810.0        0.07689        0.99998        0.99936
   811.0        0.07685        0.99998        0.99937
   812.0        0.07680        0.99998        0.99937
   813.0        0.07676        0.99998        0.99937
   814.0        0.07671        0.99998        0.99937
   815.0        0.07667        0.99998        0.99937
   816.0        0.07662        0.99998        0.99937
   817.0        0.07658        0.99998        0.99937
   818.0        0.07653        0.99998        0.99937
   819.0        0.07649        0.99998        0.99938
   820.0        0.07644        0.99998        0.99938
   821.0        0.07640        0.99998        0.99938
   822.0        0.07636        0.99998        0.99938
   823.0        0.07631        0.99998        0.99938
   824.0        0.07627        0.99998        0.99938
   825.0        0.07622        0.99998        0.99938
   826.0        0.07618        0.99998        0.99938
   827.0        0.07614        0.99998        0.99938
   828.0        0.07609        0.99998        0.99939
   829.0        0.07605        0.99998        0.99939
   830.0        0.07601        0.99998        0.99939
   831.0        0.07596        0.99998        0.99939
   832.0        0.07592        0.99998        0.99939
   833.0        0.07588        0.99998        0.99939
   834.0        0.07583        0.99998        0.99939
   835.0        0.07579        0.99998        0.99939
   836.0        0.07575        0.99998        0.99939
   837.0        0.07570        0.99998        0.99940
   838.0        0.07566        0.99998        0.99940
   839.0        0.07562        0.99998        0.99940
   840.0        0.07557        0.99998        0.99940
   841.0        0.07553        0.99998        0.99940
   842.0        0.07549        0.99998        0.99940
   843.0        0.07545        0.99998        0.99940
   844.0        0.07540        0.99998        0.99940
   845.0        0.07536        0.99998        0.99940
   846.0        0.07532        0.99998        0.99941
   847.0        0.07528        0.99998        0.99941
   848.0        0.07524        0.99998        0.99941
   849.0        0.07519        0.99998        0.99941
   850.0        0.07515        0.99998        0.99941
   851.0        0.07511        0.99998        0.99941
   852.0        0.07507        0.99998        0.99941
   853.0        0.07503        0.99998        0.99941
   854.0        0.07498        0.99998        0.99941
   855.0        0.07494        0.99998        0.99941
   856.0        0.07490        0.99998        0.99942
   857.0        0.07486        0.99998        0.99942
   858.0        0.07482        0.99998        0.99942
   859.0        0.07478        0.99998        0.99942
   860.0        0.07473        0.99998        0.99942
   861.0        0.07469        0.99998        0.99942
   862.0        0.07465        0.99998        0.99942
   863.0        0.07461        0.99998        0.99942
   864.0        0.07457        0.99998        0.99942
   865.0        0.07453        0.99998        0.99943
   866.0        0.07449        0.99998        0.99943
   867.0        0.07445        0.99998        0.99943
   868.0        0.07441        0.99998        0.99943
   869.0        0.07437        0.99998        0.99943
   870.0        0.07433        0.99998        0.99943
   871.0        0.07429        0.99998        0.99943
   872.0        0.07424        0.99998        0.99943
   873.0        0.07420        0.99998        0.99943
   874.0        0.07416        0.99998        0.99943
   875.0        0.07412        0.99998        0.99944
   876.0        0.07408        0.99998        0.99944
   877.0        0.07404        0.99998        0.99944
   878.0        0.07400        0.99998        0.99944
   879.0        0.07396        0.99998        0.99944
   880.0        0.07392        0.99998        0.99944
   881.0        0.07388        0.99998        0.99944
   882.0        0.07384        0.99998        0.99944
   883.0        0.07380        0.99998        0.99944
   884.0        0.07376        0.99998        0.99944
   885.0        0.07372        0.99998        0.99944
   886.0        0.07369        0.99998        0.99945
   887.0        0.07365        0.99998        0.99945
   888.0        0.07361        0.99998        0.99945
   889.0        0.07357        0.99998        0.99945
   890.0        0.07353        0.99998        0.99945
   891.0        0.07349        0.99998        0.99945
   892.0        0.07345        0.99998        0.99945
   893.0        0.07341        0.99998        0.99945
   894.0        0.07337        0.99998        0.99945
   895.0        0.07333        0.99998        0.99945
   896.0        0.07329        0.99998        0.99946
   897.0        0.07325        0.99998        0.99946
   898.0        0.07322        0.99998        0.99946
   899.0        0.07318        0.99998        0.99946
   900.0        0.07314        0.99998        0.99946
   901.0        0.07310        0.99998        0.99946
   902.0        0.07306        0.99998        0.99946
   903.0        0.07302        0.99998        0.99946
   904.0        0.07298        0.99998        0.99946
   905.0        0.07295        0.99998        0.99946
   906.0        0.07291        0.99998        0.99946
   907.0        0.07287        0.99998        0.99947
   908.0        0.07283        0.99998        0.99947
   909.0        0.07279        0.99998        0.99947
   910.0        0.07276        0.99998        0.99947
   911.0        0.07272        0.99998        0.99947
   912.0        0.07268        0.99998        0.99947
   913.0        0.07264        0.99998        0.99947
   914.0        0.07260        0.99998        0.99947
   915.0        0.07257        0.99998        0.99947
   916.0        0.07253        0.99998        0.99947
   917.0        0.07249        0.99998        0.99947
   918.0        0.07245        0.99998        0.99947
   919.0        0.07242        0.99998        0.99948
   920.0        0.07238        0.99998        0.99948
   921.0        0.07234        0.99998        0.99948
   922.0        0.07230        0.99998        0.99948
   923.0        0.07227        0.99998        0.99948
   924.0        0.07223        0.99998        0.99948
   925.0        0.07219        0.99998        0.99948
   926.0        0.07216        0.99998        0.99948
   927.0        0.07212        0.99998        0.99948
   928.0        0.07208        0.99998        0.99948
   929.0        0.07205        0.99998        0.99948
   930.0        0.07201        0.99998        0.99949
   931.0        0.07197        0.99998        0.99949
   932.0        0.07194        0.99998        0.99949
   933.0        0.07190        0.99998        0.99949
   934.0        0.07186        0.99998        0.99949
   935.0        0.07183        0.99998        0.99949
   936.0        0.07179        0.99998        0.99949
   937.0        0.07175        0.99998        0.99949
   938.0        0.07172        0.99998        0.99949
   939.0        0.07168        0.99998        0.99949
   940.0        0.07164        0.99998        0.99949
   941.0        0.07161        0.99998        0.99949
   942.0        0.07157        0.99998        0.99950
   943.0        0.07154        0.99998        0.99950
   944.0        0.07150        0.99998        0.99950
   945.0        0.07146        0.99998        0.99950
   946.0        0.07143        0.99998        0.99950
   947.0        0.07139        0.99998        0.99950
   948.0        0.07136        0.99998        0.99950
   949.0        0.07132        0.99998        0.99950
   950.0        0.07129        0.99998        0.99950
   951.0        0.07125        0.99998        0.99950
   952.0        0.07121        0.99998        0.99950
   953.0        0.07118        0.99998        0.99950
   954.0        0.07114        0.99998        0.99950
   955.0        0.07111        0.99998        0.99951
   956.0        0.07107        0.99998        0.99951
   957.0        0.07104        0.99998        0.99951
   958.0        0.07100        0.99998        0.99951
   959.0        0.07097        0.99998        0.99951
   960.0        0.07093        0.99998        0.99951
   961.0        0.07090        0.99998        0.99951
   962.0        0.07086        0.99998        0.99951
   963.0        0.07083        0.99998        0.99951
   964.0        0.07079        0.99998        0.99951
   965.0        0.07076        0.99998        0.99951
   966.0        0.07072        0.99998        0.99951
   967.0        0.07069        0.99998        0.99951
   968.0        0.07065        0.99998        0.99952
   969.0        0.07062        0.99998        0.99952
   970.0        0.07058        0.99998        0.99952
   971.0        0.07055        0.99998        0.99952
   972.0        0.07051        0.99998        0.99952
   973.0        0.07048        0.99998        0.99952
   974.0        0.07045        0.99998        0.99952
   975.0        0.07041        0.99998        0.99952
   976.0        0.07038        0.99998        0.99952
   977.0        0.07034        0.99998        0.99952
   978.0        0.07031        0.99998        0.99952
   979.0        0.07027        0.99998        0.99952
   980.0        0.07024        0.99998        0.99952
   981.0        0.07021        0.99998        0.99953
   982.0        0.07017        0.99998        0.99953
   983.0        0.07014        0.99998        0.99953
   984.0        0.07010        0.99998        0.99953
   985.0        0.07007        0.99998        0.99953
   986.0        0.07004        0.99998        0.99953
   987.0        0.07000        0.99998        0.99953
   988.0        0.06997        0.99998        0.99953
   989.0        0.06994        0.99998        0.99953
   990.0        0.06990        0.99998        0.99953
   991.0        0.06987        0.99998        0.99953
   992.0        0.06984        0.99998        0.99953
   993.0        0.06980        0.99998        0.99953
   994.0        0.06977        0.99998        0.99953
   995.0        0.06974        0.99998        0.99954
   996.0        0.06970        0.99998        0.99954
   997.0        0.06967        0.99998        0.99954
   998.0        0.06964        0.99998        0.99954
   999.0        0.06960        0.99998        0.99954
  1000.0        0.06957        0.99998        0.99954
