 polymethylMethacryl 
 Density =    1.180000      Aeff =    11.96924      Zeff =    6.394000    
     1.0     3448.45508        0.00047        0.00992
     2.0      504.15958        0.00256        0.03877
     3.0      153.71916        0.00653        0.08315
     4.0       65.52615        0.01226        0.13666
     5.0       33.41738        0.01997        0.19364
     6.0       19.34799        0.02972        0.24977
     7.0       12.12549        0.04210        0.30294
     8.0        8.10368        0.05720        0.35153
     9.0        5.69835        0.07517        0.39595
    10.0        4.18200        0.09602        0.43687
    11.0        3.17906        0.11946        0.47332
    12.0        2.48979        0.14541        0.50665
    13.0        1.99482        0.17425        0.53764
    14.0        1.63349        0.20530        0.56621
    15.0        1.36496        0.23808        0.59266
    16.0        1.16003        0.27255        0.61732
    17.0        1.00210        0.30799        0.64035
    18.0        0.87832        0.34387        0.66166
    19.0        0.77945        0.37937        0.68085
    20.0        0.69965        0.41438        0.69850
    21.0        0.63460        0.44869        0.71502
    22.0        0.58112        0.48214        0.73038
    23.0        0.53672        0.51445        0.74478
    24.0        0.49954        0.54546        0.75827
    25.0        0.46774        0.57503        0.77062
    26.0        0.44046        0.60319        0.78212
    27.0        0.41692        0.62961        0.79273
    28.0        0.39662        0.65444        0.80273
    29.0        0.37903        0.67772        0.81202
    30.0        0.36371        0.69950        0.82072
    31.0        0.35026        0.71991        0.82890
    32.0        0.33829        0.73880        0.83645
    33.0        0.32759        0.75627        0.84346
    34.0        0.31810        0.77251        0.85005
    35.0        0.30963        0.78757        0.85626
    36.0        0.30206        0.80155        0.86210
    37.0        0.29516        0.81444        0.86756
    38.0        0.28889        0.82635        0.87269
    39.0        0.28322        0.83740        0.87755
    40.0        0.27806        0.84764        0.88215
    41.0        0.27336        0.85712        0.88650
    42.0        0.26907        0.86592        0.89064
    43.0        0.26515        0.87409        0.89455
    44.0        0.26154        0.88166        0.89826
    45.0        0.25820        0.88868        0.90179
    46.0        0.25512        0.89521        0.90514
    47.0        0.25225        0.90126        0.90831
    48.0        0.24942        0.90683        0.91126
    49.0        0.24668        0.91198        0.91403
    50.0        0.24413        0.91679        0.91668
    51.0        0.24172        0.92130        0.91921
    52.0        0.23947        0.92550        0.92163
    53.0        0.23735        0.92943        0.92395
    54.0        0.23536        0.93311        0.92617
    55.0        0.23347        0.93654        0.92829
    56.0        0.23170        0.93976        0.93033
    57.0        0.23001        0.94277        0.93228
    58.0        0.22842        0.94560        0.93415
    59.0        0.22689        0.94825        0.93594
    60.0        0.22544        0.95073        0.93766
    61.0        0.22406        0.95307        0.93931
    62.0        0.22274        0.95527        0.94090
    63.0        0.22148        0.95734        0.94242
    64.0        0.22028        0.95928        0.94389
    65.0        0.21914        0.96112        0.94530
    66.0        0.21804        0.96285        0.94667
    67.0        0.21699        0.96448        0.94798
    68.0        0.21598        0.96602        0.94924
    69.0        0.21496        0.96747        0.95045
    70.0        0.21386        0.96883        0.95158
    71.0        0.21279        0.97011        0.95268
    72.0        0.21176        0.97132        0.95374
    73.0        0.21077        0.97247        0.95476
    74.0        0.20980        0.97357        0.95575
    75.0        0.20887        0.97460        0.95671
    76.0        0.20797        0.97559        0.95764
    77.0        0.20708        0.97652        0.95853
    78.0        0.20622        0.97741        0.95940
    79.0        0.20538        0.97825        0.96024
    80.0        0.20457        0.97906        0.96105
    81.0        0.20378        0.97982        0.96184
    82.0        0.20301        0.98055        0.96260
    83.0        0.20226        0.98125        0.96335
    84.0        0.20153        0.98191        0.96407
    85.0        0.20082        0.98255        0.96476
    86.0        0.20013        0.98315        0.96544
    87.0        0.19945        0.98373        0.96610
    88.0        0.19879        0.98428        0.96674
    89.0        0.19815        0.98481        0.96736
    90.0        0.19752        0.98532        0.96796
    91.0        0.19691        0.98580        0.96855
    92.0        0.19631        0.98626        0.96912
    93.0        0.19572        0.98670        0.96968
    94.0        0.19514        0.98713        0.97022
    95.0        0.19458        0.98754        0.97074
    96.0        0.19403        0.98793        0.97125
    97.0        0.19349        0.98830        0.97175
    98.0        0.19296        0.98866        0.97224
    99.0        0.19244        0.98901        0.97271
   100.0        0.19194        0.98934        0.97317
   101.0        0.19134        0.98965        0.97361
   102.0        0.19076        0.98995        0.97403
   103.0        0.19018        0.99024        0.97444
   104.0        0.18962        0.99051        0.97485
   105.0        0.18906        0.99078        0.97524
   106.0        0.18852        0.99103        0.97563
   107.0        0.18798        0.99128        0.97600
   108.0        0.18745        0.99152        0.97637
   109.0        0.18693        0.99175        0.97673
   110.0        0.18642        0.99197        0.97708
   111.0        0.18592        0.99219        0.97742
   112.0        0.18543        0.99239        0.97775
   113.0        0.18494        0.99259        0.97808
   114.0        0.18446        0.99278        0.97840
   115.0        0.18399        0.99297        0.97871
   116.0        0.18352        0.99315        0.97902
   117.0        0.18306        0.99332        0.97932
   118.0        0.18261        0.99349        0.97961
   119.0        0.18216        0.99365        0.97989
   120.0        0.18173        0.99381        0.98017
   121.0        0.18129        0.99396        0.98045
   122.0        0.18086        0.99411        0.98072
   123.0        0.18044        0.99425        0.98098
   124.0        0.18003        0.99439        0.98123
   125.0        0.17962        0.99452        0.98149
   126.0        0.17921        0.99465        0.98173
   127.0        0.17881        0.99477        0.98197
   128.0        0.17842        0.99489        0.98221
   129.0        0.17803        0.99501        0.98244
   130.0        0.17764        0.99512        0.98267
   131.0        0.17726        0.99523        0.98289
   132.0        0.17688        0.99534        0.98311
   133.0        0.17651        0.99544        0.98332
   134.0        0.17611        0.99554        0.98353
   135.0        0.17570        0.99564        0.98373
   136.0        0.17529        0.99573        0.98393
   137.0        0.17488        0.99583        0.98412
   138.0        0.17448        0.99591        0.98431
   139.0        0.17408        0.99600        0.98450
   140.0        0.17369        0.99608        0.98468
   141.0        0.17330        0.99616        0.98486
   142.0        0.17292        0.99624        0.98503
   143.0        0.17254        0.99632        0.98521
   144.0        0.17217        0.99640        0.98538
   145.0        0.17179        0.99647        0.98554
   146.0        0.17143        0.99654        0.98571
   147.0        0.17106        0.99661        0.98587
   148.0        0.17070        0.99668        0.98603
   149.0        0.17035        0.99674        0.98618
   150.0        0.16999        0.99680        0.98634
   151.0        0.16965        0.99687        0.98649
   152.0        0.16930        0.99693        0.98663
   153.0        0.16896        0.99699        0.98678
   154.0        0.16862        0.99704        0.98692
   155.0        0.16828        0.99710        0.98706
   156.0        0.16795        0.99715        0.98720
   157.0        0.16762        0.99721        0.98733
   158.0        0.16730        0.99726        0.98747
   159.0        0.16698        0.99731        0.98760
   160.0        0.16666        0.99736        0.98773
   161.0        0.16634        0.99741        0.98785
   162.0        0.16602        0.99745        0.98798
   163.0        0.16571        0.99750        0.98810
   164.0        0.16541        0.99754        0.98822
   165.0        0.16510        0.99759        0.98834
   166.0        0.16480        0.99763        0.98846
   167.0        0.16450        0.99767        0.98857
   168.0        0.16420        0.99771        0.98869
   169.0        0.16391        0.99775        0.98880
   170.0        0.16361        0.99779        0.98891
   171.0        0.16332        0.99783        0.98902
   172.0        0.16302        0.99787        0.98912
   173.0        0.16269        0.99790        0.98923
   174.0        0.16236        0.99794        0.98933
   175.0        0.16204        0.99797        0.98943
   176.0        0.16172        0.99801        0.98952
   177.0        0.16140        0.99804        0.98962
   178.0        0.16109        0.99807        0.98971
   179.0        0.16078        0.99810        0.98981
   180.0        0.16047        0.99813        0.98990
   181.0        0.16016        0.99816        0.98999
   182.0        0.15986        0.99819        0.99008
   183.0        0.15955        0.99822        0.99017
   184.0        0.15925        0.99825        0.99026
   185.0        0.15896        0.99828        0.99034
   186.0        0.15866        0.99830        0.99043
   187.0        0.15837        0.99833        0.99051
   188.0        0.15808        0.99835        0.99059
   189.0        0.15779        0.99838        0.99067
   190.0        0.15750        0.99840        0.99075
   191.0        0.15722        0.99843        0.99083
   192.0        0.15694        0.99845        0.99091
   193.0        0.15666        0.99848        0.99099
   194.0        0.15638        0.99850        0.99106
   195.0        0.15611        0.99852        0.99114
   196.0        0.15583        0.99854        0.99121
   197.0        0.15556        0.99856        0.99129
   198.0        0.15529        0.99858        0.99136
   199.0        0.15503        0.99861        0.99143
   200.0        0.15476        0.99863        0.99150
   201.0        0.15450        0.99864        0.99157
   202.0        0.15424        0.99866        0.99164
   203.0        0.15398        0.99868        0.99170
   204.0        0.15372        0.99870        0.99177
   205.0        0.15346        0.99872        0.99184
   206.0        0.15321        0.99873        0.99190
   207.0        0.15296        0.99875        0.99197
   208.0        0.15270        0.99877        0.99203
   209.0        0.15246        0.99878        0.99209
   210.0        0.15221        0.99880        0.99215
   211.0        0.15196        0.99882        0.99222
   212.0        0.15172        0.99883        0.99228
   213.0        0.15148        0.99885        0.99233
   214.0        0.15124        0.99886        0.99239
   215.0        0.15100        0.99888        0.99245
   216.0        0.15076        0.99889        0.99251
   217.0        0.15052        0.99890        0.99257
   218.0        0.15029        0.99892        0.99262
   219.0        0.15006        0.99893        0.99268
   220.0        0.14982        0.99895        0.99273
   221.0        0.14959        0.99896        0.99279
   222.0        0.14937        0.99897        0.99284
   223.0        0.14914        0.99899        0.99289
   224.0        0.14891        0.99900        0.99294
   225.0        0.14869        0.99901        0.99300
   226.0        0.14847        0.99902        0.99305
   227.0        0.14825        0.99903        0.99310
   228.0        0.14803        0.99905        0.99315
   229.0        0.14781        0.99906        0.99320
   230.0        0.14759        0.99907        0.99324
   231.0        0.14737        0.99908        0.99329
   232.0        0.14716        0.99909        0.99334
   233.0        0.14695        0.99910        0.99339
   234.0        0.14673        0.99911        0.99343
   235.0        0.14652        0.99912        0.99348
   236.0        0.14631        0.99913        0.99353
   237.0        0.14611        0.99914        0.99357
   238.0        0.14590        0.99915        0.99362
   239.0        0.14569        0.99916        0.99366
   240.0        0.14549        0.99917        0.99370
   241.0        0.14528        0.99918        0.99375
   242.0        0.14508        0.99919        0.99379
   243.0        0.14488        0.99920        0.99383
   244.0        0.14468        0.99921        0.99387
   245.0        0.14448        0.99922        0.99391
   246.0        0.14429        0.99923        0.99395
   247.0        0.14409        0.99924        0.99399
   248.0        0.14389        0.99925        0.99403
   249.0        0.14370        0.99925        0.99407
   250.0        0.14351        0.99926        0.99411
   251.0        0.14331        0.99927        0.99415
   252.0        0.14312        0.99928        0.99419
   253.0        0.14293        0.99929        0.99423
   254.0        0.14274        0.99929        0.99427
   255.0        0.14256        0.99930        0.99430
   256.0        0.14237        0.99931        0.99434
   257.0        0.14218        0.99932        0.99438
   258.0        0.14200        0.99932        0.99441
   259.0        0.14182        0.99933        0.99445
   260.0        0.14163        0.99934        0.99448
   261.0        0.14145        0.99935        0.99452
   262.0        0.14127        0.99935        0.99455
   263.0        0.14109        0.99936        0.99459
   264.0        0.14091        0.99937        0.99462
   265.0        0.14073        0.99937        0.99465
   266.0        0.14056        0.99938        0.99469
   267.0        0.14037        0.99939        0.99472
   268.0        0.14016        0.99939        0.99475
   269.0        0.13996        0.99940        0.99478
   270.0        0.13976        0.99940        0.99481
   271.0        0.13956        0.99941        0.99484
   272.0        0.13936        0.99942        0.99487
   273.0        0.13917        0.99942        0.99490
   274.0        0.13897        0.99943        0.99493
   275.0        0.13878        0.99943        0.99496
   276.0        0.13858        0.99944        0.99499
   277.0        0.13839        0.99944        0.99502
   278.0        0.13820        0.99945        0.99505
   279.0        0.13800        0.99946        0.99508
   280.0        0.13781        0.99946        0.99511
   281.0        0.13762        0.99947        0.99513
   282.0        0.13744        0.99947        0.99516
   283.0        0.13725        0.99948        0.99519
   284.0        0.13706        0.99948        0.99522
   285.0        0.13688        0.99949        0.99524
   286.0        0.13669        0.99949        0.99527
   287.0        0.13651        0.99950        0.99530
   288.0        0.13633        0.99950        0.99532
   289.0        0.13614        0.99951        0.99535
   290.0        0.13596        0.99951        0.99537
   291.0        0.13578        0.99951        0.99540
   292.0        0.13560        0.99952        0.99543
   293.0        0.13542        0.99952        0.99545
   294.0        0.13525        0.99953        0.99548
   295.0        0.13507        0.99953        0.99550
   296.0        0.13489        0.99954        0.99552
   297.0        0.13472        0.99954        0.99555
   298.0        0.13454        0.99955        0.99557
   299.0        0.13437        0.99955        0.99560
   300.0        0.13420        0.99955        0.99562
   301.0        0.13403        0.99956        0.99564
   302.0        0.13386        0.99956        0.99567
   303.0        0.13369        0.99956        0.99569
   304.0        0.13352        0.99957        0.99571
   305.0        0.13335        0.99957        0.99573
   306.0        0.13318        0.99958        0.99576
   307.0        0.13301        0.99958        0.99578
   308.0        0.13285        0.99958        0.99580
   309.0        0.13268        0.99959        0.99582
   310.0        0.13252        0.99959        0.99584
   311.0        0.13235        0.99959        0.99587
   312.0        0.13219        0.99960        0.99589
   313.0        0.13203        0.99960        0.99591
   314.0        0.13187        0.99960        0.99593
   315.0        0.13171        0.99961        0.99595
   316.0        0.13155        0.99961        0.99597
   317.0        0.13139        0.99961        0.99599
   318.0        0.13123        0.99962        0.99601
   319.0        0.13107        0.99962        0.99603
   320.0        0.13091        0.99962        0.99605
   321.0        0.13076        0.99962        0.99607
   322.0        0.13060        0.99963        0.99609
   323.0        0.13044        0.99963        0.99611
   324.0        0.13029        0.99963        0.99613
   325.0        0.13014        0.99964        0.99615
   326.0        0.12998        0.99964        0.99617
   327.0        0.12983        0.99964        0.99619
   328.0        0.12968        0.99964        0.99621
   329.0        0.12953        0.99965        0.99622
   330.0        0.12938        0.99965        0.99624
   331.0        0.12923        0.99965        0.99626
   332.0        0.12908        0.99966        0.99628
   333.0        0.12893        0.99966        0.99630
   334.0        0.12878        0.99966        0.99631
   335.0        0.12863        0.99966        0.99633
   336.0        0.12849        0.99967        0.99635
   337.0        0.12834        0.99967        0.99637
   338.0        0.12819        0.99967        0.99638
   339.0        0.12805        0.99967        0.99640
   340.0        0.12790        0.99968        0.99642
   341.0        0.12776        0.99968        0.99644
   342.0        0.12762        0.99968        0.99645
   343.0        0.12747        0.99968        0.99647
   344.0        0.12733        0.99969        0.99649
   345.0        0.12719        0.99969        0.99650
   346.0        0.12705        0.99969        0.99652
   347.0        0.12691        0.99969        0.99653
   348.0        0.12677        0.99969        0.99655
   349.0        0.12663        0.99970        0.99657
   350.0        0.12649        0.99970        0.99658
   351.0        0.12635        0.99970        0.99660
   352.0        0.12622        0.99970        0.99661
   353.0        0.12608        0.99971        0.99663
   354.0        0.12594        0.99971        0.99664
   355.0        0.12581        0.99971        0.99666
   356.0        0.12567        0.99971        0.99667
   357.0        0.12554        0.99971        0.99669
   358.0        0.12540        0.99972        0.99670
   359.0        0.12527        0.99972        0.99672
   360.0        0.12514        0.99972        0.99673
   361.0        0.12500        0.99972        0.99675
   362.0        0.12487        0.99972        0.99676
   363.0        0.12474        0.99973        0.99678
   364.0        0.12461        0.99973        0.99679
   365.0        0.12448        0.99973        0.99681
   366.0        0.12435        0.99973        0.99682
   367.0        0.12422        0.99973        0.99683
   368.0        0.12409        0.99974        0.99685
   369.0        0.12396        0.99974        0.99686
   370.0        0.12383        0.99974        0.99687
   371.0        0.12371        0.99974        0.99689
   372.0        0.12358        0.99974        0.99690
   373.0        0.12345        0.99974        0.99691
   374.0        0.12333        0.99975        0.99693
   375.0        0.12320        0.99975        0.99694
   376.0        0.12307        0.99975        0.99695
   377.0        0.12295        0.99975        0.99697
   378.0        0.12283        0.99975        0.99698
   379.0        0.12270        0.99976        0.99699
   380.0        0.12258        0.99976        0.99701
   381.0        0.12245        0.99976        0.99702
   382.0        0.12233        0.99976        0.99703
   383.0        0.12221        0.99976        0.99704
   384.0        0.12209        0.99976        0.99706
   385.0        0.12197        0.99976        0.99707
   386.0        0.12185        0.99977        0.99708
   387.0        0.12173        0.99977        0.99709
   388.0        0.12161        0.99977        0.99710
   389.0        0.12149        0.99977        0.99712
   390.0        0.12137        0.99977        0.99713
   391.0        0.12125        0.99977        0.99714
   392.0        0.12113        0.99978        0.99715
   393.0        0.12101        0.99978        0.99716
   394.0        0.12090        0.99978        0.99718
   395.0        0.12078        0.99978        0.99719
   396.0        0.12066        0.99978        0.99720
   397.0        0.12055        0.99978        0.99721
   398.0        0.12043        0.99978        0.99722
   399.0        0.12032        0.99979        0.99723
   400.0        0.12020        0.99979        0.99724
   401.0        0.12009        0.99979        0.99725
   402.0        0.11997        0.99979        0.99727
   403.0        0.11986        0.99979        0.99728
   404.0        0.11975        0.99979        0.99729
   405.0        0.11963        0.99979        0.99730
   406.0        0.11952        0.99979        0.99731
   407.0        0.11941        0.99980        0.99732
   408.0        0.11930        0.99980        0.99733
   409.0        0.11919        0.99980        0.99734
   410.0        0.11907        0.99980        0.99735
   411.0        0.11896        0.99980        0.99736
   412.0        0.11885        0.99980        0.99737
   413.0        0.11874        0.99980        0.99738
   414.0        0.11864        0.99980        0.99739
   415.0        0.11853        0.99980        0.99740
   416.0        0.11842        0.99981        0.99741
   417.0        0.11831        0.99981        0.99742
   418.0        0.11820        0.99981        0.99743
   419.0        0.11809        0.99981        0.99744
   420.0        0.11799        0.99981        0.99745
   421.0        0.11788        0.99981        0.99746
   422.0        0.11777        0.99981        0.99747
   423.0        0.11767        0.99981        0.99748
   424.0        0.11756        0.99981        0.99749
   425.0        0.11746        0.99982        0.99750
   426.0        0.11735        0.99982        0.99751
   427.0        0.11725        0.99982        0.99752
   428.0        0.11714        0.99982        0.99753
   429.0        0.11702        0.99982        0.99754
   430.0        0.11691        0.99982        0.99755
   431.0        0.11679        0.99982        0.99756
   432.0        0.11668        0.99982        0.99756
   433.0        0.11657        0.99982        0.99757
   434.0        0.11645        0.99982        0.99758
   435.0        0.11634        0.99983        0.99759
   436.0        0.11623        0.99983        0.99760
   437.0        0.11612        0.99983        0.99761
   438.0        0.11601        0.99983        0.99762
   439.0        0.11590        0.99983        0.99763
   440.0        0.11578        0.99983        0.99763
   441.0        0.11567        0.99983        0.99764
   442.0        0.11556        0.99983        0.99765
   443.0        0.11545        0.99983        0.99766
   444.0        0.11535        0.99983        0.99767
   445.0        0.11524        0.99983        0.99768
   446.0        0.11513        0.99984        0.99768
   447.0        0.11502        0.99984        0.99769
   448.0        0.11491        0.99984        0.99770
   449.0        0.11481        0.99984        0.99771
   450.0        0.11470        0.99984        0.99772
   451.0        0.11459        0.99984        0.99772
   452.0        0.11449        0.99984        0.99773
   453.0        0.11438        0.99984        0.99774
   454.0        0.11427        0.99984        0.99775
   455.0        0.11417        0.99984        0.99776
   456.0        0.11406        0.99984        0.99776
   457.0        0.11396        0.99984        0.99777
   458.0        0.11385        0.99985        0.99778
   459.0        0.11375        0.99985        0.99779
   460.0        0.11365        0.99985        0.99779
   461.0        0.11354        0.99985        0.99780
   462.0        0.11344        0.99985        0.99781
   463.0        0.11334        0.99985        0.99782
   464.0        0.11323        0.99985        0.99782
   465.0        0.11313        0.99985        0.99783
   466.0        0.11303        0.99985        0.99784
   467.0        0.11293        0.99985        0.99785
   468.0        0.11283        0.99985        0.99785
   469.0        0.11273        0.99985        0.99786
   470.0        0.11263        0.99985        0.99787
   471.0        0.11253        0.99986        0.99787
   472.0        0.11243        0.99986        0.99788
   473.0        0.11233        0.99986        0.99789
   474.0        0.11223        0.99986        0.99790
   475.0        0.11213        0.99986        0.99790
   476.0        0.11203        0.99986        0.99791
   477.0        0.11193        0.99986        0.99792
   478.0        0.11183        0.99986        0.99792
   479.0        0.11174        0.99986        0.99793
   480.0        0.11164        0.99986        0.99794
   481.0        0.11154        0.99986        0.99794
   482.0        0.11144        0.99986        0.99795
   483.0        0.11135        0.99986        0.99796
   484.0        0.11125        0.99986        0.99796
   485.0        0.11115        0.99986        0.99797
   486.0        0.11106        0.99987        0.99798
   487.0        0.11096        0.99987        0.99798
   488.0        0.11087        0.99987        0.99799
   489.0        0.11077        0.99987        0.99800
   490.0        0.11068        0.99987        0.99800
   491.0        0.11058        0.99987        0.99801
   492.0        0.11049        0.99987        0.99802
   493.0        0.11040        0.99987        0.99802
   494.0        0.11030        0.99987        0.99803
   495.0        0.11021        0.99987        0.99804
   496.0        0.11011        0.99987        0.99804
   497.0        0.11002        0.99987        0.99805
   498.0        0.10993        0.99987        0.99805
   499.0        0.10984        0.99987        0.99806
   500.0        0.10975        0.99987        0.99807
   501.0        0.10965        0.99987        0.99807
   502.0        0.10956        0.99988        0.99808
   503.0        0.10947        0.99988        0.99808
   504.0        0.10938        0.99988        0.99809
   505.0        0.10929        0.99988        0.99810
   506.0        0.10920        0.99988        0.99810
   507.0        0.10911        0.99988        0.99811
   508.0        0.10902        0.99988        0.99811
   509.0        0.10893        0.99988        0.99812
   510.0        0.10884        0.99988        0.99813
   511.0        0.10875        0.99988        0.99813
   512.0        0.10866        0.99988        0.99814
   513.0        0.10857        0.99988        0.99814
   514.0        0.10848        0.99988        0.99815
   515.0        0.10840        0.99988        0.99815
   516.0        0.10831        0.99988        0.99816
   517.0        0.10822        0.99988        0.99817
   518.0        0.10813        0.99988        0.99817
   519.0        0.10805        0.99988        0.99818
   520.0        0.10796        0.99988        0.99818
   521.0        0.10787        0.99988        0.99819
   522.0        0.10779        0.99989        0.99819
   523.0        0.10770        0.99989        0.99820
   524.0        0.10761        0.99989        0.99820
   525.0        0.10753        0.99989        0.99821
   526.0        0.10744        0.99989        0.99821
   527.0        0.10736        0.99989        0.99822
   528.0        0.10727        0.99989        0.99823
   529.0        0.10719        0.99989        0.99823
   530.0        0.10710        0.99989        0.99824
   531.0        0.10702        0.99989        0.99824
   532.0        0.10693        0.99989        0.99825
   533.0        0.10685        0.99989        0.99825
   534.0        0.10677        0.99989        0.99826
   535.0        0.10668        0.99989        0.99826
   536.0        0.10660        0.99989        0.99827
   537.0        0.10652        0.99989        0.99827
   538.0        0.10643        0.99989        0.99828
   539.0        0.10635        0.99989        0.99828
   540.0        0.10627        0.99989        0.99829
   541.0        0.10619        0.99989        0.99829
   542.0        0.10610        0.99989        0.99830
   543.0        0.10602        0.99989        0.99830
   544.0        0.10594        0.99990        0.99831
   545.0        0.10586        0.99990        0.99831
   546.0        0.10578        0.99990        0.99832
   547.0        0.10570        0.99990        0.99832
   548.0        0.10562        0.99990        0.99833
   549.0        0.10554        0.99990        0.99833
   550.0        0.10546        0.99990        0.99834
   551.0        0.10538        0.99990        0.99834
   552.0        0.10530        0.99990        0.99835
   553.0        0.10522        0.99990        0.99835
   554.0        0.10514        0.99990        0.99836
   555.0        0.10506        0.99990        0.99836
   556.0        0.10498        0.99990        0.99836
   557.0        0.10490        0.99990        0.99837
   558.0        0.10482        0.99990        0.99837
   559.0        0.10474        0.99990        0.99838
   560.0        0.10466        0.99990        0.99838
   561.0        0.10459        0.99990        0.99839
   562.0        0.10451        0.99990        0.99839
   563.0        0.10443        0.99990        0.99840
   564.0        0.10435        0.99990        0.99840
   565.0        0.10428        0.99990        0.99841
   566.0        0.10420        0.99990        0.99841
   567.0        0.10412        0.99990        0.99841
   568.0        0.10404        0.99990        0.99842
   569.0        0.10396        0.99990        0.99842
   570.0        0.10388        0.99991        0.99843
   571.0        0.10380        0.99991        0.99843
   572.0        0.10372        0.99991        0.99844
   573.0        0.10364        0.99991        0.99844
   574.0        0.10355        0.99991        0.99844
   575.0        0.10347        0.99991        0.99845
   576.0        0.10339        0.99991        0.99845
   577.0        0.10331        0.99991        0.99846
   578.0        0.10323        0.99991        0.99846
   579.0        0.10315        0.99991        0.99846
   580.0        0.10307        0.99991        0.99847
   581.0        0.10300        0.99991        0.99847
   582.0        0.10292        0.99991        0.99848
   583.0        0.10284        0.99991        0.99848
   584.0        0.10276        0.99991        0.99849
   585.0        0.10268        0.99991        0.99849
   586.0        0.10260        0.99991        0.99849
   587.0        0.10252        0.99991        0.99850
   588.0        0.10245        0.99991        0.99850
   589.0        0.10237        0.99991        0.99851
   590.0        0.10229        0.99991        0.99851
   591.0        0.10221        0.99991        0.99851
   592.0        0.10214        0.99991        0.99852
   593.0        0.10206        0.99991        0.99852
   594.0        0.10198        0.99991        0.99852
   595.0        0.10191        0.99991        0.99853
   596.0        0.10183        0.99991        0.99853
   597.0        0.10175        0.99991        0.99854
   598.0        0.10168        0.99991        0.99854
   599.0        0.10160        0.99991        0.99854
   600.0        0.10153        0.99991        0.99855
   601.0        0.10145        0.99992        0.99855
   602.0        0.10138        0.99992        0.99855
   603.0        0.10130        0.99992        0.99856
   604.0        0.10123        0.99992        0.99856
   605.0        0.10115        0.99992        0.99857
   606.0        0.10108        0.99992        0.99857
   607.0        0.10100        0.99992        0.99857
   608.0        0.10093        0.99992        0.99858
   609.0        0.10085        0.99992        0.99858
   610.0        0.10078        0.99992        0.99858
   611.0        0.10071        0.99992        0.99859
   612.0        0.10063        0.99992        0.99859
   613.0        0.10056        0.99992        0.99859
   614.0        0.10049        0.99992        0.99860
   615.0        0.10041        0.99992        0.99860
   616.0        0.10034        0.99992        0.99861
   617.0        0.10027        0.99992        0.99861
   618.0        0.10020        0.99992        0.99861
   619.0        0.10012        0.99992        0.99862
   620.0        0.10005        0.99992        0.99862
   621.0        0.09998        0.99992        0.99862
   622.0        0.09991        0.99992        0.99863
   623.0        0.09984        0.99992        0.99863
   624.0        0.09976        0.99992        0.99863
   625.0        0.09969        0.99992        0.99864
   626.0        0.09962        0.99992        0.99864
   627.0        0.09955        0.99992        0.99864
   628.0        0.09948        0.99992        0.99865
   629.0        0.09941        0.99992        0.99865
   630.0        0.09934        0.99992        0.99865
   631.0        0.09927        0.99992        0.99866
   632.0        0.09920        0.99992        0.99866
   633.0        0.09913        0.99992        0.99866
   634.0        0.09906        0.99992        0.99867
   635.0        0.09899        0.99992        0.99867
   636.0        0.09892        0.99992        0.99867
   637.0        0.09885        0.99993        0.99868
   638.0        0.09878        0.99993        0.99868
   639.0        0.09871        0.99993        0.99868
   640.0        0.09864        0.99993        0.99869
   641.0        0.09857        0.99993        0.99869
   642.0        0.09851        0.99993        0.99869
   643.0        0.09844        0.99993        0.99870
   644.0        0.09837        0.99993        0.99870
   645.0        0.09830        0.99993        0.99870
   646.0        0.09823        0.99993        0.99870
   647.0        0.09817        0.99993        0.99871
   648.0        0.09810        0.99993        0.99871
   649.0        0.09803        0.99993        0.99871
   650.0        0.09796        0.99993        0.99872
   651.0        0.09790        0.99993        0.99872
   652.0        0.09783        0.99993        0.99872
   653.0        0.09776        0.99993        0.99873
   654.0        0.09770        0.99993        0.99873
   655.0        0.09763        0.99993        0.99873
   656.0        0.09756        0.99993        0.99874
   657.0        0.09750        0.99993        0.99874
   658.0        0.09743        0.99993        0.99874
   659.0        0.09736        0.99993        0.99874
   660.0        0.09730        0.99993        0.99875
   661.0        0.09723        0.99993        0.99875
   662.0        0.09717        0.99993        0.99875
   663.0        0.09710        0.99993        0.99876
   664.0        0.09704        0.99993        0.99876
   665.0        0.09697        0.99993        0.99876
   666.0        0.09691        0.99993        0.99876
   667.0        0.09684        0.99993        0.99877
   668.0        0.09678        0.99993        0.99877
   669.0        0.09671        0.99993        0.99877
   670.0        0.09665        0.99993        0.99878
   671.0        0.09658        0.99993        0.99878
   672.0        0.09652        0.99993        0.99878
   673.0        0.09646        0.99993        0.99878
   674.0        0.09639        0.99993        0.99879
   675.0        0.09633        0.99993        0.99879
   676.0        0.09626        0.99993        0.99879
   677.0        0.09620        0.99993        0.99880
   678.0        0.09614        0.99993        0.99880
   679.0        0.09607        0.99993        0.99880
   680.0        0.09601        0.99993        0.99880
   681.0        0.09595        0.99993        0.99881
   682.0        0.09589        0.99993        0.99881
   683.0        0.09582        0.99993        0.99881
   684.0        0.09576        0.99993        0.99881
   685.0        0.09570        0.99993        0.99882
   686.0        0.09564        0.99994        0.99882
   687.0        0.09557        0.99994        0.99882
   688.0        0.09551        0.99994        0.99883
   689.0        0.09545        0.99994        0.99883
   690.0        0.09539        0.99994        0.99883
   691.0        0.09533        0.99994        0.99883
   692.0        0.09526        0.99994        0.99884
   693.0        0.09520        0.99994        0.99884
   694.0        0.09514        0.99994        0.99884
   695.0        0.09508        0.99994        0.99884
   696.0        0.09502        0.99994        0.99885
   697.0        0.09496        0.99994        0.99885
   698.0        0.09490        0.99994        0.99885
   699.0        0.09484        0.99994        0.99885
   700.0        0.09478        0.99994        0.99886
   701.0        0.09472        0.99994        0.99886
   702.0        0.09466        0.99994        0.99886
   703.0        0.09460        0.99994        0.99886
   704.0        0.09454        0.99994        0.99887
   705.0        0.09448        0.99994        0.99887
   706.0        0.09442        0.99994        0.99887
   707.0        0.09436        0.99994        0.99887
   708.0        0.09430        0.99994        0.99888
   709.0        0.09424        0.99994        0.99888
   710.0        0.09418        0.99994        0.99888
   711.0        0.09412        0.99994        0.99888
   712.0        0.09406        0.99994        0.99889
   713.0        0.09400        0.99994        0.99889
   714.0        0.09394        0.99994        0.99889
   715.0        0.09389        0.99994        0.99889
   716.0        0.09383        0.99994        0.99890
   717.0        0.09377        0.99994        0.99890
   718.0        0.09371        0.99994        0.99890
   719.0        0.09365        0.99994        0.99890
   720.0        0.09359        0.99994        0.99891
   721.0        0.09354        0.99994        0.99891
   722.0        0.09348        0.99994        0.99891
   723.0        0.09342        0.99994        0.99891
   724.0        0.09336        0.99994        0.99891
   725.0        0.09331        0.99994        0.99892
   726.0        0.09325        0.99994        0.99892
   727.0        0.09319        0.99994        0.99892
   728.0        0.09313        0.99994        0.99892
   729.0        0.09308        0.99994        0.99893
   730.0        0.09302        0.99994        0.99893
   731.0        0.09296        0.99994        0.99893
   732.0        0.09291        0.99994        0.99893
   733.0        0.09285        0.99994        0.99894
   734.0        0.09279        0.99994        0.99894
   735.0        0.09274        0.99994        0.99894
   736.0        0.09268        0.99994        0.99894
   737.0        0.09263        0.99994        0.99894
   738.0        0.09257        0.99994        0.99895
   739.0        0.09251        0.99994        0.99895
   740.0        0.09246        0.99994        0.99895
   741.0        0.09240        0.99994        0.99895
   742.0        0.09235        0.99994        0.99896
   743.0        0.09229        0.99994        0.99896
   744.0        0.09224        0.99994        0.99896
   745.0        0.09218        0.99994        0.99896
   746.0        0.09213        0.99994        0.99896
   747.0        0.09207        0.99994        0.99897
   748.0        0.09202        0.99994        0.99897
   749.0        0.09196        0.99994        0.99897
   750.0        0.09191        0.99995        0.99897
   751.0        0.09185        0.99995        0.99897
   752.0        0.09180        0.99995        0.99898
   753.0        0.09174        0.99995        0.99898
   754.0        0.09169        0.99995        0.99898
   755.0        0.09163        0.99995        0.99898
   756.0        0.09157        0.99995        0.99899
   757.0        0.09151        0.99995        0.99899
   758.0        0.09146        0.99995        0.99899
   759.0        0.09140        0.99995        0.99899
   760.0        0.09134        0.99995        0.99899
   761.0        0.09128        0.99995        0.99900
   762.0        0.09123        0.99995        0.99900
   763.0        0.09117        0.99995        0.99900
   764.0        0.09111        0.99995        0.99900
   765.0        0.09106        0.99995        0.99900
   766.0        0.09100        0.99995        0.99901
   767.0        0.09094        0.99995        0.99901
   768.0        0.09089        0.99995        0.99901
   769.0        0.09083        0.99995        0.99901
   770.0        0.09078        0.99995        0.99901
   771.0        0.09072        0.99995        0.99902
   772.0        0.09066        0.99995        0.99902
   773.0        0.09061        0.99995        0.99902
   774.0        0.09055        0.99995        0.99902
   775.0        0.09050        0.99995        0.99902
   776.0        0.09044        0.99995        0.99902
   777.0        0.09039        0.99995        0.99903
   778.0        0.09033        0.99995        0.99903
   779.0        0.09028        0.99995        0.99903
   780.0        0.09022        0.99995        0.99903
   781.0        0.09017        0.99995        0.99903
   782.0        0.09011        0.99995        0.99904
   783.0        0.09006        0.99995        0.99904
   784.0        0.09000        0.99995        0.99904
   785.0        0.08995        0.99995        0.99904
   786.0        0.08989        0.99995        0.99904
   787.0        0.08984        0.99995        0.99905
   788.0        0.08978        0.99995        0.99905
   789.0        0.08973        0.99995        0.99905
   790.0        0.08968        0.99995        0.99905
   791.0        0.08962        0.99995        0.99905
   792.0        0.08957        0.99995        0.99905
   793.0        0.08951        0.99995        0.99906
   794.0        0.08946        0.99995        0.99906
   795.0        0.08941        0.99995        0.99906
   796.0        0.08935        0.99995        0.99906
   797.0        0.08930        0.99995        0.99906
   798.0        0.08925        0.99995        0.99907
   799.0        0.08919        0.99995        0.99907
   800.0        0.08914        0.99995        0.99907
   801.0        0.08909        0.99995        0.99907
   802.0        0.08904        0.99995        0.99907
   803.0        0.08898        0.99995        0.99907
   804.0        0.08893        0.99995        0.99908
   805.0        0.08888        0.99995        0.99908
   806.0        0.08883        0.99995        0.99908
   807.0        0.08877        0.99995        0.99908
   808.0        0.08872        0.99995        0.99908
   809.0        0.08867        0.99995        0.99908
   810.0        0.08862        0.99995        0.99909
   811.0        0.08856        0.99995        0.99909
   812.0        0.08851        0.99995        0.99909
   813.0        0.08846        0.99995        0.99909
   814.0        0.08841        0.99995        0.99909
   815.0        0.08836        0.99995        0.99909
   816.0        0.08831        0.99995        0.99910
   817.0        0.08825        0.99995        0.99910
   818.0        0.08820        0.99995        0.99910
   819.0        0.08815        0.99995        0.99910
   820.0        0.08810        0.99995        0.99910
   821.0        0.08805        0.99995        0.99910
   822.0        0.08800        0.99995        0.99911
   823.0        0.08795        0.99995        0.99911
   824.0        0.08790        0.99995        0.99911
   825.0        0.08785        0.99995        0.99911
   826.0        0.08780        0.99995        0.99911
   827.0        0.08775        0.99995        0.99911
   828.0        0.08770        0.99995        0.99912
   829.0        0.08765        0.99995        0.99912
   830.0        0.08760        0.99995        0.99912
   831.0        0.08755        0.99995        0.99912
   832.0        0.08749        0.99995        0.99912
   833.0        0.08745        0.99995        0.99912
   834.0        0.08740        0.99995        0.99913
   835.0        0.08735        0.99995        0.99913
   836.0        0.08730        0.99995        0.99913
   837.0        0.08725        0.99995        0.99913
   838.0        0.08720        0.99995        0.99913
   839.0        0.08715        0.99996        0.99913
   840.0        0.08710        0.99996        0.99914
   841.0        0.08705        0.99996        0.99914
   842.0        0.08700        0.99996        0.99914
   843.0        0.08695        0.99996        0.99914
   844.0        0.08690        0.99996        0.99914
   845.0        0.08685        0.99996        0.99914
   846.0        0.08680        0.99996        0.99914
   847.0        0.08676        0.99996        0.99915
   848.0        0.08671        0.99996        0.99915
   849.0        0.08666        0.99996        0.99915
   850.0        0.08661        0.99996        0.99915
   851.0        0.08656        0.99996        0.99915
   852.0        0.08651        0.99996        0.99915
   853.0        0.08646        0.99996        0.99916
   854.0        0.08642        0.99996        0.99916
   855.0        0.08637        0.99996        0.99916
   856.0        0.08632        0.99996        0.99916
   857.0        0.08627        0.99996        0.99916
   858.0        0.08622        0.99996        0.99916
   859.0        0.08618        0.99996        0.99916
   860.0        0.08613        0.99996        0.99917
   861.0        0.08608        0.99996        0.99917
   862.0        0.08603        0.99996        0.99917
   863.0        0.08599        0.99996        0.99917
   864.0        0.08594        0.99996        0.99917
   865.0        0.08589        0.99996        0.99917
   866.0        0.08585        0.99996        0.99917
   867.0        0.08580        0.99996        0.99918
   868.0        0.08575        0.99996        0.99918
   869.0        0.08570        0.99996        0.99918
   870.0        0.08566        0.99996        0.99918
   871.0        0.08561        0.99996        0.99918
   872.0        0.08556        0.99996        0.99918
   873.0        0.08552        0.99996        0.99918
   874.0        0.08547        0.99996        0.99919
   875.0        0.08542        0.99996        0.99919
   876.0        0.08538        0.99996        0.99919
   877.0        0.08533        0.99996        0.99919
   878.0        0.08529        0.99996        0.99919
   879.0        0.08524        0.99996        0.99919
   880.0        0.08519        0.99996        0.99919
   881.0        0.08515        0.99996        0.99920
   882.0        0.08510        0.99996        0.99920
   883.0        0.08506        0.99996        0.99920
   884.0        0.08501        0.99996        0.99920
   885.0        0.08496        0.99996        0.99920
   886.0        0.08492        0.99996        0.99920
   887.0        0.08487        0.99996        0.99920
   888.0        0.08483        0.99996        0.99921
   889.0        0.08478        0.99996        0.99921
   890.0        0.08474        0.99996        0.99921
   891.0        0.08469        0.99996        0.99921
   892.0        0.08465        0.99996        0.99921
   893.0        0.08460        0.99996        0.99921
   894.0        0.08456        0.99996        0.99921
   895.0        0.08451        0.99996        0.99922
   896.0        0.08447        0.99996        0.99922
   897.0        0.08442        0.99996        0.99922
   898.0        0.08438        0.99996        0.99922
   899.0        0.08433        0.99996        0.99922
   900.0        0.08429        0.99996        0.99922
   901.0        0.08424        0.99996        0.99922
   902.0        0.08420        0.99996        0.99922
   903.0        0.08416        0.99996        0.99923
   904.0        0.08411        0.99996        0.99923
   905.0        0.08407        0.99996        0.99923
   906.0        0.08402        0.99996        0.99923
   907.0        0.08398        0.99996        0.99923
   908.0        0.08394        0.99996        0.99923
   909.0        0.08389        0.99996        0.99923
   910.0        0.08385        0.99996        0.99923
   911.0        0.08380        0.99996        0.99924
   912.0        0.08376        0.99996        0.99924
   913.0        0.08372        0.99996        0.99924
   914.0        0.08367        0.99996        0.99924
   915.0        0.08363        0.99996        0.99924
   916.0        0.08359        0.99996        0.99924
   917.0        0.08354        0.99996        0.99924
   918.0        0.08350        0.99996        0.99924
   919.0        0.08346        0.99996        0.99925
   920.0        0.08341        0.99996        0.99925
   921.0        0.08337        0.99996        0.99925
   922.0        0.08333        0.99996        0.99925
   923.0        0.08328        0.99996        0.99925
   924.0        0.08324        0.99996        0.99925
   925.0        0.08320        0.99996        0.99925
   926.0        0.08316        0.99996        0.99925
   927.0        0.08311        0.99996        0.99926
   928.0        0.08307        0.99996        0.99926
   929.0        0.08303        0.99996        0.99926
   930.0        0.08299        0.99996        0.99926
   931.0        0.08294        0.99996        0.99926
   932.0        0.08290        0.99996        0.99926
   933.0        0.08286        0.99996        0.99926
   934.0        0.08282        0.99996        0.99926
   935.0        0.08278        0.99996        0.99927
   936.0        0.08273        0.99996        0.99927
   937.0        0.08269        0.99996        0.99927
   938.0        0.08265        0.99996        0.99927
   939.0        0.08261        0.99996        0.99927
   940.0        0.08257        0.99996        0.99927
   941.0        0.08252        0.99996        0.99927
   942.0        0.08248        0.99996        0.99927
   943.0        0.08244        0.99996        0.99928
   944.0        0.08240        0.99996        0.99928
   945.0        0.08236        0.99996        0.99928
   946.0        0.08232        0.99996        0.99928
   947.0        0.08228        0.99996        0.99928
   948.0        0.08223        0.99996        0.99928
   949.0        0.08219        0.99996        0.99928
   950.0        0.08215        0.99996        0.99928
   951.0        0.08211        0.99996        0.99928
   952.0        0.08207        0.99996        0.99929
   953.0        0.08203        0.99996        0.99929
   954.0        0.08199        0.99996        0.99929
   955.0        0.08195        0.99996        0.99929
   956.0        0.08191        0.99996        0.99929
   957.0        0.08187        0.99996        0.99929
   958.0        0.08183        0.99996        0.99929
   959.0        0.08178        0.99996        0.99929
   960.0        0.08174        0.99996        0.99929
   961.0        0.08170        0.99996        0.99930
   962.0        0.08166        0.99996        0.99930
   963.0        0.08162        0.99996        0.99930
   964.0        0.08158        0.99996        0.99930
   965.0        0.08154        0.99996        0.99930
   966.0        0.08150        0.99996        0.99930
   967.0        0.08146        0.99996        0.99930
   968.0        0.08142        0.99996        0.99930
   969.0        0.08138        0.99996        0.99930
   970.0        0.08134        0.99996        0.99931
   971.0        0.08130        0.99996        0.99931
   972.0        0.08126        0.99996        0.99931
   973.0        0.08122        0.99996        0.99931
   974.0        0.08118        0.99996        0.99931
   975.0        0.08114        0.99996        0.99931
   976.0        0.08111        0.99997        0.99931
   977.0        0.08107        0.99997        0.99931
   978.0        0.08103        0.99997        0.99931
   979.0        0.08099        0.99997        0.99932
   980.0        0.08095        0.99997        0.99932
   981.0        0.08091        0.99997        0.99932
   982.0        0.08087        0.99997        0.99932
   983.0        0.08083        0.99997        0.99932
   984.0        0.08079        0.99997        0.99932
   985.0        0.08075        0.99997        0.99932
   986.0        0.08071        0.99997        0.99932
   987.0        0.08067        0.99997        0.99932
   988.0        0.08064        0.99997        0.99932
   989.0        0.08060        0.99997        0.99933
   990.0        0.08056        0.99997        0.99933
   991.0        0.08052        0.99997        0.99933
   992.0        0.08048        0.99997        0.99933
   993.0        0.08044        0.99997        0.99933
   994.0        0.08040        0.99997        0.99933
   995.0        0.08037        0.99997        0.99933
   996.0        0.08033        0.99997        0.99933
   997.0        0.08029        0.99997        0.99933
   998.0        0.08025        0.99997        0.99934
   999.0        0.08021        0.99997        0.99934
  1000.0        0.08017        0.99997        0.99934
