 polycarbonateLowVisc
 Density =    1.200000      Aeff =    11.58666      Zeff =    6.103000    
     1.0     3027.99268        0.00052        0.01060
     2.0      432.01932        0.00281        0.04216
     3.0      130.26671        0.00717        0.09087
     4.0       55.22224        0.01350        0.14899
     5.0       28.02147        0.02220        0.20948
     6.0       16.16811        0.03336        0.26753
     7.0       10.14729        0.04755        0.32160
     8.0        6.78583        0.06499        0.36992
     9.0        4.77347        0.08594        0.41397
    10.0        3.50826        0.11024        0.45438
    11.0        2.67302        0.13741        0.49001
    12.0        2.10006        0.16731        0.52267
    13.0        1.69114        0.20005        0.55304
    14.0        1.39316        0.23491        0.58127
    15.0        1.17167        0.27132        0.60748
    16.0        1.00185        0.30939        0.63193
    17.0        0.87107        0.34804        0.65476
    18.0        0.76856        0.38661        0.67581
    19.0        0.68645        0.42413        0.69456
    20.0        0.62024        0.46072        0.71190
    21.0        0.56629        0.49612        0.72816
    22.0        0.52196        0.53019        0.74321
    23.0        0.48514        0.56267        0.75732
    24.0        0.45435        0.59347        0.77046
    25.0        0.42792        0.62230        0.78240
    26.0        0.40524        0.64937        0.79345
    27.0        0.38571        0.67456        0.80371
    28.0        0.36887        0.69801        0.81333
    29.0        0.35425        0.71978        0.82228
    30.0        0.34152        0.73996        0.83066
    31.0        0.33031        0.75877        0.83850
    32.0        0.32025        0.77599        0.84571
    33.0        0.31117        0.79177        0.85237
    34.0        0.30310        0.80632        0.85863
    35.0        0.29589        0.81974        0.86452
    36.0        0.28943        0.83211        0.87007
    37.0        0.28356        0.84348        0.87526
    38.0        0.27824        0.85396        0.88016
    39.0        0.27341        0.86361        0.88478
    40.0        0.26903        0.87252        0.88915
    41.0        0.26502        0.88075        0.89330
    42.0        0.26136        0.88834        0.89723
    43.0        0.25801        0.89536        0.90094
    44.0        0.25493        0.90185        0.90446
    45.0        0.25207        0.90784        0.90780
    46.0        0.24942        0.91339        0.91098
    47.0        0.24697        0.91854        0.91399
    48.0        0.24452        0.92326        0.91679
    49.0        0.24211        0.92760        0.91942
    50.0        0.23985        0.93164        0.92192
    51.0        0.23773        0.93542        0.92431
    52.0        0.23573        0.93894        0.92660
    53.0        0.23384        0.94221        0.92878
    54.0        0.23207        0.94527        0.93087
    55.0        0.23039        0.94813        0.93287
    56.0        0.22880        0.95080        0.93479
    57.0        0.22729        0.95330        0.93663
    58.0        0.22585        0.95564        0.93839
    59.0        0.22448        0.95783        0.94008
    60.0        0.22317        0.95988        0.94170
    61.0        0.22192        0.96181        0.94325
    62.0        0.22073        0.96362        0.94475
    63.0        0.21959        0.96532        0.94618
    64.0        0.21850        0.96692        0.94756
    65.0        0.21746        0.96843        0.94889
    66.0        0.21646        0.96985        0.95017
    67.0        0.21549        0.97119        0.95140
    68.0        0.21457        0.97246        0.95259
    69.0        0.21365        0.97364        0.95373
    70.0        0.21262        0.97475        0.95480
    71.0        0.21162        0.97580        0.95583
    72.0        0.21066        0.97679        0.95682
    73.0        0.20972        0.97773        0.95778
    74.0        0.20882        0.97862        0.95871
    75.0        0.20794        0.97947        0.95961
    76.0        0.20709        0.98027        0.96048
    77.0        0.20625        0.98103        0.96132
    78.0        0.20544        0.98175        0.96213
    79.0        0.20465        0.98244        0.96292
    80.0        0.20388        0.98309        0.96368
    81.0        0.20313        0.98372        0.96442
    82.0        0.20240        0.98431        0.96514
    83.0        0.20169        0.98487        0.96583
    84.0        0.20100        0.98541        0.96651
    85.0        0.20032        0.98593        0.96716
    86.0        0.19966        0.98642        0.96779
    87.0        0.19902        0.98689        0.96841
    88.0        0.19839        0.98734        0.96901
    89.0        0.19777        0.98776        0.96959
    90.0        0.19717        0.98817        0.97016
    91.0        0.19658        0.98856        0.97071
    92.0        0.19601        0.98894        0.97124
    93.0        0.19544        0.98930        0.97176
    94.0        0.19489        0.98964        0.97227
    95.0        0.19435        0.98997        0.97276
    96.0        0.19382        0.99029        0.97324
    97.0        0.19330        0.99059        0.97370
    98.0        0.19279        0.99088        0.97416
    99.0        0.19229        0.99116        0.97460
   100.0        0.19180        0.99143        0.97503
   101.0        0.19122        0.99168        0.97544
   102.0        0.19065        0.99192        0.97583
   103.0        0.19009        0.99215        0.97622
   104.0        0.18954        0.99238        0.97660
   105.0        0.18900        0.99259        0.97697
   106.0        0.18847        0.99280        0.97733
   107.0        0.18794        0.99300        0.97768
   108.0        0.18743        0.99320        0.97802
   109.0        0.18692        0.99338        0.97835
   110.0        0.18642        0.99356        0.97868
   111.0        0.18593        0.99373        0.97900
   112.0        0.18545        0.99390        0.97931
   113.0        0.18497        0.99406        0.97962
   114.0        0.18450        0.99422        0.97992
   115.0        0.18404        0.99437        0.98021
   116.0        0.18358        0.99451        0.98049
   117.0        0.18313        0.99465        0.98077
   118.0        0.18269        0.99479        0.98104
   119.0        0.18225        0.99492        0.98131
   120.0        0.18182        0.99504        0.98157
   121.0        0.18139        0.99517        0.98183
   122.0        0.18097        0.99529        0.98208
   123.0        0.18055        0.99540        0.98232
   124.0        0.18014        0.99551        0.98256
   125.0        0.17974        0.99562        0.98279
   126.0        0.17934        0.99572        0.98302
   127.0        0.17895        0.99582        0.98325
   128.0        0.17856        0.99592        0.98347
   129.0        0.17817        0.99601        0.98368
   130.0        0.17779        0.99610        0.98390
   131.0        0.17742        0.99619        0.98410
   132.0        0.17705        0.99627        0.98431
   133.0        0.17668        0.99636        0.98451
   134.0        0.17629        0.99644        0.98470
   135.0        0.17588        0.99651        0.98488
   136.0        0.17547        0.99659        0.98507
   137.0        0.17507        0.99666        0.98525
   138.0        0.17467        0.99673        0.98543
   139.0        0.17428        0.99680        0.98560
   140.0        0.17389        0.99687        0.98577
   141.0        0.17351        0.99693        0.98594
   142.0        0.17313        0.99700        0.98610
   143.0        0.17275        0.99706        0.98626
   144.0        0.17238        0.99712        0.98642
   145.0        0.17201        0.99718        0.98657
   146.0        0.17165        0.99723        0.98673
   147.0        0.17129        0.99729        0.98688
   148.0        0.17093        0.99734        0.98702
   149.0        0.17058        0.99739        0.98717
   150.0        0.17023        0.99745        0.98731
   151.0        0.16988        0.99750        0.98745
   152.0        0.16954        0.99754        0.98759
   153.0        0.16920        0.99759        0.98772
   154.0        0.16887        0.99764        0.98786
   155.0        0.16853        0.99768        0.98799
   156.0        0.16820        0.99773        0.98812
   157.0        0.16788        0.99777        0.98824
   158.0        0.16756        0.99781        0.98837
   159.0        0.16723        0.99785        0.98849
   160.0        0.16692        0.99789        0.98861
   161.0        0.16660        0.99793        0.98873
   162.0        0.16629        0.99797        0.98884
   163.0        0.16598        0.99800        0.98896
   164.0        0.16568        0.99804        0.98907
   165.0        0.16537        0.99807        0.98918
   166.0        0.16507        0.99811        0.98929
   167.0        0.16477        0.99814        0.98940
   168.0        0.16448        0.99817        0.98950
   169.0        0.16418        0.99821        0.98961
   170.0        0.16389        0.99824        0.98971
   171.0        0.16361        0.99827        0.98981
   172.0        0.16330        0.99830        0.98991
   173.0        0.16297        0.99832        0.99000
   174.0        0.16265        0.99835        0.99009
   175.0        0.16233        0.99838        0.99019
   176.0        0.16201        0.99841        0.99028
   177.0        0.16169        0.99843        0.99037
   178.0        0.16138        0.99846        0.99046
   179.0        0.16107        0.99848        0.99054
   180.0        0.16076        0.99851        0.99063
   181.0        0.16046        0.99853        0.99071
   182.0        0.16015        0.99855        0.99080
   183.0        0.15985        0.99858        0.99088
   184.0        0.15955        0.99860        0.99096
   185.0        0.15926        0.99862        0.99104
   186.0        0.15896        0.99864        0.99112
   187.0        0.15867        0.99866        0.99120
   188.0        0.15838        0.99869        0.99127
   189.0        0.15809        0.99871        0.99135
   190.0        0.15781        0.99873        0.99142
   191.0        0.15753        0.99874        0.99150
   192.0        0.15725        0.99876        0.99157
   193.0        0.15697        0.99878        0.99164
   194.0        0.15669        0.99880        0.99171
   195.0        0.15642        0.99882        0.99178
   196.0        0.15614        0.99884        0.99185
   197.0        0.15587        0.99885        0.99192
   198.0        0.15560        0.99887        0.99198
   199.0        0.15534        0.99889        0.99205
   200.0        0.15507        0.99890        0.99212
   201.0        0.15481        0.99892        0.99218
   202.0        0.15455        0.99893        0.99224
   203.0        0.15429        0.99895        0.99231
   204.0        0.15403        0.99896        0.99237
   205.0        0.15378        0.99898        0.99243
   206.0        0.15352        0.99899        0.99249
   207.0        0.15327        0.99900        0.99255
   208.0        0.15302        0.99902        0.99261
   209.0        0.15277        0.99903        0.99267
   210.0        0.15253        0.99904        0.99272
   211.0        0.15228        0.99905        0.99278
   212.0        0.15204        0.99907        0.99284
   213.0        0.15179        0.99908        0.99289
   214.0        0.15155        0.99909        0.99295
   215.0        0.15132        0.99910        0.99300
   216.0        0.15108        0.99911        0.99305
   217.0        0.15084        0.99913        0.99311
   218.0        0.15061        0.99914        0.99316
   219.0        0.15038        0.99915        0.99321
   220.0        0.15015        0.99916        0.99326
   221.0        0.14992        0.99917        0.99331
   222.0        0.14969        0.99918        0.99336
   223.0        0.14946        0.99919        0.99341
   224.0        0.14924        0.99920        0.99346
   225.0        0.14901        0.99921        0.99350
   226.0        0.14879        0.99922        0.99355
   227.0        0.14857        0.99923        0.99360
   228.0        0.14835        0.99924        0.99365
   229.0        0.14813        0.99925        0.99369
   230.0        0.14791        0.99926        0.99374
   231.0        0.14770        0.99927        0.99378
   232.0        0.14748        0.99927        0.99382
   233.0        0.14727        0.99928        0.99387
   234.0        0.14706        0.99929        0.99391
   235.0        0.14685        0.99930        0.99395
   236.0        0.14664        0.99931        0.99400
   237.0        0.14643        0.99932        0.99404
   238.0        0.14622        0.99932        0.99408
   239.0        0.14602        0.99933        0.99412
   240.0        0.14581        0.99934        0.99416
   241.0        0.14561        0.99935        0.99420
   242.0        0.14541        0.99936        0.99424
   243.0        0.14521        0.99936        0.99428
   244.0        0.14501        0.99937        0.99432
   245.0        0.14481        0.99938        0.99436
   246.0        0.14461        0.99938        0.99439
   247.0        0.14441        0.99939        0.99443
   248.0        0.14422        0.99940        0.99447
   249.0        0.14402        0.99940        0.99451
   250.0        0.14383        0.99941        0.99454
   251.0        0.14364        0.99942        0.99458
   252.0        0.14345        0.99942        0.99461
   253.0        0.14326        0.99943        0.99465
   254.0        0.14307        0.99944        0.99468
   255.0        0.14288        0.99944        0.99472
   256.0        0.14270        0.99945        0.99475
   257.0        0.14251        0.99946        0.99479
   258.0        0.14232        0.99946        0.99482
   259.0        0.14214        0.99947        0.99485
   260.0        0.14196        0.99947        0.99488
   261.0        0.14178        0.99948        0.99492
   262.0        0.14160        0.99948        0.99495
   263.0        0.14142        0.99949        0.99498
   264.0        0.14124        0.99949        0.99501
   265.0        0.14106        0.99950        0.99504
   266.0        0.14088        0.99951        0.99507
   267.0        0.14069        0.99951        0.99510
   268.0        0.14049        0.99952        0.99513
   269.0        0.14029        0.99952        0.99516
   270.0        0.14009        0.99952        0.99519
   271.0        0.13989        0.99953        0.99522
   272.0        0.13969        0.99953        0.99525
   273.0        0.13949        0.99954        0.99528
   274.0        0.13930        0.99954        0.99530
   275.0        0.13910        0.99955        0.99533
   276.0        0.13891        0.99955        0.99536
   277.0        0.13871        0.99956        0.99538
   278.0        0.13852        0.99956        0.99541
   279.0        0.13833        0.99957        0.99544
   280.0        0.13814        0.99957        0.99546
   281.0        0.13795        0.99957        0.99549
   282.0        0.13776        0.99958        0.99552
   283.0        0.13757        0.99958        0.99554
   284.0        0.13739        0.99959        0.99557
   285.0        0.13720        0.99959        0.99559
   286.0        0.13702        0.99959        0.99562
   287.0        0.13683        0.99960        0.99564
   288.0        0.13665        0.99960        0.99566
   289.0        0.13647        0.99961        0.99569
   290.0        0.13629        0.99961        0.99571
   291.0        0.13611        0.99961        0.99574
   292.0        0.13593        0.99962        0.99576
   293.0        0.13575        0.99962        0.99578
   294.0        0.13557        0.99962        0.99581
   295.0        0.13539        0.99963        0.99583
   296.0        0.13522        0.99963        0.99585
   297.0        0.13504        0.99963        0.99587
   298.0        0.13487        0.99964        0.99590
   299.0        0.13469        0.99964        0.99592
   300.0        0.13452        0.99964        0.99594
   301.0        0.13435        0.99965        0.99596
   302.0        0.13418        0.99965        0.99598
   303.0        0.13401        0.99965        0.99600
   304.0        0.13384        0.99966        0.99603
   305.0        0.13367        0.99966        0.99605
   306.0        0.13350        0.99966        0.99607
   307.0        0.13333        0.99966        0.99609
   308.0        0.13317        0.99967        0.99611
   309.0        0.13300        0.99967        0.99613
   310.0        0.13284        0.99967        0.99615
   311.0        0.13267        0.99968        0.99617
   312.0        0.13251        0.99968        0.99619
   313.0        0.13235        0.99968        0.99621
   314.0        0.13219        0.99968        0.99623
   315.0        0.13203        0.99969        0.99625
   316.0        0.13187        0.99969        0.99627
   317.0        0.13171        0.99969        0.99628
   318.0        0.13155        0.99969        0.99630
   319.0        0.13139        0.99970        0.99632
   320.0        0.13123        0.99970        0.99634
   321.0        0.13107        0.99970        0.99636
   322.0        0.13092        0.99970        0.99638
   323.0        0.13076        0.99971        0.99639
   324.0        0.13061        0.99971        0.99641
   325.0        0.13045        0.99971        0.99643
   326.0        0.13030        0.99971        0.99645
   327.0        0.13015        0.99971        0.99647
   328.0        0.13000        0.99972        0.99648
   329.0        0.12984        0.99972        0.99650
   330.0        0.12969        0.99972        0.99652
   331.0        0.12954        0.99972        0.99653
   332.0        0.12939        0.99973        0.99655
   333.0        0.12924        0.99973        0.99657
   334.0        0.12910        0.99973        0.99658
   335.0        0.12895        0.99973        0.99660
   336.0        0.12880        0.99973        0.99662
   337.0        0.12866        0.99974        0.99663
   338.0        0.12851        0.99974        0.99665
   339.0        0.12836        0.99974        0.99666
   340.0        0.12822        0.99974        0.99668
   341.0        0.12808        0.99974        0.99670
   342.0        0.12793        0.99975        0.99671
   343.0        0.12779        0.99975        0.99673
   344.0        0.12765        0.99975        0.99674
   345.0        0.12751        0.99975        0.99676
   346.0        0.12736        0.99975        0.99677
   347.0        0.12722        0.99976        0.99679
   348.0        0.12708        0.99976        0.99680
   349.0        0.12695        0.99976        0.99682
   350.0        0.12681        0.99976        0.99683
   351.0        0.12667        0.99976        0.99685
   352.0        0.12653        0.99976        0.99686
   353.0        0.12639        0.99977        0.99688
   354.0        0.12626        0.99977        0.99689
   355.0        0.12612        0.99977        0.99690
   356.0        0.12598        0.99977        0.99692
   357.0        0.12585        0.99977        0.99693
   358.0        0.12572        0.99977        0.99695
   359.0        0.12558        0.99978        0.99696
   360.0        0.12545        0.99978        0.99697
   361.0        0.12532        0.99978        0.99699
   362.0        0.12518        0.99978        0.99700
   363.0        0.12505        0.99978        0.99701
   364.0        0.12492        0.99978        0.99703
   365.0        0.12479        0.99979        0.99704
   366.0        0.12466        0.99979        0.99705
   367.0        0.12453        0.99979        0.99707
   368.0        0.12440        0.99979        0.99708
   369.0        0.12427        0.99979        0.99709
   370.0        0.12414        0.99979        0.99710
   371.0        0.12401        0.99979        0.99712
   372.0        0.12389        0.99980        0.99713
   373.0        0.12376        0.99980        0.99714
   374.0        0.12363        0.99980        0.99715
   375.0        0.12351        0.99980        0.99717
   376.0        0.12338        0.99980        0.99718
   377.0        0.12326        0.99980        0.99719
   378.0        0.12313        0.99980        0.99720
   379.0        0.12301        0.99981        0.99721
   380.0        0.12289        0.99981        0.99723
   381.0        0.12276        0.99981        0.99724
   382.0        0.12264        0.99981        0.99725
   383.0        0.12252        0.99981        0.99726
   384.0        0.12240        0.99981        0.99727
   385.0        0.12227        0.99981        0.99728
   386.0        0.12215        0.99981        0.99729
   387.0        0.12203        0.99982        0.99731
   388.0        0.12191        0.99982        0.99732
   389.0        0.12179        0.99982        0.99733
   390.0        0.12167        0.99982        0.99734
   391.0        0.12156        0.99982        0.99735
   392.0        0.12144        0.99982        0.99736
   393.0        0.12132        0.99982        0.99737
   394.0        0.12120        0.99982        0.99738
   395.0        0.12108        0.99982        0.99739
   396.0        0.12097        0.99983        0.99740
   397.0        0.12085        0.99983        0.99741
   398.0        0.12074        0.99983        0.99743
   399.0        0.12062        0.99983        0.99744
   400.0        0.12051        0.99983        0.99745
   401.0        0.12039        0.99983        0.99746
   402.0        0.12028        0.99983        0.99747
   403.0        0.12016        0.99983        0.99748
   404.0        0.12005        0.99983        0.99749
   405.0        0.11994        0.99984        0.99750
   406.0        0.11982        0.99984        0.99751
   407.0        0.11971        0.99984        0.99752
   408.0        0.11960        0.99984        0.99753
   409.0        0.11949        0.99984        0.99754
   410.0        0.11938        0.99984        0.99755
   411.0        0.11927        0.99984        0.99756
   412.0        0.11916        0.99984        0.99756
   413.0        0.11905        0.99984        0.99757
   414.0        0.11894        0.99984        0.99758
   415.0        0.11883        0.99984        0.99759
   416.0        0.11872        0.99985        0.99760
   417.0        0.11861        0.99985        0.99761
   418.0        0.11850        0.99985        0.99762
   419.0        0.11839        0.99985        0.99763
   420.0        0.11829        0.99985        0.99764
   421.0        0.11818        0.99985        0.99765
   422.0        0.11807        0.99985        0.99766
   423.0        0.11797        0.99985        0.99767
   424.0        0.11786        0.99985        0.99768
   425.0        0.11775        0.99985        0.99768
   426.0        0.11765        0.99985        0.99769
   427.0        0.11754        0.99985        0.99770
   428.0        0.11743        0.99986        0.99771
   429.0        0.11732        0.99986        0.99772
   430.0        0.11720        0.99986        0.99773
   431.0        0.11709        0.99986        0.99774
   432.0        0.11698        0.99986        0.99774
   433.0        0.11686        0.99986        0.99775
   434.0        0.11675        0.99986        0.99776
   435.0        0.11664        0.99986        0.99777
   436.0        0.11653        0.99986        0.99778
   437.0        0.11641        0.99986        0.99778
   438.0        0.11630        0.99986        0.99779
   439.0        0.11619        0.99986        0.99780
   440.0        0.11608        0.99986        0.99781
   441.0        0.11597        0.99987        0.99782
   442.0        0.11586        0.99987        0.99782
   443.0        0.11575        0.99987        0.99783
   444.0        0.11564        0.99987        0.99784
   445.0        0.11553        0.99987        0.99785
   446.0        0.11542        0.99987        0.99785
   447.0        0.11531        0.99987        0.99786
   448.0        0.11521        0.99987        0.99787
   449.0        0.11510        0.99987        0.99788
   450.0        0.11499        0.99987        0.99788
   451.0        0.11488        0.99987        0.99789
   452.0        0.11478        0.99987        0.99790
   453.0        0.11467        0.99987        0.99791
   454.0        0.11457        0.99987        0.99791
   455.0        0.11446        0.99988        0.99792
   456.0        0.11436        0.99988        0.99793
   457.0        0.11425        0.99988        0.99793
   458.0        0.11415        0.99988        0.99794
   459.0        0.11404        0.99988        0.99795
   460.0        0.11394        0.99988        0.99796
   461.0        0.11383        0.99988        0.99796
   462.0        0.11373        0.99988        0.99797
   463.0        0.11363        0.99988        0.99798
   464.0        0.11353        0.99988        0.99798
   465.0        0.11342        0.99988        0.99799
   466.0        0.11332        0.99988        0.99800
   467.0        0.11322        0.99988        0.99800
   468.0        0.11312        0.99988        0.99801
   469.0        0.11302        0.99988        0.99802
   470.0        0.11292        0.99988        0.99802
   471.0        0.11282        0.99988        0.99803
   472.0        0.11272        0.99989        0.99804
   473.0        0.11262        0.99989        0.99804
   474.0        0.11252        0.99989        0.99805
   475.0        0.11242        0.99989        0.99806
   476.0        0.11232        0.99989        0.99806
   477.0        0.11222        0.99989        0.99807
   478.0        0.11212        0.99989        0.99808
   479.0        0.11202        0.99989        0.99808
   480.0        0.11192        0.99989        0.99809
   481.0        0.11183        0.99989        0.99810
   482.0        0.11173        0.99989        0.99810
   483.0        0.11163        0.99989        0.99811
   484.0        0.11154        0.99989        0.99811
   485.0        0.11144        0.99989        0.99812
   486.0        0.11134        0.99989        0.99813
   487.0        0.11125        0.99989        0.99813
   488.0        0.11115        0.99989        0.99814
   489.0        0.11106        0.99989        0.99814
   490.0        0.11096        0.99990        0.99815
   491.0        0.11087        0.99990        0.99816
   492.0        0.11077        0.99990        0.99816
   493.0        0.11068        0.99990        0.99817
   494.0        0.11059        0.99990        0.99817
   495.0        0.11049        0.99990        0.99818
   496.0        0.11040        0.99990        0.99819
   497.0        0.11031        0.99990        0.99819
   498.0        0.11021        0.99990        0.99820
   499.0        0.11012        0.99990        0.99820
   500.0        0.11003        0.99990        0.99821
   501.0        0.10994        0.99990        0.99821
   502.0        0.10985        0.99990        0.99822
   503.0        0.10975        0.99990        0.99822
   504.0        0.10966        0.99990        0.99823
   505.0        0.10957        0.99990        0.99824
   506.0        0.10948        0.99990        0.99824
   507.0        0.10939        0.99990        0.99825
   508.0        0.10930        0.99990        0.99825
   509.0        0.10921        0.99990        0.99826
   510.0        0.10912        0.99990        0.99826
   511.0        0.10903        0.99990        0.99827
   512.0        0.10894        0.99990        0.99827
   513.0        0.10885        0.99991        0.99828
   514.0        0.10877        0.99991        0.99828
   515.0        0.10868        0.99991        0.99829
   516.0        0.10859        0.99991        0.99830
   517.0        0.10850        0.99991        0.99830
   518.0        0.10841        0.99991        0.99831
   519.0        0.10833        0.99991        0.99831
   520.0        0.10824        0.99991        0.99832
   521.0        0.10815        0.99991        0.99832
   522.0        0.10806        0.99991        0.99833
   523.0        0.10798        0.99991        0.99833
   524.0        0.10789        0.99991        0.99834
   525.0        0.10781        0.99991        0.99834
   526.0        0.10772        0.99991        0.99835
   527.0        0.10763        0.99991        0.99835
   528.0        0.10755        0.99991        0.99836
   529.0        0.10746        0.99991        0.99836
   530.0        0.10738        0.99991        0.99837
   531.0        0.10730        0.99991        0.99837
   532.0        0.10721        0.99991        0.99838
   533.0        0.10713        0.99991        0.99838
   534.0        0.10704        0.99991        0.99838
   535.0        0.10696        0.99991        0.99839
   536.0        0.10688        0.99991        0.99839
   537.0        0.10679        0.99991        0.99840
   538.0        0.10671        0.99991        0.99840
   539.0        0.10663        0.99991        0.99841
   540.0        0.10654        0.99992        0.99841
   541.0        0.10646        0.99992        0.99842
   542.0        0.10638        0.99992        0.99842
   543.0        0.10630        0.99992        0.99843
   544.0        0.10622        0.99992        0.99843
   545.0        0.10613        0.99992        0.99844
   546.0        0.10605        0.99992        0.99844
   547.0        0.10597        0.99992        0.99845
   548.0        0.10589        0.99992        0.99845
   549.0        0.10581        0.99992        0.99845
   550.0        0.10573        0.99992        0.99846
   551.0        0.10565        0.99992        0.99846
   552.0        0.10557        0.99992        0.99847
   553.0        0.10549        0.99992        0.99847
   554.0        0.10541        0.99992        0.99848
   555.0        0.10533        0.99992        0.99848
   556.0        0.10525        0.99992        0.99848
   557.0        0.10517        0.99992        0.99849
   558.0        0.10509        0.99992        0.99849
   559.0        0.10501        0.99992        0.99850
   560.0        0.10494        0.99992        0.99850
   561.0        0.10486        0.99992        0.99851
   562.0        0.10478        0.99992        0.99851
   563.0        0.10470        0.99992        0.99851
   564.0        0.10462        0.99992        0.99852
   565.0        0.10455        0.99992        0.99852
   566.0        0.10447        0.99992        0.99853
   567.0        0.10439        0.99992        0.99853
   568.0        0.10431        0.99992        0.99853
   569.0        0.10423        0.99992        0.99854
   570.0        0.10415        0.99992        0.99854
   571.0        0.10407        0.99992        0.99855
   572.0        0.10399        0.99993        0.99855
   573.0        0.10391        0.99993        0.99855
   574.0        0.10382        0.99993        0.99856
   575.0        0.10374        0.99993        0.99856
   576.0        0.10366        0.99993        0.99857
   577.0        0.10358        0.99993        0.99857
   578.0        0.10350        0.99993        0.99857
   579.0        0.10342        0.99993        0.99858
   580.0        0.10334        0.99993        0.99858
   581.0        0.10326        0.99993        0.99859
   582.0        0.10318        0.99993        0.99859
   583.0        0.10311        0.99993        0.99859
   584.0        0.10303        0.99993        0.99860
   585.0        0.10295        0.99993        0.99860
   586.0        0.10287        0.99993        0.99860
   587.0        0.10279        0.99993        0.99861
   588.0        0.10271        0.99993        0.99861
   589.0        0.10264        0.99993        0.99862
   590.0        0.10256        0.99993        0.99862
   591.0        0.10248        0.99993        0.99862
   592.0        0.10240        0.99993        0.99863
   593.0        0.10233        0.99993        0.99863
   594.0        0.10225        0.99993        0.99863
   595.0        0.10217        0.99993        0.99864
   596.0        0.10210        0.99993        0.99864
   597.0        0.10202        0.99993        0.99864
   598.0        0.10194        0.99993        0.99865
   599.0        0.10187        0.99993        0.99865
   600.0        0.10179        0.99993        0.99865
   601.0        0.10172        0.99993        0.99866
   602.0        0.10164        0.99993        0.99866
   603.0        0.10157        0.99993        0.99866
   604.0        0.10149        0.99993        0.99867
   605.0        0.10142        0.99993        0.99867
   606.0        0.10134        0.99993        0.99867
   607.0        0.10127        0.99993        0.99868
   608.0        0.10119        0.99993        0.99868
   609.0        0.10112        0.99993        0.99869
   610.0        0.10104        0.99993        0.99869
   611.0        0.10097        0.99993        0.99869
   612.0        0.10090        0.99994        0.99870
   613.0        0.10082        0.99994        0.99870
   614.0        0.10075        0.99994        0.99870
   615.0        0.10068        0.99994        0.99870
   616.0        0.10060        0.99994        0.99871
   617.0        0.10053        0.99994        0.99871
   618.0        0.10046        0.99994        0.99871
   619.0        0.10038        0.99994        0.99872
   620.0        0.10031        0.99994        0.99872
   621.0        0.10024        0.99994        0.99872
   622.0        0.10017        0.99994        0.99873
   623.0        0.10010        0.99994        0.99873
   624.0        0.10003        0.99994        0.99873
   625.0        0.09995        0.99994        0.99874
   626.0        0.09988        0.99994        0.99874
   627.0        0.09981        0.99994        0.99874
   628.0        0.09974        0.99994        0.99875
   629.0        0.09967        0.99994        0.99875
   630.0        0.09960        0.99994        0.99875
   631.0        0.09953        0.99994        0.99876
   632.0        0.09946        0.99994        0.99876
   633.0        0.09939        0.99994        0.99876
   634.0        0.09932        0.99994        0.99876
   635.0        0.09925        0.99994        0.99877
   636.0        0.09918        0.99994        0.99877
   637.0        0.09911        0.99994        0.99877
   638.0        0.09904        0.99994        0.99878
   639.0        0.09897        0.99994        0.99878
   640.0        0.09890        0.99994        0.99878
   641.0        0.09883        0.99994        0.99879
   642.0        0.09876        0.99994        0.99879
   643.0        0.09870        0.99994        0.99879
   644.0        0.09863        0.99994        0.99879
   645.0        0.09856        0.99994        0.99880
   646.0        0.09849        0.99994        0.99880
   647.0        0.09842        0.99994        0.99880
   648.0        0.09836        0.99994        0.99881
   649.0        0.09829        0.99994        0.99881
   650.0        0.09822        0.99994        0.99881
   651.0        0.09815        0.99994        0.99881
   652.0        0.09809        0.99994        0.99882
   653.0        0.09802        0.99994        0.99882
   654.0        0.09795        0.99994        0.99882
   655.0        0.09789        0.99994        0.99883
   656.0        0.09782        0.99994        0.99883
   657.0        0.09775        0.99994        0.99883
   658.0        0.09769        0.99994        0.99883
   659.0        0.09762        0.99994        0.99884
   660.0        0.09755        0.99994        0.99884
   661.0        0.09749        0.99994        0.99884
   662.0        0.09742        0.99994        0.99884
   663.0        0.09736        0.99994        0.99885
   664.0        0.09729        0.99995        0.99885
   665.0        0.09723        0.99995        0.99885
   666.0        0.09716        0.99995        0.99886
   667.0        0.09710        0.99995        0.99886
   668.0        0.09703        0.99995        0.99886
   669.0        0.09697        0.99995        0.99886
   670.0        0.09690        0.99995        0.99887
   671.0        0.09684        0.99995        0.99887
   672.0        0.09677        0.99995        0.99887
   673.0        0.09671        0.99995        0.99887
   674.0        0.09664        0.99995        0.99888
   675.0        0.09658        0.99995        0.99888
   676.0        0.09652        0.99995        0.99888
   677.0        0.09645        0.99995        0.99888
   678.0        0.09639        0.99995        0.99889
   679.0        0.09633        0.99995        0.99889
   680.0        0.09626        0.99995        0.99889
   681.0        0.09620        0.99995        0.99889
   682.0        0.09614        0.99995        0.99890
   683.0        0.09607        0.99995        0.99890
   684.0        0.09601        0.99995        0.99890
   685.0        0.09595        0.99995        0.99890
   686.0        0.09589        0.99995        0.99891
   687.0        0.09582        0.99995        0.99891
   688.0        0.09576        0.99995        0.99891
   689.0        0.09570        0.99995        0.99891
   690.0        0.09564        0.99995        0.99892
   691.0        0.09558        0.99995        0.99892
   692.0        0.09552        0.99995        0.99892
   693.0        0.09545        0.99995        0.99892
   694.0        0.09539        0.99995        0.99893
   695.0        0.09533        0.99995        0.99893
   696.0        0.09527        0.99995        0.99893
   697.0        0.09521        0.99995        0.99893
   698.0        0.09515        0.99995        0.99894
   699.0        0.09509        0.99995        0.99894
   700.0        0.09503        0.99995        0.99894
   701.0        0.09497        0.99995        0.99894
   702.0        0.09491        0.99995        0.99895
   703.0        0.09485        0.99995        0.99895
   704.0        0.09479        0.99995        0.99895
   705.0        0.09473        0.99995        0.99895
   706.0        0.09467        0.99995        0.99895
   707.0        0.09461        0.99995        0.99896
   708.0        0.09455        0.99995        0.99896
   709.0        0.09449        0.99995        0.99896
   710.0        0.09443        0.99995        0.99896
   711.0        0.09437        0.99995        0.99897
   712.0        0.09431        0.99995        0.99897
   713.0        0.09425        0.99995        0.99897
   714.0        0.09419        0.99995        0.99897
   715.0        0.09413        0.99995        0.99897
   716.0        0.09407        0.99995        0.99898
   717.0        0.09402        0.99995        0.99898
   718.0        0.09396        0.99995        0.99898
   719.0        0.09390        0.99995        0.99898
   720.0        0.09384        0.99995        0.99899
   721.0        0.09378        0.99995        0.99899
   722.0        0.09373        0.99995        0.99899
   723.0        0.09367        0.99995        0.99899
   724.0        0.09361        0.99995        0.99899
   725.0        0.09355        0.99995        0.99900
   726.0        0.09349        0.99995        0.99900
   727.0        0.09344        0.99995        0.99900
   728.0        0.09338        0.99995        0.99900
   729.0        0.09332        0.99995        0.99901
   730.0        0.09327        0.99995        0.99901
   731.0        0.09321        0.99995        0.99901
   732.0        0.09315        0.99995        0.99901
   733.0        0.09310        0.99995        0.99901
   734.0        0.09304        0.99995        0.99902
   735.0        0.09298        0.99995        0.99902
   736.0        0.09293        0.99995        0.99902
   737.0        0.09287        0.99995        0.99902
   738.0        0.09281        0.99995        0.99902
   739.0        0.09276        0.99996        0.99903
   740.0        0.09270        0.99996        0.99903
   741.0        0.09265        0.99996        0.99903
   742.0        0.09259        0.99996        0.99903
   743.0        0.09253        0.99996        0.99903
   744.0        0.09248        0.99996        0.99904
   745.0        0.09242        0.99996        0.99904
   746.0        0.09237        0.99996        0.99904
   747.0        0.09231        0.99996        0.99904
   748.0        0.09226        0.99996        0.99904
   749.0        0.09220        0.99996        0.99905
   750.0        0.09215        0.99996        0.99905
   751.0        0.09209        0.99996        0.99905
   752.0        0.09204        0.99996        0.99905
   753.0        0.09199        0.99996        0.99905
   754.0        0.09193        0.99996        0.99906
   755.0        0.09187        0.99996        0.99906
   756.0        0.09181        0.99996        0.99906
   757.0        0.09176        0.99996        0.99906
   758.0        0.09170        0.99996        0.99906
   759.0        0.09164        0.99996        0.99907
   760.0        0.09158        0.99996        0.99907
   761.0        0.09153        0.99996        0.99907
   762.0        0.09147        0.99996        0.99907
   763.0        0.09141        0.99996        0.99907
   764.0        0.09135        0.99996        0.99907
   765.0        0.09130        0.99996        0.99908
   766.0        0.09124        0.99996        0.99908
   767.0        0.09118        0.99996        0.99908
   768.0        0.09113        0.99996        0.99908
   769.0        0.09107        0.99996        0.99908
   770.0        0.09102        0.99996        0.99909
   771.0        0.09096        0.99996        0.99909
   772.0        0.09090        0.99996        0.99909
   773.0        0.09085        0.99996        0.99909
   774.0        0.09079        0.99996        0.99909
   775.0        0.09074        0.99996        0.99909
   776.0        0.09068        0.99996        0.99910
   777.0        0.09062        0.99996        0.99910
   778.0        0.09057        0.99996        0.99910
   779.0        0.09051        0.99996        0.99910
   780.0        0.09046        0.99996        0.99910
   781.0        0.09040        0.99996        0.99911
   782.0        0.09035        0.99996        0.99911
   783.0        0.09029        0.99996        0.99911
   784.0        0.09024        0.99996        0.99911
   785.0        0.09018        0.99996        0.99911
   786.0        0.09013        0.99996        0.99911
   787.0        0.09008        0.99996        0.99912
   788.0        0.09002        0.99996        0.99912
   789.0        0.08997        0.99996        0.99912
   790.0        0.08991        0.99996        0.99912
   791.0        0.08986        0.99996        0.99912
   792.0        0.08980        0.99996        0.99912
   793.0        0.08975        0.99996        0.99913
   794.0        0.08970        0.99996        0.99913
   795.0        0.08964        0.99996        0.99913
   796.0        0.08959        0.99996        0.99913
   797.0        0.08954        0.99996        0.99913
   798.0        0.08948        0.99996        0.99913
   799.0        0.08943        0.99996        0.99914
   800.0        0.08938        0.99996        0.99914
   801.0        0.08932        0.99996        0.99914
   802.0        0.08927        0.99996        0.99914
   803.0        0.08922        0.99996        0.99914
   804.0        0.08917        0.99996        0.99914
   805.0        0.08911        0.99996        0.99915
   806.0        0.08906        0.99996        0.99915
   807.0        0.08901        0.99996        0.99915
   808.0        0.08896        0.99996        0.99915
   809.0        0.08890        0.99996        0.99915
   810.0        0.08885        0.99996        0.99915
   811.0        0.08880        0.99996        0.99916
   812.0        0.08875        0.99996        0.99916
   813.0        0.08869        0.99996        0.99916
   814.0        0.08864        0.99996        0.99916
   815.0        0.08859        0.99996        0.99916
   816.0        0.08854        0.99996        0.99916
   817.0        0.08849        0.99996        0.99916
   818.0        0.08844        0.99996        0.99917
   819.0        0.08839        0.99996        0.99917
   820.0        0.08833        0.99996        0.99917
   821.0        0.08828        0.99996        0.99917
   822.0        0.08823        0.99996        0.99917
   823.0        0.08818        0.99996        0.99917
   824.0        0.08813        0.99996        0.99918
   825.0        0.08808        0.99996        0.99918
   826.0        0.08803        0.99996        0.99918
   827.0        0.08798        0.99996        0.99918
   828.0        0.08793        0.99996        0.99918
   829.0        0.08788        0.99996        0.99918
   830.0        0.08783        0.99996        0.99918
   831.0        0.08778        0.99996        0.99919
   832.0        0.08773        0.99996        0.99919
   833.0        0.08768        0.99996        0.99919
   834.0        0.08763        0.99996        0.99919
   835.0        0.08758        0.99996        0.99919
   836.0        0.08753        0.99996        0.99919
   837.0        0.08748        0.99996        0.99919
   838.0        0.08743        0.99996        0.99920
   839.0        0.08738        0.99996        0.99920
   840.0        0.08733        0.99996        0.99920
   841.0        0.08728        0.99996        0.99920
   842.0        0.08723        0.99996        0.99920
   843.0        0.08718        0.99996        0.99920
   844.0        0.08713        0.99996        0.99921
   845.0        0.08708        0.99996        0.99921
   846.0        0.08703        0.99996        0.99921
   847.0        0.08699        0.99996        0.99921
   848.0        0.08694        0.99996        0.99921
   849.0        0.08689        0.99996        0.99921
   850.0        0.08684        0.99997        0.99921
   851.0        0.08679        0.99997        0.99922
   852.0        0.08674        0.99997        0.99922
   853.0        0.08669        0.99997        0.99922
   854.0        0.08665        0.99997        0.99922
   855.0        0.08660        0.99997        0.99922
   856.0        0.08655        0.99997        0.99922
   857.0        0.08650        0.99997        0.99922
   858.0        0.08645        0.99997        0.99922
   859.0        0.08641        0.99997        0.99923
   860.0        0.08636        0.99997        0.99923
   861.0        0.08631        0.99997        0.99923
   862.0        0.08626        0.99997        0.99923
   863.0        0.08622        0.99997        0.99923
   864.0        0.08617        0.99997        0.99923
   865.0        0.08612        0.99997        0.99923
   866.0        0.08607        0.99997        0.99924
   867.0        0.08603        0.99997        0.99924
   868.0        0.08598        0.99997        0.99924
   869.0        0.08593        0.99997        0.99924
   870.0        0.08588        0.99997        0.99924
   871.0        0.08584        0.99997        0.99924
   872.0        0.08579        0.99997        0.99924
   873.0        0.08574        0.99997        0.99924
   874.0        0.08570        0.99997        0.99925
   875.0        0.08565        0.99997        0.99925
   876.0        0.08560        0.99997        0.99925
   877.0        0.08556        0.99997        0.99925
   878.0        0.08551        0.99997        0.99925
   879.0        0.08547        0.99997        0.99925
   880.0        0.08542        0.99997        0.99925
   881.0        0.08537        0.99997        0.99926
   882.0        0.08533        0.99997        0.99926
   883.0        0.08528        0.99997        0.99926
   884.0        0.08524        0.99997        0.99926
   885.0        0.08519        0.99997        0.99926
   886.0        0.08514        0.99997        0.99926
   887.0        0.08510        0.99997        0.99926
   888.0        0.08505        0.99997        0.99926
   889.0        0.08501        0.99997        0.99927
   890.0        0.08496        0.99997        0.99927
   891.0        0.08492        0.99997        0.99927
   892.0        0.08487        0.99997        0.99927
   893.0        0.08483        0.99997        0.99927
   894.0        0.08478        0.99997        0.99927
   895.0        0.08474        0.99997        0.99927
   896.0        0.08469        0.99997        0.99927
   897.0        0.08465        0.99997        0.99928
   898.0        0.08460        0.99997        0.99928
   899.0        0.08456        0.99997        0.99928
   900.0        0.08451        0.99997        0.99928
   901.0        0.08447        0.99997        0.99928
   902.0        0.08442        0.99997        0.99928
   903.0        0.08438        0.99997        0.99928
   904.0        0.08433        0.99997        0.99928
   905.0        0.08429        0.99997        0.99929
   906.0        0.08425        0.99997        0.99929
   907.0        0.08420        0.99997        0.99929
   908.0        0.08416        0.99997        0.99929
   909.0        0.08411        0.99997        0.99929
   910.0        0.08407        0.99997        0.99929
   911.0        0.08403        0.99997        0.99929
   912.0        0.08398        0.99997        0.99929
   913.0        0.08394        0.99997        0.99929
   914.0        0.08390        0.99997        0.99930
   915.0        0.08385        0.99997        0.99930
   916.0        0.08381        0.99997        0.99930
   917.0        0.08376        0.99997        0.99930
   918.0        0.08372        0.99997        0.99930
   919.0        0.08368        0.99997        0.99930
   920.0        0.08363        0.99997        0.99930
   921.0        0.08359        0.99997        0.99930
   922.0        0.08355        0.99997        0.99931
   923.0        0.08351        0.99997        0.99931
   924.0        0.08346        0.99997        0.99931
   925.0        0.08342        0.99997        0.99931
   926.0        0.08338        0.99997        0.99931
   927.0        0.08333        0.99997        0.99931
   928.0        0.08329        0.99997        0.99931
   929.0        0.08325        0.99997        0.99931
   930.0        0.08321        0.99997        0.99931
   931.0        0.08316        0.99997        0.99932
   932.0        0.08312        0.99997        0.99932
   933.0        0.08308        0.99997        0.99932
   934.0        0.08304        0.99997        0.99932
   935.0        0.08299        0.99997        0.99932
   936.0        0.08295        0.99997        0.99932
   937.0        0.08291        0.99997        0.99932
   938.0        0.08287        0.99997        0.99932
   939.0        0.08283        0.99997        0.99932
   940.0        0.08278        0.99997        0.99933
   941.0        0.08274        0.99997        0.99933
   942.0        0.08270        0.99997        0.99933
   943.0        0.08266        0.99997        0.99933
   944.0        0.08262        0.99997        0.99933
   945.0        0.08258        0.99997        0.99933
   946.0        0.08254        0.99997        0.99933
   947.0        0.08249        0.99997        0.99933
   948.0        0.08245        0.99997        0.99933
   949.0        0.08241        0.99997        0.99934
   950.0        0.08237        0.99997        0.99934
   951.0        0.08233        0.99997        0.99934
   952.0        0.08229        0.99997        0.99934
   953.0        0.08225        0.99997        0.99934
   954.0        0.08221        0.99997        0.99934
   955.0        0.08216        0.99997        0.99934
   956.0        0.08212        0.99997        0.99934
   957.0        0.08208        0.99997        0.99934
   958.0        0.08204        0.99997        0.99934
   959.0        0.08200        0.99997        0.99935
   960.0        0.08196        0.99997        0.99935
   961.0        0.08192        0.99997        0.99935
   962.0        0.08188        0.99997        0.99935
   963.0        0.08184        0.99997        0.99935
   964.0        0.08180        0.99997        0.99935
   965.0        0.08176        0.99997        0.99935
   966.0        0.08172        0.99997        0.99935
   967.0        0.08168        0.99997        0.99935
   968.0        0.08164        0.99997        0.99935
   969.0        0.08160        0.99997        0.99936
   970.0        0.08156        0.99997        0.99936
   971.0        0.08152        0.99997        0.99936
   972.0        0.08148        0.99997        0.99936
   973.0        0.08144        0.99997        0.99936
   974.0        0.08140        0.99997        0.99936
   975.0        0.08136        0.99997        0.99936
   976.0        0.08132        0.99997        0.99936
   977.0        0.08128        0.99997        0.99936
   978.0        0.08124        0.99997        0.99936
   979.0        0.08120        0.99997        0.99937
   980.0        0.08116        0.99997        0.99937
   981.0        0.08112        0.99997        0.99937
   982.0        0.08108        0.99997        0.99937
   983.0        0.08104        0.99997        0.99937
   984.0        0.08101        0.99997        0.99937
   985.0        0.08097        0.99997        0.99937
   986.0        0.08093        0.99997        0.99937
   987.0        0.08089        0.99997        0.99937
   988.0        0.08085        0.99997        0.99937
   989.0        0.08081        0.99997        0.99938
   990.0        0.08077        0.99997        0.99938
   991.0        0.08073        0.99997        0.99938
   992.0        0.08070        0.99997        0.99938
   993.0        0.08066        0.99997        0.99938
   994.0        0.08062        0.99997        0.99938
   995.0        0.08058        0.99997        0.99938
   996.0        0.08054        0.99997        0.99938
   997.0        0.08050        0.99997        0.99938
   998.0        0.08046        0.99997        0.99938
   999.0        0.08043        0.99997        0.99939
  1000.0        0.08039        0.99997        0.99939
