 polystyreneFibers   
 Density =    1.050000      Aeff =    10.44702      Zeff =    5.615000    
     1.0     2130.47632        0.00060        0.01286
     2.0      293.23648        0.00324        0.05190
     3.0       86.92809        0.00835        0.11122
     4.0       36.53942        0.01590        0.17959
     5.0       18.40112        0.02661        0.24760
     6.0       10.56514        0.04070        0.30983
     7.0        6.65216        0.05859        0.36593
     8.0        4.45809        0.08080        0.41418
     9.0        3.14257        0.10774        0.45770
    10.0        2.31892        0.13884        0.49686
    11.0        1.77703        0.17333        0.53126
    12.0        1.40628        0.21073        0.56248
    13.0        1.14437        0.25054        0.59141
    14.0        0.95408        0.29198        0.61842
    15.0        0.81259        0.33436        0.64352
    16.0        0.70326        0.37803        0.66685
    17.0        0.61916        0.42132        0.68855
    18.0        0.55323        0.46340        0.70847
    19.0        0.50013        0.50317        0.72597
    20.0        0.45738        0.54110        0.74224
    21.0        0.42254        0.57695        0.75745
    22.0        0.39394        0.61064        0.77144
    23.0        0.37018        0.64203        0.78454
    24.0        0.35033        0.67118        0.79664
    25.0        0.33318        0.69772        0.80756
    26.0        0.31847        0.72204        0.81758
    27.0        0.30584        0.74436        0.82694
    28.0        0.29493        0.76481        0.83566
    29.0        0.28543        0.78348        0.84373
    30.0        0.27714        0.80054        0.85131
    31.0        0.26981        0.81632        0.85835
    32.0        0.26312        0.83055        0.86480
    33.0        0.25700        0.84342        0.87072
    34.0        0.25154        0.85516        0.87629
    35.0        0.24665        0.86588        0.88151
    36.0        0.24224        0.87567        0.88644
    37.0        0.23827        0.88462        0.89107
    38.0        0.23467        0.89281        0.89543
    39.0        0.23139        0.90030        0.89954
    40.0        0.22841        0.90716        0.90342
    41.0        0.22567        0.91346        0.90710
    42.0        0.22317        0.91924        0.91057
    43.0        0.22087        0.92455        0.91385
    44.0        0.21875        0.92943        0.91696
    45.0        0.21676        0.93392        0.91990
    46.0        0.21492        0.93806        0.92270
    47.0        0.21321        0.94188        0.92536
    48.0        0.21149        0.94537        0.92783
    49.0        0.20974        0.94857        0.93014
    50.0        0.20810        0.95154        0.93234
    51.0        0.20654        0.95429        0.93444
    52.0        0.20508        0.95685        0.93644
    53.0        0.20369        0.95922        0.93836
    54.0        0.20238        0.96144        0.94019
    55.0        0.20113        0.96350        0.94194
    56.0        0.19995        0.96542        0.94362
    57.0        0.19882        0.96722        0.94522
    58.0        0.19774        0.96889        0.94676
    59.0        0.19670        0.97046        0.94823
    60.0        0.19570        0.97192        0.94964
    61.0        0.19475        0.97330        0.95100
    62.0        0.19384        0.97459        0.95230
    63.0        0.19296        0.97580        0.95355
    64.0        0.19212        0.97693        0.95475
    65.0        0.19131        0.97800        0.95591
    66.0        0.19054        0.97900        0.95702
    67.0        0.18979        0.97995        0.95809
    68.0        0.18906        0.98084        0.95913
    69.0        0.18836        0.98168        0.96012
    70.0        0.18754        0.98246        0.96105
    71.0        0.18674        0.98320        0.96194
    72.0        0.18597        0.98390        0.96281
    73.0        0.18522        0.98456        0.96365
    74.0        0.18449        0.98519        0.96445
    75.0        0.18378        0.98578        0.96523
    76.0        0.18310        0.98634        0.96599
    77.0        0.18241        0.98687        0.96672
    78.0        0.18175        0.98738        0.96742
    79.0        0.18110        0.98786        0.96810
    80.0        0.18047        0.98832        0.96877
    81.0        0.17986        0.98875        0.96941
    82.0        0.17926        0.98917        0.97003
    83.0        0.17867        0.98956        0.97063
    84.0        0.17810        0.98994        0.97121
    85.0        0.17754        0.99029        0.97178
    86.0        0.17699        0.99064        0.97233
    87.0        0.17645        0.99096        0.97286
    88.0        0.17593        0.99127        0.97338
    89.0        0.17541        0.99157        0.97389
    90.0        0.17491        0.99186        0.97438
    91.0        0.17442        0.99213        0.97485
    92.0        0.17394        0.99239        0.97531
    93.0        0.17346        0.99264        0.97576
    94.0        0.17300        0.99288        0.97620
    95.0        0.17254        0.99310        0.97662
    96.0        0.17210        0.99332        0.97703
    97.0        0.17166        0.99353        0.97744
    98.0        0.17123        0.99373        0.97783
    99.0        0.17080        0.99393        0.97821
   100.0        0.17039        0.99411        0.97858
   101.0        0.16989        0.99429        0.97893
   102.0        0.16941        0.99446        0.97928
   103.0        0.16893        0.99462        0.97961
   104.0        0.16846        0.99477        0.97994
   105.0        0.16799        0.99492        0.98025
   106.0        0.16754        0.99507        0.98056
   107.0        0.16709        0.99521        0.98087
   108.0        0.16664        0.99534        0.98116
   109.0        0.16621        0.99547        0.98145
   110.0        0.16578        0.99560        0.98173
   111.0        0.16535        0.99571        0.98201
   112.0        0.16494        0.99583        0.98228
   113.0        0.16453        0.99594        0.98254
   114.0        0.16412        0.99605        0.98279
   115.0        0.16372        0.99615        0.98305
   116.0        0.16333        0.99625        0.98329
   117.0        0.16294        0.99635        0.98353
   118.0        0.16255        0.99644        0.98376
   119.0        0.16217        0.99653        0.98399
   120.0        0.16180        0.99662        0.98422
   121.0        0.16143        0.99671        0.98444
   122.0        0.16106        0.99679        0.98465
   123.0        0.16070        0.99687        0.98486
   124.0        0.16035        0.99694        0.98507
   125.0        0.16000        0.99701        0.98527
   126.0        0.15965        0.99708        0.98547
   127.0        0.15931        0.99715        0.98566
   128.0        0.15897        0.99722        0.98585
   129.0        0.15863        0.99728        0.98604
   130.0        0.15830        0.99734        0.98622
   131.0        0.15798        0.99740        0.98640
   132.0        0.15765        0.99746        0.98657
   133.0        0.15733        0.99752        0.98674
   134.0        0.15699        0.99757        0.98691
   135.0        0.15663        0.99763        0.98707
   136.0        0.15627        0.99768        0.98723
   137.0        0.15592        0.99773        0.98738
   138.0        0.15558        0.99778        0.98753
   139.0        0.15523        0.99782        0.98768
   140.0        0.15489        0.99787        0.98783
   141.0        0.15456        0.99791        0.98797
   142.0        0.15423        0.99796        0.98811
   143.0        0.15390        0.99800        0.98825
   144.0        0.15357        0.99804        0.98839
   145.0        0.15325        0.99808        0.98852
   146.0        0.15293        0.99812        0.98865
   147.0        0.15261        0.99816        0.98878
   148.0        0.15230        0.99819        0.98891
   149.0        0.15199        0.99823        0.98903
   150.0        0.15168        0.99826        0.98915
   151.0        0.15138        0.99830        0.98927
   152.0        0.15108        0.99833        0.98939
   153.0        0.15078        0.99836        0.98951
   154.0        0.15049        0.99839        0.98962
   155.0        0.15019        0.99842        0.98973
   156.0        0.14990        0.99845        0.98984
   157.0        0.14962        0.99848        0.98995
   158.0        0.14933        0.99851        0.99006
   159.0        0.14905        0.99854        0.99016
   160.0        0.14877        0.99857        0.99026
   161.0        0.14849        0.99859        0.99036
   162.0        0.14822        0.99862        0.99046
   163.0        0.14795        0.99864        0.99056
   164.0        0.14768        0.99867        0.99066
   165.0        0.14741        0.99869        0.99075
   166.0        0.14714        0.99871        0.99085
   167.0        0.14688        0.99874        0.99094
   168.0        0.14662        0.99876        0.99103
   169.0        0.14636        0.99878        0.99112
   170.0        0.14611        0.99880        0.99121
   171.0        0.14585        0.99882        0.99129
   172.0        0.14558        0.99884        0.99138
   173.0        0.14529        0.99886        0.99146
   174.0        0.14501        0.99888        0.99154
   175.0        0.14472        0.99890        0.99162
   176.0        0.14444        0.99892        0.99170
   177.0        0.14416        0.99894        0.99177
   178.0        0.14389        0.99895        0.99185
   179.0        0.14361        0.99897        0.99192
   180.0        0.14334        0.99899        0.99200
   181.0        0.14307        0.99900        0.99207
   182.0        0.14280        0.99902        0.99214
   183.0        0.14253        0.99903        0.99221
   184.0        0.14227        0.99905        0.99228
   185.0        0.14201        0.99906        0.99235
   186.0        0.14175        0.99908        0.99242
   187.0        0.14149        0.99909        0.99248
   188.0        0.14123        0.99911        0.99255
   189.0        0.14098        0.99912        0.99261
   190.0        0.14073        0.99913        0.99268
   191.0        0.14048        0.99915        0.99274
   192.0        0.14023        0.99916        0.99280
   193.0        0.13998        0.99917        0.99286
   194.0        0.13974        0.99919        0.99292
   195.0        0.13949        0.99920        0.99298
   196.0        0.13925        0.99921        0.99304
   197.0        0.13901        0.99922        0.99310
   198.0        0.13878        0.99923        0.99316
   199.0        0.13854        0.99924        0.99321
   200.0        0.13830        0.99926        0.99327
   201.0        0.13807        0.99927        0.99332
   202.0        0.13784        0.99928        0.99338
   203.0        0.13761        0.99929        0.99343
   204.0        0.13738        0.99930        0.99348
   205.0        0.13716        0.99930        0.99354
   206.0        0.13693        0.99931        0.99359
   207.0        0.13671        0.99932        0.99364
   208.0        0.13649        0.99933        0.99369
   209.0        0.13627        0.99934        0.99374
   210.0        0.13605        0.99935        0.99379
   211.0        0.13583        0.99936        0.99384
   212.0        0.13561        0.99937        0.99388
   213.0        0.13540        0.99938        0.99393
   214.0        0.13519        0.99938        0.99398
   215.0        0.13497        0.99939        0.99402
   216.0        0.13476        0.99940        0.99407
   217.0        0.13455        0.99941        0.99412
   218.0        0.13435        0.99941        0.99416
   219.0        0.13414        0.99942        0.99420
   220.0        0.13394        0.99943        0.99425
   221.0        0.13373        0.99944        0.99429
   222.0        0.13353        0.99944        0.99433
   223.0        0.13333        0.99945        0.99437
   224.0        0.13313        0.99946        0.99442
   225.0        0.13293        0.99946        0.99446
   226.0        0.13273        0.99947        0.99450
   227.0        0.13254        0.99948        0.99454
   228.0        0.13234        0.99948        0.99458
   229.0        0.13215        0.99949        0.99462
   230.0        0.13195        0.99950        0.99465
   231.0        0.13176        0.99950        0.99469
   232.0        0.13157        0.99951        0.99473
   233.0        0.13138        0.99951        0.99477
   234.0        0.13119        0.99952        0.99480
   235.0        0.13101        0.99953        0.99484
   236.0        0.13082        0.99953        0.99488
   237.0        0.13064        0.99954        0.99491
   238.0        0.13045        0.99954        0.99495
   239.0        0.13027        0.99955        0.99498
   240.0        0.13009        0.99955        0.99502
   241.0        0.12991        0.99956        0.99505
   242.0        0.12973        0.99956        0.99509
   243.0        0.12955        0.99957        0.99512
   244.0        0.12937        0.99957        0.99515
   245.0        0.12920        0.99958        0.99518
   246.0        0.12902        0.99958        0.99522
   247.0        0.12885        0.99959        0.99525
   248.0        0.12867        0.99959        0.99528
   249.0        0.12850        0.99960        0.99531
   250.0        0.12833        0.99960        0.99534
   251.0        0.12816        0.99961        0.99537
   252.0        0.12799        0.99961        0.99540
   253.0        0.12782        0.99961        0.99543
   254.0        0.12765        0.99962        0.99546
   255.0        0.12748        0.99962        0.99549
   256.0        0.12732        0.99963        0.99552
   257.0        0.12715        0.99963        0.99555
   258.0        0.12699        0.99964        0.99558
   259.0        0.12682        0.99964        0.99561
   260.0        0.12666        0.99964        0.99564
   261.0        0.12650        0.99965        0.99566
   262.0        0.12634        0.99965        0.99569
   263.0        0.12618        0.99965        0.99572
   264.0        0.12602        0.99966        0.99575
   265.0        0.12586        0.99966        0.99577
   266.0        0.12570        0.99966        0.99580
   267.0        0.12554        0.99967        0.99582
   268.0        0.12536        0.99967        0.99585
   269.0        0.12518        0.99968        0.99587
   270.0        0.12500        0.99968        0.99590
   271.0        0.12482        0.99968        0.99592
   272.0        0.12464        0.99968        0.99595
   273.0        0.12447        0.99969        0.99597
   274.0        0.12429        0.99969        0.99599
   275.0        0.12412        0.99969        0.99602
   276.0        0.12395        0.99970        0.99604
   277.0        0.12377        0.99970        0.99606
   278.0        0.12360        0.99970        0.99609
   279.0        0.12343        0.99971        0.99611
   280.0        0.12326        0.99971        0.99613
   281.0        0.12310        0.99971        0.99615
   282.0        0.12293        0.99971        0.99617
   283.0        0.12276        0.99972        0.99620
   284.0        0.12259        0.99972        0.99622
   285.0        0.12243        0.99972        0.99624
   286.0        0.12226        0.99973        0.99626
   287.0        0.12210        0.99973        0.99628
   288.0        0.12194        0.99973        0.99630
   289.0        0.12178        0.99973        0.99632
   290.0        0.12162        0.99974        0.99634
   291.0        0.12146        0.99974        0.99636
   292.0        0.12130        0.99974        0.99638
   293.0        0.12114        0.99974        0.99640
   294.0        0.12098        0.99975        0.99642
   295.0        0.12082        0.99975        0.99644
   296.0        0.12066        0.99975        0.99646
   297.0        0.12051        0.99975        0.99648
   298.0        0.12035        0.99975        0.99650
   299.0        0.12020        0.99976        0.99652
   300.0        0.12005        0.99976        0.99654
   301.0        0.11989        0.99976        0.99656
   302.0        0.11974        0.99976        0.99657
   303.0        0.11959        0.99977        0.99659
   304.0        0.11944        0.99977        0.99661
   305.0        0.11929        0.99977        0.99663
   306.0        0.11914        0.99977        0.99665
   307.0        0.11899        0.99977        0.99666
   308.0        0.11884        0.99978        0.99668
   309.0        0.11869        0.99978        0.99670
   310.0        0.11855        0.99978        0.99672
   311.0        0.11840        0.99978        0.99673
   312.0        0.11826        0.99978        0.99675
   313.0        0.11811        0.99978        0.99677
   314.0        0.11797        0.99979        0.99678
   315.0        0.11782        0.99979        0.99680
   316.0        0.11768        0.99979        0.99682
   317.0        0.11754        0.99979        0.99683
   318.0        0.11740        0.99979        0.99685
   319.0        0.11726        0.99979        0.99686
   320.0        0.11712        0.99980        0.99688
   321.0        0.11698        0.99980        0.99689
   322.0        0.11684        0.99980        0.99691
   323.0        0.11670        0.99980        0.99693
   324.0        0.11656        0.99980        0.99694
   325.0        0.11642        0.99980        0.99696
   326.0        0.11629        0.99981        0.99697
   327.0        0.11615        0.99981        0.99699
   328.0        0.11602        0.99981        0.99700
   329.0        0.11588        0.99981        0.99702
   330.0        0.11575        0.99981        0.99703
   331.0        0.11561        0.99981        0.99704
   332.0        0.11548        0.99981        0.99706
   333.0        0.11535        0.99982        0.99707
   334.0        0.11521        0.99982        0.99709
   335.0        0.11508        0.99982        0.99710
   336.0        0.11495        0.99982        0.99712
   337.0        0.11482        0.99982        0.99713
   338.0        0.11469        0.99982        0.99714
   339.0        0.11456        0.99982        0.99716
   340.0        0.11443        0.99983        0.99717
   341.0        0.11431        0.99983        0.99718
   342.0        0.11418        0.99983        0.99720
   343.0        0.11405        0.99983        0.99721
   344.0        0.11392        0.99983        0.99722
   345.0        0.11380        0.99983        0.99724
   346.0        0.11367        0.99983        0.99725
   347.0        0.11355        0.99983        0.99726
   348.0        0.11342        0.99984        0.99727
   349.0        0.11330        0.99984        0.99729
   350.0        0.11317        0.99984        0.99730
   351.0        0.11305        0.99984        0.99731
   352.0        0.11293        0.99984        0.99732
   353.0        0.11281        0.99984        0.99734
   354.0        0.11268        0.99984        0.99735
   355.0        0.11256        0.99984        0.99736
   356.0        0.11244        0.99985        0.99737
   357.0        0.11232        0.99985        0.99738
   358.0        0.11220        0.99985        0.99740
   359.0        0.11208        0.99985        0.99741
   360.0        0.11196        0.99985        0.99742
   361.0        0.11185        0.99985        0.99743
   362.0        0.11173        0.99985        0.99744
   363.0        0.11161        0.99985        0.99745
   364.0        0.11149        0.99985        0.99746
   365.0        0.11138        0.99985        0.99748
   366.0        0.11126        0.99986        0.99749
   367.0        0.11115        0.99986        0.99750
   368.0        0.11103        0.99986        0.99751
   369.0        0.11091        0.99986        0.99752
   370.0        0.11080        0.99986        0.99753
   371.0        0.11069        0.99986        0.99754
   372.0        0.11057        0.99986        0.99755
   373.0        0.11046        0.99986        0.99756
   374.0        0.11035        0.99986        0.99757
   375.0        0.11024        0.99986        0.99758
   376.0        0.11012        0.99987        0.99759
   377.0        0.11001        0.99987        0.99760
   378.0        0.10990        0.99987        0.99761
   379.0        0.10979        0.99987        0.99762
   380.0        0.10968        0.99987        0.99763
   381.0        0.10957        0.99987        0.99764
   382.0        0.10946        0.99987        0.99765
   383.0        0.10935        0.99987        0.99766
   384.0        0.10924        0.99987        0.99767
   385.0        0.10914        0.99987        0.99768
   386.0        0.10903        0.99987        0.99769
   387.0        0.10892        0.99988        0.99770
   388.0        0.10881        0.99988        0.99771
   389.0        0.10871        0.99988        0.99772
   390.0        0.10860        0.99988        0.99773
   391.0        0.10849        0.99988        0.99774
   392.0        0.10839        0.99988        0.99775
   393.0        0.10828        0.99988        0.99776
   394.0        0.10818        0.99988        0.99777
   395.0        0.10807        0.99988        0.99778
   396.0        0.10797        0.99988        0.99779
   397.0        0.10787        0.99988        0.99780
   398.0        0.10776        0.99988        0.99780
   399.0        0.10766        0.99988        0.99781
   400.0        0.10756        0.99989        0.99782
   401.0        0.10746        0.99989        0.99783
   402.0        0.10735        0.99989        0.99784
   403.0        0.10725        0.99989        0.99785
   404.0        0.10715        0.99989        0.99786
   405.0        0.10705        0.99989        0.99787
   406.0        0.10695        0.99989        0.99787
   407.0        0.10685        0.99989        0.99788
   408.0        0.10675        0.99989        0.99789
   409.0        0.10665        0.99989        0.99790
   410.0        0.10655        0.99989        0.99791
   411.0        0.10645        0.99989        0.99792
   412.0        0.10636        0.99989        0.99792
   413.0        0.10626        0.99989        0.99793
   414.0        0.10616        0.99989        0.99794
   415.0        0.10606        0.99990        0.99795
   416.0        0.10596        0.99990        0.99796
   417.0        0.10587        0.99990        0.99796
   418.0        0.10577        0.99990        0.99797
   419.0        0.10568        0.99990        0.99798
   420.0        0.10558        0.99990        0.99799
   421.0        0.10548        0.99990        0.99800
   422.0        0.10539        0.99990        0.99800
   423.0        0.10529        0.99990        0.99801
   424.0        0.10520        0.99990        0.99802
   425.0        0.10511        0.99990        0.99803
   426.0        0.10501        0.99990        0.99803
   427.0        0.10492        0.99990        0.99804
   428.0        0.10482        0.99990        0.99805
   429.0        0.10472        0.99990        0.99806
   430.0        0.10461        0.99990        0.99806
   431.0        0.10451        0.99990        0.99807
   432.0        0.10441        0.99990        0.99808
   433.0        0.10431        0.99991        0.99808
   434.0        0.10421        0.99991        0.99809
   435.0        0.10411        0.99991        0.99810
   436.0        0.10401        0.99991        0.99810
   437.0        0.10391        0.99991        0.99811
   438.0        0.10381        0.99991        0.99812
   439.0        0.10371        0.99991        0.99812
   440.0        0.10361        0.99991        0.99813
   441.0        0.10351        0.99991        0.99814
   442.0        0.10342        0.99991        0.99814
   443.0        0.10332        0.99991        0.99815
   444.0        0.10322        0.99991        0.99816
   445.0        0.10312        0.99991        0.99816
   446.0        0.10303        0.99991        0.99817
   447.0        0.10293        0.99991        0.99818
   448.0        0.10283        0.99991        0.99818
   449.0        0.10274        0.99991        0.99819
   450.0        0.10264        0.99991        0.99820
   451.0        0.10255        0.99991        0.99820
   452.0        0.10245        0.99991        0.99821
   453.0        0.10236        0.99991        0.99822
   454.0        0.10226        0.99992        0.99822
   455.0        0.10217        0.99992        0.99823
   456.0        0.10208        0.99992        0.99823
   457.0        0.10198        0.99992        0.99824
   458.0        0.10189        0.99992        0.99825
   459.0        0.10180        0.99992        0.99825
   460.0        0.10170        0.99992        0.99826
   461.0        0.10161        0.99992        0.99826
   462.0        0.10152        0.99992        0.99827
   463.0        0.10143        0.99992        0.99828
   464.0        0.10133        0.99992        0.99828
   465.0        0.10124        0.99992        0.99829
   466.0        0.10115        0.99992        0.99829
   467.0        0.10106        0.99992        0.99830
   468.0        0.10097        0.99992        0.99830
   469.0        0.10088        0.99992        0.99831
   470.0        0.10079        0.99992        0.99832
   471.0        0.10070        0.99992        0.99832
   472.0        0.10061        0.99992        0.99833
   473.0        0.10052        0.99992        0.99833
   474.0        0.10043        0.99992        0.99834
   475.0        0.10035        0.99992        0.99834
   476.0        0.10026        0.99992        0.99835
   477.0        0.10017        0.99992        0.99835
   478.0        0.10008        0.99993        0.99836
   479.0        0.10000        0.99993        0.99837
   480.0        0.09991        0.99993        0.99837
   481.0        0.09982        0.99993        0.99838
   482.0        0.09973        0.99993        0.99838
   483.0        0.09965        0.99993        0.99839
   484.0        0.09956        0.99993        0.99839
   485.0        0.09948        0.99993        0.99840
   486.0        0.09939        0.99993        0.99840
   487.0        0.09930        0.99993        0.99841
   488.0        0.09922        0.99993        0.99841
   489.0        0.09913        0.99993        0.99842
   490.0        0.09905        0.99993        0.99842
   491.0        0.09897        0.99993        0.99843
   492.0        0.09888        0.99993        0.99843
   493.0        0.09880        0.99993        0.99844
   494.0        0.09871        0.99993        0.99844
   495.0        0.09863        0.99993        0.99845
   496.0        0.09855        0.99993        0.99845
   497.0        0.09846        0.99993        0.99846
   498.0        0.09838        0.99993        0.99846
   499.0        0.09830        0.99993        0.99847
   500.0        0.09822        0.99993        0.99847
   501.0        0.09813        0.99993        0.99848
   502.0        0.09805        0.99993        0.99848
   503.0        0.09797        0.99993        0.99849
   504.0        0.09789        0.99993        0.99849
   505.0        0.09781        0.99993        0.99850
   506.0        0.09773        0.99993        0.99850
   507.0        0.09765        0.99993        0.99851
   508.0        0.09757        0.99993        0.99851
   509.0        0.09749        0.99994        0.99852
   510.0        0.09741        0.99994        0.99852
   511.0        0.09733        0.99994        0.99852
   512.0        0.09725        0.99994        0.99853
   513.0        0.09717        0.99994        0.99853
   514.0        0.09709        0.99994        0.99854
   515.0        0.09701        0.99994        0.99854
   516.0        0.09693        0.99994        0.99855
   517.0        0.09685        0.99994        0.99855
   518.0        0.09677        0.99994        0.99856
   519.0        0.09670        0.99994        0.99856
   520.0        0.09662        0.99994        0.99856
   521.0        0.09654        0.99994        0.99857
   522.0        0.09646        0.99994        0.99857
   523.0        0.09639        0.99994        0.99858
   524.0        0.09631        0.99994        0.99858
   525.0        0.09623        0.99994        0.99859
   526.0        0.09616        0.99994        0.99859
   527.0        0.09608        0.99994        0.99859
   528.0        0.09601        0.99994        0.99860
   529.0        0.09593        0.99994        0.99860
   530.0        0.09585        0.99994        0.99861
   531.0        0.09578        0.99994        0.99861
   532.0        0.09570        0.99994        0.99862
   533.0        0.09563        0.99994        0.99862
   534.0        0.09555        0.99994        0.99862
   535.0        0.09548        0.99994        0.99863
   536.0        0.09540        0.99994        0.99863
   537.0        0.09533        0.99994        0.99864
   538.0        0.09526        0.99994        0.99864
   539.0        0.09518        0.99994        0.99864
   540.0        0.09511        0.99994        0.99865
   541.0        0.09503        0.99994        0.99865
   542.0        0.09496        0.99994        0.99866
   543.0        0.09489        0.99994        0.99866
   544.0        0.09481        0.99994        0.99866
   545.0        0.09474        0.99994        0.99867
   546.0        0.09467        0.99994        0.99867
   547.0        0.09460        0.99994        0.99867
   548.0        0.09452        0.99994        0.99868
   549.0        0.09445        0.99994        0.99868
   550.0        0.09438        0.99995        0.99869
   551.0        0.09431        0.99995        0.99869
   552.0        0.09424        0.99995        0.99869
   553.0        0.09417        0.99995        0.99870
   554.0        0.09410        0.99995        0.99870
   555.0        0.09403        0.99995        0.99870
   556.0        0.09395        0.99995        0.99871
   557.0        0.09388        0.99995        0.99871
   558.0        0.09381        0.99995        0.99872
   559.0        0.09374        0.99995        0.99872
   560.0        0.09367        0.99995        0.99872
   561.0        0.09360        0.99995        0.99873
   562.0        0.09353        0.99995        0.99873
   563.0        0.09346        0.99995        0.99873
   564.0        0.09340        0.99995        0.99874
   565.0        0.09333        0.99995        0.99874
   566.0        0.09326        0.99995        0.99874
   567.0        0.09319        0.99995        0.99875
   568.0        0.09312        0.99995        0.99875
   569.0        0.09304        0.99995        0.99875
   570.0        0.09297        0.99995        0.99876
   571.0        0.09290        0.99995        0.99876
   572.0        0.09283        0.99995        0.99876
   573.0        0.09275        0.99995        0.99877
   574.0        0.09268        0.99995        0.99877
   575.0        0.09261        0.99995        0.99877
   576.0        0.09254        0.99995        0.99878
   577.0        0.09247        0.99995        0.99878
   578.0        0.09240        0.99995        0.99878
   579.0        0.09232        0.99995        0.99879
   580.0        0.09225        0.99995        0.99879
   581.0        0.09218        0.99995        0.99879
   582.0        0.09211        0.99995        0.99880
   583.0        0.09204        0.99995        0.99880
   584.0        0.09197        0.99995        0.99880
   585.0        0.09190        0.99995        0.99881
   586.0        0.09183        0.99995        0.99881
   587.0        0.09176        0.99995        0.99881
   588.0        0.09169        0.99995        0.99882
   589.0        0.09162        0.99995        0.99882
   590.0        0.09155        0.99995        0.99882
   591.0        0.09148        0.99995        0.99883
   592.0        0.09141        0.99995        0.99883
   593.0        0.09135        0.99995        0.99883
   594.0        0.09128        0.99995        0.99884
   595.0        0.09121        0.99995        0.99884
   596.0        0.09114        0.99995        0.99884
   597.0        0.09107        0.99995        0.99884
   598.0        0.09100        0.99995        0.99885
   599.0        0.09094        0.99995        0.99885
   600.0        0.09087        0.99995        0.99885
   601.0        0.09080        0.99995        0.99886
   602.0        0.09073        0.99995        0.99886
   603.0        0.09067        0.99995        0.99886
   604.0        0.09060        0.99996        0.99886
   605.0        0.09053        0.99996        0.99887
   606.0        0.09047        0.99996        0.99887
   607.0        0.09040        0.99996        0.99887
   608.0        0.09033        0.99996        0.99888
   609.0        0.09027        0.99996        0.99888
   610.0        0.09020        0.99996        0.99888
   611.0        0.09013        0.99996        0.99888
   612.0        0.09007        0.99996        0.99889
   613.0        0.09000        0.99996        0.99889
   614.0        0.08994        0.99996        0.99889
   615.0        0.08987        0.99996        0.99890
   616.0        0.08981        0.99996        0.99890
   617.0        0.08974        0.99996        0.99890
   618.0        0.08968        0.99996        0.99890
   619.0        0.08961        0.99996        0.99891
   620.0        0.08955        0.99996        0.99891
   621.0        0.08948        0.99996        0.99891
   622.0        0.08942        0.99996        0.99892
   623.0        0.08936        0.99996        0.99892
   624.0        0.08929        0.99996        0.99892
   625.0        0.08923        0.99996        0.99892
   626.0        0.08916        0.99996        0.99893
   627.0        0.08910        0.99996        0.99893
   628.0        0.08904        0.99996        0.99893
   629.0        0.08897        0.99996        0.99893
   630.0        0.08891        0.99996        0.99894
   631.0        0.08885        0.99996        0.99894
   632.0        0.08879        0.99996        0.99894
   633.0        0.08872        0.99996        0.99894
   634.0        0.08866        0.99996        0.99895
   635.0        0.08860        0.99996        0.99895
   636.0        0.08854        0.99996        0.99895
   637.0        0.08848        0.99996        0.99895
   638.0        0.08841        0.99996        0.99896
   639.0        0.08835        0.99996        0.99896
   640.0        0.08829        0.99996        0.99896
   641.0        0.08823        0.99996        0.99896
   642.0        0.08817        0.99996        0.99897
   643.0        0.08811        0.99996        0.99897
   644.0        0.08804        0.99996        0.99897
   645.0        0.08798        0.99996        0.99897
   646.0        0.08792        0.99996        0.99898
   647.0        0.08786        0.99996        0.99898
   648.0        0.08780        0.99996        0.99898
   649.0        0.08774        0.99996        0.99898
   650.0        0.08768        0.99996        0.99899
   651.0        0.08762        0.99996        0.99899
   652.0        0.08756        0.99996        0.99899
   653.0        0.08750        0.99996        0.99899
   654.0        0.08744        0.99996        0.99900
   655.0        0.08738        0.99996        0.99900
   656.0        0.08732        0.99996        0.99900
   657.0        0.08726        0.99996        0.99900
   658.0        0.08720        0.99996        0.99901
   659.0        0.08715        0.99996        0.99901
   660.0        0.08709        0.99996        0.99901
   661.0        0.08703        0.99996        0.99901
   662.0        0.08697        0.99996        0.99902
   663.0        0.08691        0.99996        0.99902
   664.0        0.08685        0.99996        0.99902
   665.0        0.08679        0.99996        0.99902
   666.0        0.08674        0.99996        0.99902
   667.0        0.08668        0.99996        0.99903
   668.0        0.08662        0.99996        0.99903
   669.0        0.08656        0.99996        0.99903
   670.0        0.08650        0.99996        0.99903
   671.0        0.08645        0.99996        0.99904
   672.0        0.08639        0.99996        0.99904
   673.0        0.08633        0.99996        0.99904
   674.0        0.08628        0.99996        0.99904
   675.0        0.08622        0.99996        0.99904
   676.0        0.08616        0.99996        0.99905
   677.0        0.08610        0.99996        0.99905
   678.0        0.08605        0.99996        0.99905
   679.0        0.08599        0.99996        0.99905
   680.0        0.08594        0.99996        0.99906
   681.0        0.08588        0.99996        0.99906
   682.0        0.08582        0.99996        0.99906
   683.0        0.08577        0.99996        0.99906
   684.0        0.08571        0.99997        0.99906
   685.0        0.08565        0.99997        0.99907
   686.0        0.08560        0.99997        0.99907
   687.0        0.08554        0.99997        0.99907
   688.0        0.08549        0.99997        0.99907
   689.0        0.08543        0.99997        0.99907
   690.0        0.08538        0.99997        0.99908
   691.0        0.08532        0.99997        0.99908
   692.0        0.08527        0.99997        0.99908
   693.0        0.08521        0.99997        0.99908
   694.0        0.08516        0.99997        0.99909
   695.0        0.08510        0.99997        0.99909
   696.0        0.08505        0.99997        0.99909
   697.0        0.08499        0.99997        0.99909
   698.0        0.08494        0.99997        0.99909
   699.0        0.08489        0.99997        0.99910
   700.0        0.08483        0.99997        0.99910
   701.0        0.08478        0.99997        0.99910
   702.0        0.08472        0.99997        0.99910
   703.0        0.08467        0.99997        0.99910
   704.0        0.08462        0.99997        0.99911
   705.0        0.08456        0.99997        0.99911
   706.0        0.08451        0.99997        0.99911
   707.0        0.08446        0.99997        0.99911
   708.0        0.08440        0.99997        0.99911
   709.0        0.08435        0.99997        0.99911
   710.0        0.08430        0.99997        0.99912
   711.0        0.08424        0.99997        0.99912
   712.0        0.08419        0.99997        0.99912
   713.0        0.08414        0.99997        0.99912
   714.0        0.08409        0.99997        0.99912
   715.0        0.08403        0.99997        0.99913
   716.0        0.08398        0.99997        0.99913
   717.0        0.08393        0.99997        0.99913
   718.0        0.08388        0.99997        0.99913
   719.0        0.08383        0.99997        0.99913
   720.0        0.08377        0.99997        0.99914
   721.0        0.08372        0.99997        0.99914
   722.0        0.08367        0.99997        0.99914
   723.0        0.08362        0.99997        0.99914
   724.0        0.08357        0.99997        0.99914
   725.0        0.08352        0.99997        0.99915
   726.0        0.08346        0.99997        0.99915
   727.0        0.08341        0.99997        0.99915
   728.0        0.08336        0.99997        0.99915
   729.0        0.08331        0.99997        0.99915
   730.0        0.08326        0.99997        0.99915
   731.0        0.08321        0.99997        0.99916
   732.0        0.08316        0.99997        0.99916
   733.0        0.08311        0.99997        0.99916
   734.0        0.08306        0.99997        0.99916
   735.0        0.08301        0.99997        0.99916
   736.0        0.08296        0.99997        0.99916
   737.0        0.08291        0.99997        0.99917
   738.0        0.08286        0.99997        0.99917
   739.0        0.08281        0.99997        0.99917
   740.0        0.08276        0.99997        0.99917
   741.0        0.08271        0.99997        0.99917
   742.0        0.08266        0.99997        0.99918
   743.0        0.08261        0.99997        0.99918
   744.0        0.08256        0.99997        0.99918
   745.0        0.08251        0.99997        0.99918
   746.0        0.08246        0.99997        0.99918
   747.0        0.08241        0.99997        0.99918
   748.0        0.08236        0.99997        0.99919
   749.0        0.08231        0.99997        0.99919
   750.0        0.08226        0.99997        0.99919
   751.0        0.08221        0.99997        0.99919
   752.0        0.08217        0.99997        0.99919
   753.0        0.08212        0.99997        0.99919
   754.0        0.08207        0.99997        0.99920
   755.0        0.08201        0.99997        0.99920
   756.0        0.08196        0.99997        0.99920
   757.0        0.08191        0.99997        0.99920
   758.0        0.08186        0.99997        0.99920
   759.0        0.08181        0.99997        0.99920
   760.0        0.08176        0.99997        0.99921
   761.0        0.08171        0.99997        0.99921
   762.0        0.08166        0.99997        0.99921
   763.0        0.08161        0.99997        0.99921
   764.0        0.08155        0.99997        0.99921
   765.0        0.08150        0.99997        0.99921
   766.0        0.08145        0.99997        0.99921
   767.0        0.08140        0.99997        0.99922
   768.0        0.08135        0.99997        0.99922
   769.0        0.08130        0.99997        0.99922
   770.0        0.08125        0.99997        0.99922
   771.0        0.08120        0.99997        0.99922
   772.0        0.08115        0.99997        0.99922
   773.0        0.08110        0.99997        0.99923
   774.0        0.08105        0.99997        0.99923
   775.0        0.08100        0.99997        0.99923
   776.0        0.08095        0.99997        0.99923
   777.0        0.08090        0.99997        0.99923
   778.0        0.08085        0.99997        0.99923
   779.0        0.08080        0.99997        0.99923
   780.0        0.08076        0.99997        0.99924
   781.0        0.08071        0.99997        0.99924
   782.0        0.08066        0.99997        0.99924
   783.0        0.08061        0.99997        0.99924
   784.0        0.08056        0.99997        0.99924
   785.0        0.08051        0.99997        0.99924
   786.0        0.08046        0.99997        0.99924
   787.0        0.08041        0.99997        0.99925
   788.0        0.08036        0.99997        0.99925
   789.0        0.08032        0.99997        0.99925
   790.0        0.08027        0.99997        0.99925
   791.0        0.08022        0.99997        0.99925
   792.0        0.08017        0.99997        0.99925
   793.0        0.08012        0.99997        0.99926
   794.0        0.08008        0.99997        0.99926
   795.0        0.08003        0.99997        0.99926
   796.0        0.07998        0.99997        0.99926
   797.0        0.07993        0.99997        0.99926
   798.0        0.07988        0.99997        0.99926
   799.0        0.07984        0.99997        0.99926
   800.0        0.07979        0.99997        0.99927
   801.0        0.07974        0.99997        0.99927
   802.0        0.07969        0.99997        0.99927
   803.0        0.07965        0.99997        0.99927
   804.0        0.07960        0.99997        0.99927
   805.0        0.07955        0.99997        0.99927
   806.0        0.07951        0.99997        0.99927
   807.0        0.07946        0.99997        0.99927
   808.0        0.07941        0.99997        0.99928
   809.0        0.07937        0.99997        0.99928
   810.0        0.07932        0.99997        0.99928
   811.0        0.07927        0.99997        0.99928
   812.0        0.07923        0.99997        0.99928
   813.0        0.07918        0.99997        0.99928
   814.0        0.07913        0.99997        0.99928
   815.0        0.07909        0.99997        0.99929
   816.0        0.07904        0.99997        0.99929
   817.0        0.07900        0.99997        0.99929
   818.0        0.07895        0.99997        0.99929
   819.0        0.07890        0.99997        0.99929
   820.0        0.07886        0.99998        0.99929
   821.0        0.07881        0.99998        0.99929
   822.0        0.07877        0.99998        0.99929
   823.0        0.07872        0.99998        0.99930
   824.0        0.07868        0.99998        0.99930
   825.0        0.07863        0.99998        0.99930
   826.0        0.07859        0.99998        0.99930
   827.0        0.07854        0.99998        0.99930
   828.0        0.07850        0.99998        0.99930
   829.0        0.07845        0.99998        0.99930
   830.0        0.07841        0.99998        0.99931
   831.0        0.07836        0.99998        0.99931
   832.0        0.07832        0.99998        0.99931
   833.0        0.07827        0.99998        0.99931
   834.0        0.07823        0.99998        0.99931
   835.0        0.07818        0.99998        0.99931
   836.0        0.07814        0.99998        0.99931
   837.0        0.07809        0.99998        0.99931
   838.0        0.07805        0.99998        0.99932
   839.0        0.07801        0.99998        0.99932
   840.0        0.07796        0.99998        0.99932
   841.0        0.07792        0.99998        0.99932
   842.0        0.07787        0.99998        0.99932
   843.0        0.07783        0.99998        0.99932
   844.0        0.07779        0.99998        0.99932
   845.0        0.07774        0.99998        0.99932
   846.0        0.07770        0.99998        0.99933
   847.0        0.07765        0.99998        0.99933
   848.0        0.07761        0.99998        0.99933
   849.0        0.07757        0.99998        0.99933
   850.0        0.07752        0.99998        0.99933
   851.0        0.07748        0.99998        0.99933
   852.0        0.07744        0.99998        0.99933
   853.0        0.07739        0.99998        0.99933
   854.0        0.07735        0.99998        0.99933
   855.0        0.07731        0.99998        0.99934
   856.0        0.07727        0.99998        0.99934
   857.0        0.07722        0.99998        0.99934
   858.0        0.07718        0.99998        0.99934
   859.0        0.07714        0.99998        0.99934
   860.0        0.07710        0.99998        0.99934
   861.0        0.07705        0.99998        0.99934
   862.0        0.07701        0.99998        0.99934
   863.0        0.07697        0.99998        0.99935
   864.0        0.07693        0.99998        0.99935
   865.0        0.07688        0.99998        0.99935
   866.0        0.07684        0.99998        0.99935
   867.0        0.07680        0.99998        0.99935
   868.0        0.07676        0.99998        0.99935
   869.0        0.07671        0.99998        0.99935
   870.0        0.07667        0.99998        0.99935
   871.0        0.07663        0.99998        0.99935
   872.0        0.07659        0.99998        0.99936
   873.0        0.07655        0.99998        0.99936
   874.0        0.07651        0.99998        0.99936
   875.0        0.07646        0.99998        0.99936
   876.0        0.07642        0.99998        0.99936
   877.0        0.07638        0.99998        0.99936
   878.0        0.07634        0.99998        0.99936
   879.0        0.07630        0.99998        0.99936
   880.0        0.07626        0.99998        0.99936
   881.0        0.07622        0.99998        0.99937
   882.0        0.07618        0.99998        0.99937
   883.0        0.07613        0.99998        0.99937
   884.0        0.07609        0.99998        0.99937
   885.0        0.07605        0.99998        0.99937
   886.0        0.07601        0.99998        0.99937
   887.0        0.07597        0.99998        0.99937
   888.0        0.07593        0.99998        0.99937
   889.0        0.07589        0.99998        0.99937
   890.0        0.07585        0.99998        0.99938
   891.0        0.07581        0.99998        0.99938
   892.0        0.07577        0.99998        0.99938
   893.0        0.07573        0.99998        0.99938
   894.0        0.07569        0.99998        0.99938
   895.0        0.07565        0.99998        0.99938
   896.0        0.07561        0.99998        0.99938
   897.0        0.07557        0.99998        0.99938
   898.0        0.07553        0.99998        0.99938
   899.0        0.07549        0.99998        0.99938
   900.0        0.07545        0.99998        0.99939
   901.0        0.07541        0.99998        0.99939
   902.0        0.07537        0.99998        0.99939
   903.0        0.07533        0.99998        0.99939
   904.0        0.07529        0.99998        0.99939
   905.0        0.07525        0.99998        0.99939
   906.0        0.07521        0.99998        0.99939
   907.0        0.07517        0.99998        0.99939
   908.0        0.07513        0.99998        0.99939
   909.0        0.07509        0.99998        0.99940
   910.0        0.07505        0.99998        0.99940
   911.0        0.07501        0.99998        0.99940
   912.0        0.07498        0.99998        0.99940
   913.0        0.07494        0.99998        0.99940
   914.0        0.07490        0.99998        0.99940
   915.0        0.07486        0.99998        0.99940
   916.0        0.07482        0.99998        0.99940
   917.0        0.07478        0.99998        0.99940
   918.0        0.07474        0.99998        0.99940
   919.0        0.07470        0.99998        0.99941
   920.0        0.07466        0.99998        0.99941
   921.0        0.07463        0.99998        0.99941
   922.0        0.07459        0.99998        0.99941
   923.0        0.07455        0.99998        0.99941
   924.0        0.07451        0.99998        0.99941
   925.0        0.07447        0.99998        0.99941
   926.0        0.07443        0.99998        0.99941
   927.0        0.07440        0.99998        0.99941
   928.0        0.07436        0.99998        0.99941
   929.0        0.07432        0.99998        0.99941
   930.0        0.07428        0.99998        0.99942
   931.0        0.07424        0.99998        0.99942
   932.0        0.07421        0.99998        0.99942
   933.0        0.07417        0.99998        0.99942
   934.0        0.07413        0.99998        0.99942
   935.0        0.07409        0.99998        0.99942
   936.0        0.07406        0.99998        0.99942
   937.0        0.07402        0.99998        0.99942
   938.0        0.07398        0.99998        0.99942
   939.0        0.07394        0.99998        0.99942
   940.0        0.07391        0.99998        0.99943
   941.0        0.07387        0.99998        0.99943
   942.0        0.07383        0.99998        0.99943
   943.0        0.07379        0.99998        0.99943
   944.0        0.07376        0.99998        0.99943
   945.0        0.07372        0.99998        0.99943
   946.0        0.07368        0.99998        0.99943
   947.0        0.07365        0.99998        0.99943
   948.0        0.07361        0.99998        0.99943
   949.0        0.07357        0.99998        0.99943
   950.0        0.07354        0.99998        0.99943
   951.0        0.07350        0.99998        0.99944
   952.0        0.07346        0.99998        0.99944
   953.0        0.07343        0.99998        0.99944
   954.0        0.07339        0.99998        0.99944
   955.0        0.07335        0.99998        0.99944
   956.0        0.07332        0.99998        0.99944
   957.0        0.07328        0.99998        0.99944
   958.0        0.07324        0.99998        0.99944
   959.0        0.07321        0.99998        0.99944
   960.0        0.07317        0.99998        0.99944
   961.0        0.07314        0.99998        0.99944
   962.0        0.07310        0.99998        0.99945
   963.0        0.07306        0.99998        0.99945
   964.0        0.07303        0.99998        0.99945
   965.0        0.07299        0.99998        0.99945
   966.0        0.07296        0.99998        0.99945
   967.0        0.07292        0.99998        0.99945
   968.0        0.07288        0.99998        0.99945
   969.0        0.07285        0.99998        0.99945
   970.0        0.07281        0.99998        0.99945
   971.0        0.07278        0.99998        0.99945
   972.0        0.07274        0.99998        0.99945
   973.0        0.07271        0.99998        0.99945
   974.0        0.07267        0.99998        0.99946
   975.0        0.07263        0.99998        0.99946
   976.0        0.07260        0.99998        0.99946
   977.0        0.07256        0.99998        0.99946
   978.0        0.07253        0.99998        0.99946
   979.0        0.07249        0.99998        0.99946
   980.0        0.07246        0.99998        0.99946
   981.0        0.07242        0.99998        0.99946
   982.0        0.07239        0.99998        0.99946
   983.0        0.07235        0.99998        0.99946
   984.0        0.07232        0.99998        0.99946
   985.0        0.07228        0.99998        0.99946
   986.0        0.07225        0.99998        0.99947
   987.0        0.07221        0.99998        0.99947
   988.0        0.07218        0.99998        0.99947
   989.0        0.07214        0.99998        0.99947
   990.0        0.07211        0.99998        0.99947
   991.0        0.07208        0.99998        0.99947
   992.0        0.07204        0.99998        0.99947
   993.0        0.07201        0.99998        0.99947
   994.0        0.07197        0.99998        0.99947
   995.0        0.07194        0.99998        0.99947
   996.0        0.07190        0.99998        0.99947
   997.0        0.07187        0.99998        0.99947
   998.0        0.07183        0.99998        0.99948
   999.0        0.07180        0.99998        0.99948
  1000.0        0.07177        0.99998        0.99948
