 tin                 
 Density =    7.310000      Aeff =    118.7100      Zeff =    50.00000    
     1.0    59534.34766        0.00061        0.00107
     2.0    12149.36328        0.00280        0.00302
     3.0     4462.74219        0.00561        0.00643
     4.0     6793.23779        0.00203        0.01540
     5.0     6167.45801        0.00519        0.00809
     6.0     3853.72339        0.00814        0.00965
     7.0     2579.14697        0.01107        0.01196
     8.0     1822.14709        0.01402        0.01484
     9.0     1334.84436        0.01714        0.01808
    10.0     1006.30212        0.02043        0.02169
    11.0      780.46326        0.02376        0.02561
    12.0      619.09882        0.02718        0.02979
    13.0      499.90640        0.03066        0.03422
    14.0      408.32062        0.03430        0.03905
    15.0      338.28821        0.03792        0.04433
    16.0      284.17557        0.04145        0.04978
    17.0      241.27487        0.04484        0.05574
    18.0      206.80681        0.04815        0.06217
    19.0      178.76755        0.05139        0.06910
    20.0      155.67816        0.05439        0.07640
    21.0      136.11954        0.05751        0.08406
    22.0      119.74341        0.06032        0.09261
    23.0      105.93744        0.06298        0.10184
    24.0       94.18195        0.06520        0.11231
    25.0       84.10975        0.06707        0.12403
    26.0       75.37609        0.06796        0.13848
    27.0       67.77958        0.06813        0.15567
    28.0       61.00102        0.06548        0.18226
    29.0       54.57387        0.05383        0.25084
    30.0      298.40253        0.01462        0.17026
    31.0      277.70038        0.01707        0.15794
    32.0      258.86230        0.01881        0.15486
    33.0      239.26454        0.02057        0.15436
    34.0      221.50151        0.02219        0.15565
    35.0      205.43500        0.02369        0.15826
    36.0      190.13368        0.02521        0.16175
    37.0      176.33650        0.02664        0.16614
    38.0      163.87993        0.02808        0.17061
    39.0      152.59659        0.02951        0.17542
    40.0      142.34296        0.03088        0.18058
    41.0      133.01573        0.03227        0.18552
    42.0      124.50863        0.03367        0.19054
    43.0      116.86124        0.03494        0.19625
    44.0      109.91129        0.03628        0.20162
    45.0      103.52280        0.03763        0.20697
    46.0       97.63342        0.03895        0.21267
    47.0       92.19561        0.04024        0.21861
    48.0       87.17573        0.04161        0.22421
    49.0       82.52882        0.04301        0.22980
    50.0       78.21842        0.04440        0.23551
    51.0       74.19229        0.04572        0.24176
    52.0       70.45166        0.04709        0.24783
    53.0       66.96960        0.04849        0.25383
    54.0       63.72107        0.04988        0.25999
    55.0       60.68666        0.05126        0.26595
    56.0       57.85040        0.05267        0.27167
    57.0       55.19710        0.05410        0.27731
    58.0       52.70733        0.05548        0.28329
    59.0       50.37137        0.05688        0.28925
    60.0       48.17817        0.05830        0.29519
    61.0       46.05531        0.05982        0.30111
    62.0       44.06081        0.06135        0.30699
    63.0       42.18402        0.06291        0.31285
    64.0       40.41655        0.06446        0.31881
    65.0       38.75035        0.06603        0.32473
    66.0       37.17875        0.06762        0.33061
    67.0       35.69492        0.06924        0.33646
    68.0       34.29276        0.07087        0.34227
    69.0       32.96543        0.07249        0.34822
    70.0       31.70879        0.07412        0.35418
    71.0       30.51842        0.07578        0.36010
    72.0       29.38991        0.07745        0.36597
    73.0       28.31934        0.07915        0.37180
    74.0       27.30297        0.08086        0.37758
    75.0       26.33730        0.08260        0.38332
    76.0       25.41927        0.08436        0.38902
    77.0       24.54584        0.08614        0.39467
    78.0       23.71328        0.08790        0.39999
    79.0       22.91988        0.08967        0.40533
    80.0       22.16356        0.09145        0.41063
    81.0       21.44038        0.09326        0.41588
    82.0       20.75025        0.09509        0.42109
    83.0       20.09132        0.09694        0.42625
    84.0       19.46181        0.09881        0.43137
    85.0       18.86004        0.10070        0.43643
    86.0       18.28421        0.10259        0.44153
    87.0       17.73314        0.10449        0.44658
    88.0       17.20559        0.10642        0.45159
    89.0       16.70022        0.10837        0.45655
    90.0       16.21593        0.11033        0.46147
    91.0       15.75159        0.11231        0.46634
    92.0       15.30618        0.11431        0.47115
    93.0       14.87878        0.11633        0.47591
    94.0       14.46839        0.11837        0.48062
    95.0       14.07425        0.12043        0.48529
    96.0       13.69545        0.12251        0.48991
    97.0       13.33129        0.12460        0.49448
    98.0       12.98109        0.12671        0.49901
    99.0       12.64409        0.12884        0.50349
   100.0       12.31974        0.13099        0.50794
   101.0       12.00169        0.13315        0.51212
   102.0       11.69544        0.13534        0.51626
   103.0       11.40042        0.13753        0.52036
   104.0       11.11619        0.13975        0.52441
   105.0       10.84219        0.14198        0.52843
   106.0       10.57791        0.14422        0.53242
   107.0       10.32291        0.14648        0.53639
   108.0       10.07686        0.14875        0.54032
   109.0        9.83932        0.15103        0.54421
   110.0        9.61000        0.15333        0.54806
   111.0        9.38846        0.15565        0.55187
   112.0        9.17442        0.15798        0.55564
   113.0        8.96755        0.16032        0.55937
   114.0        8.76751        0.16268        0.56306
   115.0        8.57403        0.16505        0.56673
   116.0        8.38679        0.16742        0.57039
   117.0        8.20559        0.16982        0.57401
   118.0        8.03020        0.17222        0.57758
   119.0        7.86041        0.17464        0.58112
   120.0        7.69594        0.17707        0.58463
   121.0        7.53662        0.17952        0.58809
   122.0        7.38222        0.18198        0.59152
   123.0        7.23263        0.18445        0.59491
   124.0        7.08765        0.18693        0.59827
   125.0        6.94702        0.18942        0.60160
   126.0        6.81061        0.19192        0.60490
   127.0        6.67825        0.19443        0.60817
   128.0        6.54978        0.19696        0.61140
   129.0        6.42503        0.19949        0.61460
   130.0        6.30395        0.20204        0.61776
   131.0        6.18632        0.20460        0.62088
   132.0        6.07209        0.20717        0.62398
   133.0        5.96109        0.20975        0.62704
   134.0        5.85318        0.21234        0.63008
   135.0        5.74825        0.21493        0.63310
   136.0        5.64621        0.21754        0.63609
   137.0        5.54701        0.22015        0.63904
   138.0        5.45051        0.22278        0.64196
   139.0        5.35663        0.22541        0.64486
   140.0        5.26525        0.22806        0.64772
   141.0        5.17633        0.23071        0.65054
   142.0        5.08976        0.23337        0.65334
   143.0        5.00546        0.23604        0.65611
   144.0        4.92337        0.23872        0.65886
   145.0        4.84339        0.24140        0.66157
   146.0        4.76548        0.24410        0.66426
   147.0        4.68956        0.24680        0.66692
   148.0        4.61556        0.24950        0.66955
   149.0        4.54344        0.25222        0.67215
   150.0        4.47313        0.25494        0.67473
   151.0        4.40459        0.25766        0.67728
   152.0        4.33743        0.26034        0.67971
   153.0        4.27181        0.26301        0.68208
   154.0        4.20777        0.26568        0.68443
   155.0        4.14529        0.26835        0.68675
   156.0        4.08430        0.27103        0.68906
   157.0        4.02474        0.27371        0.69134
   158.0        3.96660        0.27639        0.69360
   159.0        3.90982        0.27908        0.69584
   160.0        3.85436        0.28177        0.69806
   161.0        3.80019        0.28447        0.70025
   162.0        3.74727        0.28717        0.70242
   163.0        3.69555        0.28987        0.70457
   164.0        3.64502        0.29257        0.70669
   165.0        3.59563        0.29528        0.70879
   166.0        3.54734        0.29799        0.71088
   167.0        3.50013        0.30070        0.71294
   168.0        3.45396        0.30342        0.71498
   169.0        3.40881        0.30613        0.71699
   170.0        3.36465        0.30885        0.71900
   171.0        3.32142        0.31156        0.72100
   172.0        3.27913        0.31428        0.72298
   173.0        3.23775        0.31699        0.72493
   174.0        3.19727        0.31971        0.72687
   175.0        3.15766        0.32242        0.72879
   176.0        3.11889        0.32514        0.73069
   177.0        3.08093        0.32785        0.73257
   178.0        3.04376        0.33056        0.73443
   179.0        3.00735        0.33328        0.73627
   180.0        2.97171        0.33599        0.73810
   181.0        2.93679        0.33871        0.73990
   182.0        2.90258        0.34142        0.74169
   183.0        2.86906        0.34413        0.74346
   184.0        2.83621        0.34684        0.74523
   185.0        2.80401        0.34955        0.74697
   186.0        2.77246        0.35226        0.74870
   187.0        2.74153        0.35496        0.75040
   188.0        2.71120        0.35767        0.75210
   189.0        2.68147        0.36037        0.75377
   190.0        2.65233        0.36307        0.75543
   191.0        2.62374        0.36577        0.75707
   192.0        2.59570        0.36846        0.75870
   193.0        2.56820        0.37115        0.76031
   194.0        2.54122        0.37384        0.76191
   195.0        2.51475        0.37653        0.76350
   196.0        2.48877        0.37921        0.76507
   197.0        2.46327        0.38189        0.76663
   198.0        2.43825        0.38456        0.76817
   199.0        2.41369        0.38723        0.76970
   200.0        2.38959        0.38990        0.77122
   201.0        2.36641        0.39249        0.77271
   202.0        2.34365        0.39507        0.77420
   203.0        2.32129        0.39764        0.77567
   204.0        2.29933        0.40022        0.77713
   205.0        2.27776        0.40278        0.77857
   206.0        2.25656        0.40535        0.78000
   207.0        2.23573        0.40791        0.78142
   208.0        2.21527        0.41046        0.78282
   209.0        2.19516        0.41301        0.78421
   210.0        2.17539        0.41556        0.78559
   211.0        2.15596        0.41810        0.78696
   212.0        2.13685        0.42063        0.78831
   213.0        2.11807        0.42316        0.78966
   214.0        2.09957        0.42567        0.79099
   215.0        2.08118        0.42813        0.79226
   216.0        2.06311        0.43058        0.79351
   217.0        2.04533        0.43302        0.79476
   218.0        2.02784        0.43546        0.79600
   219.0        2.01064        0.43790        0.79722
   220.0        1.99372        0.44033        0.79843
   221.0        1.97707        0.44275        0.79963
   222.0        1.96069        0.44516        0.80083
   223.0        1.94457        0.44757        0.80201
   224.0        1.92871        0.44998        0.80318
   225.0        1.91309        0.45237        0.80434
   226.0        1.89772        0.45476        0.80549
   227.0        1.88259        0.45715        0.80664
   228.0        1.86770        0.45952        0.80777
   229.0        1.85303        0.46190        0.80889
   230.0        1.83859        0.46426        0.81001
   231.0        1.82438        0.46662        0.81111
   232.0        1.81038        0.46897        0.81221
   233.0        1.79660        0.47131        0.81329
   234.0        1.78303        0.47365        0.81437
   235.0        1.76966        0.47598        0.81543
   236.0        1.75649        0.47830        0.81649
   237.0        1.74352        0.48062        0.81754
   238.0        1.73073        0.48292        0.81857
   239.0        1.71814        0.48523        0.81960
   240.0        1.70574        0.48752        0.82063
   241.0        1.69351        0.48981        0.82164
   242.0        1.68146        0.49208        0.82265
   243.0        1.66958        0.49436        0.82365
   244.0        1.65788        0.49662        0.82464
   245.0        1.64635        0.49888        0.82562
   246.0        1.63498        0.50112        0.82659
   247.0        1.62377        0.50337        0.82756
   248.0        1.61273        0.50560        0.82851
   249.0        1.60183        0.50783        0.82946
   250.0        1.59110        0.51005        0.83040
   251.0        1.58051        0.51226        0.83134
   252.0        1.57007        0.51446        0.83226
   253.0        1.55978        0.51665        0.83318
   254.0        1.54963        0.51884        0.83409
   255.0        1.53962        0.52102        0.83499
   256.0        1.52975        0.52319        0.83588
   257.0        1.52002        0.52535        0.83677
   258.0        1.51041        0.52750        0.83765
   259.0        1.50094        0.52965        0.83852
   260.0        1.49159        0.53179        0.83939
   261.0        1.48237        0.53392        0.84025
   262.0        1.47327        0.53604        0.84110
   263.0        1.46430        0.53815        0.84195
   264.0        1.45543        0.54026        0.84279
   265.0        1.44668        0.54235        0.84362
   266.0        1.43806        0.54444        0.84445
   267.0        1.42954        0.54652        0.84528
   268.0        1.42113        0.54860        0.84609
   269.0        1.41283        0.55066        0.84690
   270.0        1.40463        0.55272        0.84770
   271.0        1.39654        0.55476        0.84850
   272.0        1.38857        0.55680        0.84929
   273.0        1.38068        0.55883        0.85007
   274.0        1.37290        0.56086        0.85085
   275.0        1.36521        0.56287        0.85162
   276.0        1.35763        0.56488        0.85239
   277.0        1.35013        0.56688        0.85315
   278.0        1.34273        0.56887        0.85390
   279.0        1.33543        0.57085        0.85465
   280.0        1.32821        0.57282        0.85539
   281.0        1.32108        0.57479        0.85612
   282.0        1.31404        0.57674        0.85686
   283.0        1.30708        0.57869        0.85758
   284.0        1.30021        0.58063        0.85830
   285.0        1.29342        0.58256        0.85902
   286.0        1.28671        0.58449        0.85972
   287.0        1.28008        0.58640        0.86043
   288.0        1.27354        0.58831        0.86113
   289.0        1.26707        0.59021        0.86182
   290.0        1.26068        0.59210        0.86251
   291.0        1.25436        0.59398        0.86319
   292.0        1.24811        0.59585        0.86387
   293.0        1.24194        0.59772        0.86454
   294.0        1.23585        0.59958        0.86520
   295.0        1.22982        0.60143        0.86587
   296.0        1.22386        0.60327        0.86652
   297.0        1.21797        0.60510        0.86718
   298.0        1.21215        0.60693        0.86782
   299.0        1.20639        0.60874        0.86846
   300.0        1.20071        0.61055        0.86910
   301.0        1.19509        0.61235        0.86973
   302.0        1.18954        0.61413        0.87036
   303.0        1.18404        0.61591        0.87099
   304.0        1.17861        0.61769        0.87161
   305.0        1.17324        0.61945        0.87223
   306.0        1.16793        0.62120        0.87284
   307.0        1.16267        0.62295        0.87344
   308.0        1.15748        0.62469        0.87405
   309.0        1.15234        0.62642        0.87465
   310.0        1.14725        0.62814        0.87524
   311.0        1.14223        0.62986        0.87583
   312.0        1.13725        0.63157        0.87642
   313.0        1.13234        0.63327        0.87700
   314.0        1.12747        0.63496        0.87757
   315.0        1.12259        0.63662        0.87814
   316.0        1.11771        0.63826        0.87869
   317.0        1.11289        0.63988        0.87923
   318.0        1.10811        0.64151        0.87977
   319.0        1.10338        0.64312        0.88031
   320.0        1.09870        0.64473        0.88084
   321.0        1.09407        0.64633        0.88137
   322.0        1.08949        0.64792        0.88190
   323.0        1.08495        0.64950        0.88242
   324.0        1.08047        0.65108        0.88294
   325.0        1.07602        0.65265        0.88346
   326.0        1.07163        0.65421        0.88397
   327.0        1.06727        0.65576        0.88448
   328.0        1.06296        0.65730        0.88499
   329.0        1.05870        0.65884        0.88549
   330.0        1.05447        0.66037        0.88599
   331.0        1.05029        0.66190        0.88649
   332.0        1.04615        0.66341        0.88698
   333.0        1.04206        0.66492        0.88747
   334.0        1.03800        0.66642        0.88795
   335.0        1.03398        0.66791        0.88844
   336.0        1.03001        0.66940        0.88891
   337.0        1.02607        0.67088        0.88939
   338.0        1.02217        0.67235        0.88986
   339.0        1.01831        0.67381        0.89033
   340.0        1.01448        0.67527        0.89080
   341.0        1.01081        0.67664        0.89126
   342.0        1.00720        0.67798        0.89172
   343.0        1.00363        0.67932        0.89218
   344.0        1.00009        0.68065        0.89263
   345.0        0.99659        0.68197        0.89309
   346.0        0.99311        0.68329        0.89353
   347.0        0.98968        0.68459        0.89398
   348.0        0.98628        0.68589        0.89442
   349.0        0.98291        0.68718        0.89486
   350.0        0.97957        0.68846        0.89530
   351.0        0.97626        0.68974        0.89573
   352.0        0.97298        0.69101        0.89616
   353.0        0.96973        0.69227        0.89659
   354.0        0.96651        0.69353        0.89701
   355.0        0.96332        0.69478        0.89743
   356.0        0.96015        0.69603        0.89785
   357.0        0.95701        0.69727        0.89827
   358.0        0.95390        0.69851        0.89869
   359.0        0.95082        0.69974        0.89910
   360.0        0.94776        0.70096        0.89951
   361.0        0.94473        0.70218        0.89991
   362.0        0.94172        0.70339        0.90032
   363.0        0.93874        0.70459        0.90072
   364.0        0.93578        0.70579        0.90112
   365.0        0.93286        0.70699        0.90151
   366.0        0.92995        0.70818        0.90191
   367.0        0.92707        0.70936        0.90230
   368.0        0.92421        0.71054        0.90269
   369.0        0.92138        0.71171        0.90307
   370.0        0.91857        0.71287        0.90346
   371.0        0.91578        0.71403        0.90384
   372.0        0.91302        0.71519        0.90422
   373.0        0.91028        0.71634        0.90459
   374.0        0.90756        0.71748        0.90497
   375.0        0.90486        0.71862        0.90534
   376.0        0.90219        0.71975        0.90571
   377.0        0.89954        0.72088        0.90608
   378.0        0.89690        0.72200        0.90644
   379.0        0.89430        0.72311        0.90681
   380.0        0.89171        0.72422        0.90717
   381.0        0.88914        0.72533        0.90753
   382.0        0.88659        0.72643        0.90788
   383.0        0.88406        0.72752        0.90824
   384.0        0.88155        0.72861        0.90859
   385.0        0.87907        0.72970        0.90894
   386.0        0.87660        0.73078        0.90929
   387.0        0.87415        0.73185        0.90963
   388.0        0.87172        0.73292        0.90998
   389.0        0.86931        0.73398        0.91032
   390.0        0.86692        0.73504        0.91066
   391.0        0.86454        0.73609        0.91100
   392.0        0.86219        0.73714        0.91133
   393.0        0.85985        0.73818        0.91167
   394.0        0.85753        0.73922        0.91200
   395.0        0.85523        0.74025        0.91233
   396.0        0.85295        0.74128        0.91266
   397.0        0.85068        0.74230        0.91298
   398.0        0.84843        0.74332        0.91331
   399.0        0.84620        0.74433        0.91363
   400.0        0.84399        0.74534        0.91395
   401.0        0.84179        0.74634        0.91427
   402.0        0.83961        0.74734        0.91458
   403.0        0.83744        0.74833        0.91490
   404.0        0.83530        0.74932        0.91521
   405.0        0.83316        0.75030        0.91552
   406.0        0.83105        0.75127        0.91583
   407.0        0.82895        0.75225        0.91614
   408.0        0.82686        0.75321        0.91645
   409.0        0.82479        0.75418        0.91675
   410.0        0.82273        0.75513        0.91705
   411.0        0.82069        0.75609        0.91735
   412.0        0.81867        0.75704        0.91765
   413.0        0.81666        0.75798        0.91795
   414.0        0.81466        0.75892        0.91824
   415.0        0.81268        0.75986        0.91854
   416.0        0.81071        0.76079        0.91883
   417.0        0.80876        0.76171        0.91912
   418.0        0.80682        0.76264        0.91941
   419.0        0.80489        0.76355        0.91970
   420.0        0.80298        0.76447        0.91998
   421.0        0.80108        0.76537        0.92027
   422.0        0.79919        0.76628        0.92055
   423.0        0.79732        0.76718        0.92083
   424.0        0.79546        0.76807        0.92111
   425.0        0.79361        0.76896        0.92139
   426.0        0.79177        0.76985        0.92166
   427.0        0.78995        0.77073        0.92194
   428.0        0.78814        0.77161        0.92221
   429.0        0.78635        0.77249        0.92248
   430.0        0.78456        0.77336        0.92275
   431.0        0.78279        0.77422        0.92302
   432.0        0.78103        0.77508        0.92329
   433.0        0.77928        0.77594        0.92356
   434.0        0.77755        0.77679        0.92382
   435.0        0.77582        0.77764        0.92408
   436.0        0.77411        0.77849        0.92434
   437.0        0.77240        0.77933        0.92460
   438.0        0.77071        0.78016        0.92486
   439.0        0.76903        0.78100        0.92512
   440.0        0.76737        0.78183        0.92538
   441.0        0.76571        0.78265        0.92563
   442.0        0.76406        0.78347        0.92588
   443.0        0.76243        0.78429        0.92613
   444.0        0.76080        0.78510        0.92639
   445.0        0.75919        0.78591        0.92663
   446.0        0.75759        0.78671        0.92688
   447.0        0.75599        0.78751        0.92713
   448.0        0.75441        0.78831        0.92738
   449.0        0.75284        0.78910        0.92762
   450.0        0.75127        0.78989        0.92786
   451.0        0.74972        0.79068        0.92810
   452.0        0.74818        0.79146        0.92834
   453.0        0.74665        0.79224        0.92858
   454.0        0.74512        0.79301        0.92882
   455.0        0.74361        0.79378        0.92906
   456.0        0.74211        0.79455        0.92929
   457.0        0.74061        0.79531        0.92953
   458.0        0.73913        0.79607        0.92976
   459.0        0.73765        0.79683        0.92999
   460.0        0.73619        0.79758        0.93022
   461.0        0.73473        0.79833        0.93045
   462.0        0.73328        0.79908        0.93068
   463.0        0.73184        0.79982        0.93091
   464.0        0.73041        0.80056        0.93113
   465.0        0.72899        0.80129        0.93136
   466.0        0.72758        0.80202        0.93158
   467.0        0.72618        0.80275        0.93180
   468.0        0.72478        0.80347        0.93202
   469.0        0.72339        0.80419        0.93224
   470.0        0.72201        0.80491        0.93246
   471.0        0.72064        0.80563        0.93268
   472.0        0.71928        0.80634        0.93289
   473.0        0.71793        0.80704        0.93311
   474.0        0.71658        0.80775        0.93332
   475.0        0.71524        0.80845        0.93354
   476.0        0.71387        0.80913        0.93374
   477.0        0.71249        0.80981        0.93395
   478.0        0.71111        0.81049        0.93415
   479.0        0.70974        0.81116        0.93435
   480.0        0.70837        0.81182        0.93455
   481.0        0.70702        0.81249        0.93475
   482.0        0.70568        0.81315        0.93495
   483.0        0.70434        0.81381        0.93515
   484.0        0.70301        0.81446        0.93535
   485.0        0.70169        0.81512        0.93554
   486.0        0.70037        0.81577        0.93574
   487.0        0.69906        0.81641        0.93593
   488.0        0.69776        0.81706        0.93612
   489.0        0.69647        0.81770        0.93632
   490.0        0.69518        0.81833        0.93651
   491.0        0.69390        0.81897        0.93670
   492.0        0.69263        0.81960        0.93689
   493.0        0.69136        0.82023        0.93707
   494.0        0.69011        0.82085        0.93726
   495.0        0.68886        0.82148        0.93745
   496.0        0.68761        0.82210        0.93763
   497.0        0.68638        0.82271        0.93782
   498.0        0.68515        0.82333        0.93800
   499.0        0.68392        0.82394        0.93819
   500.0        0.68271        0.82455        0.93837
   501.0        0.68154        0.82510        0.93855
   502.0        0.68038        0.82564        0.93873
   503.0        0.67923        0.82619        0.93891
   504.0        0.67809        0.82673        0.93909
   505.0        0.67695        0.82727        0.93927
   506.0        0.67582        0.82781        0.93944
   507.0        0.67469        0.82835        0.93962
   508.0        0.67356        0.82888        0.93979
   509.0        0.67245        0.82941        0.93997
   510.0        0.67134        0.82994        0.94014
   511.0        0.67023        0.83046        0.94032
   512.0        0.66913        0.83099        0.94049
   513.0        0.66804        0.83151        0.94066
   514.0        0.66695        0.83203        0.94083
   515.0        0.66587        0.83255        0.94100
   516.0        0.66479        0.83306        0.94117
   517.0        0.66372        0.83358        0.94134
   518.0        0.66265        0.83409        0.94151
   519.0        0.66159        0.83460        0.94167
   520.0        0.66053        0.83510        0.94184
   521.0        0.65948        0.83561        0.94200
   522.0        0.65843        0.83611        0.94217
   523.0        0.65739        0.83661        0.94233
   524.0        0.65636        0.83711        0.94249
   525.0        0.65533        0.83760        0.94266
   526.0        0.65430        0.83810        0.94282
   527.0        0.65328        0.83859        0.94298
   528.0        0.65227        0.83908        0.94314
   529.0        0.65125        0.83957        0.94330
   530.0        0.65025        0.84005        0.94346
   531.0        0.64925        0.84054        0.94362
   532.0        0.64825        0.84102        0.94377
   533.0        0.64726        0.84150        0.94393
   534.0        0.64627        0.84197        0.94408
   535.0        0.64529        0.84245        0.94424
   536.0        0.64431        0.84292        0.94439
   537.0        0.64334        0.84339        0.94455
   538.0        0.64237        0.84386        0.94470
   539.0        0.64140        0.84433        0.94485
   540.0        0.64045        0.84480        0.94500
   541.0        0.63949        0.84526        0.94516
   542.0        0.63854        0.84572        0.94531
   543.0        0.63760        0.84618        0.94546
   544.0        0.63666        0.84664        0.94561
   545.0        0.63572        0.84710        0.94575
   546.0        0.63478        0.84755        0.94590
   547.0        0.63386        0.84800        0.94605
   548.0        0.63293        0.84845        0.94619
   549.0        0.63201        0.84890        0.94634
   550.0        0.63110        0.84935        0.94649
   551.0        0.63018        0.84979        0.94663
   552.0        0.62928        0.85023        0.94677
   553.0        0.62838        0.85067        0.94692
   554.0        0.62748        0.85111        0.94706
   555.0        0.62658        0.85155        0.94720
   556.0        0.62569        0.85199        0.94734
   557.0        0.62481        0.85242        0.94748
   558.0        0.62392        0.85285        0.94762
   559.0        0.62304        0.85328        0.94776
   560.0        0.62217        0.85371        0.94790
   561.0        0.62130        0.85413        0.94804
   562.0        0.62043        0.85456        0.94818
   563.0        0.61957        0.85498        0.94832
   564.0        0.61871        0.85540        0.94845
   565.0        0.61785        0.85582        0.94859
   566.0        0.61700        0.85624        0.94872
   567.0        0.61615        0.85666        0.94886
   568.0        0.61531        0.85707        0.94899
   569.0        0.61447        0.85748        0.94913
   570.0        0.61363        0.85789        0.94926
   571.0        0.61280        0.85830        0.94939
   572.0        0.61197        0.85871        0.94953
   573.0        0.61114        0.85912        0.94966
   574.0        0.61032        0.85952        0.94979
   575.0        0.60950        0.85992        0.94992
   576.0        0.60869        0.86033        0.95005
   577.0        0.60787        0.86072        0.95018
   578.0        0.60707        0.86112        0.95031
   579.0        0.60626        0.86152        0.95043
   580.0        0.60546        0.86191        0.95056
   581.0        0.60466        0.86231        0.95069
   582.0        0.60386        0.86270        0.95082
   583.0        0.60307        0.86309        0.95094
   584.0        0.60229        0.86348        0.95107
   585.0        0.60150        0.86386        0.95119
   586.0        0.60072        0.86425        0.95132
   587.0        0.59994        0.86463        0.95144
   588.0        0.59917        0.86501        0.95156
   589.0        0.59840        0.86540        0.95169
   590.0        0.59763        0.86577        0.95181
   591.0        0.59686        0.86615        0.95193
   592.0        0.59610        0.86653        0.95205
   593.0        0.59534        0.86690        0.95217
   594.0        0.59459        0.86728        0.95230
   595.0        0.59383        0.86765        0.95242
   596.0        0.59308        0.86802        0.95253
   597.0        0.59233        0.86839        0.95265
   598.0        0.59159        0.86876        0.95277
   599.0        0.59085        0.86912        0.95289
   600.0        0.59011        0.86949        0.95301
   601.0        0.58938        0.86985        0.95313
   602.0        0.58865        0.87021        0.95324
   603.0        0.58792        0.87057        0.95336
   604.0        0.58719        0.87093        0.95347
   605.0        0.58647        0.87128        0.95359
   606.0        0.58575        0.87164        0.95370
   607.0        0.58504        0.87199        0.95382
   608.0        0.58432        0.87234        0.95393
   609.0        0.58361        0.87270        0.95405
   610.0        0.58290        0.87305        0.95416
   611.0        0.58220        0.87339        0.95427
   612.0        0.58150        0.87374        0.95438
   613.0        0.58080        0.87409        0.95450
   614.0        0.58010        0.87443        0.95461
   615.0        0.57941        0.87477        0.95472
   616.0        0.57871        0.87512        0.95483
   617.0        0.57803        0.87546        0.95494
   618.0        0.57734        0.87580        0.95505
   619.0        0.57666        0.87613        0.95516
   620.0        0.57597        0.87647        0.95526
   621.0        0.57530        0.87681        0.95537
   622.0        0.57462        0.87714        0.95548
   623.0        0.57395        0.87747        0.95559
   624.0        0.57328        0.87780        0.95570
   625.0        0.57261        0.87813        0.95580
   626.0        0.57195        0.87846        0.95591
   627.0        0.57128        0.87879        0.95601
   628.0        0.57062        0.87912        0.95612
   629.0        0.56997        0.87944        0.95622
   630.0        0.56931        0.87976        0.95633
   631.0        0.56866        0.88009        0.95643
   632.0        0.56801        0.88041        0.95654
   633.0        0.56736        0.88073        0.95664
   634.0        0.56671        0.88105        0.95674
   635.0        0.56607        0.88136        0.95684
   636.0        0.56543        0.88168        0.95695
   637.0        0.56479        0.88200        0.95705
   638.0        0.56416        0.88231        0.95715
   639.0        0.56352        0.88262        0.95725
   640.0        0.56289        0.88293        0.95735
   641.0        0.56226        0.88325        0.95745
   642.0        0.56164        0.88356        0.95755
   643.0        0.56101        0.88386        0.95765
   644.0        0.56039        0.88417        0.95775
   645.0        0.55977        0.88448        0.95785
   646.0        0.55916        0.88478        0.95795
   647.0        0.55854        0.88508        0.95805
   648.0        0.55793        0.88539        0.95814
   649.0        0.55732        0.88569        0.95824
   650.0        0.55671        0.88599        0.95834
   651.0        0.55610        0.88629        0.95843
   652.0        0.55550        0.88658        0.95853
   653.0        0.55490        0.88688        0.95863
   654.0        0.55430        0.88718        0.95872
   655.0        0.55370        0.88747        0.95882
   656.0        0.55311        0.88777        0.95891
   657.0        0.55251        0.88806        0.95900
   658.0        0.55192        0.88835        0.95910
   659.0        0.55133        0.88864        0.95919
   660.0        0.55075        0.88893        0.95929
   661.0        0.55016        0.88922        0.95938
   662.0        0.54958        0.88950        0.95947
   663.0        0.54901        0.88977        0.95956
   664.0        0.54845        0.89003        0.95966
   665.0        0.54789        0.89029        0.95975
   666.0        0.54733        0.89055        0.95984
   667.0        0.54677        0.89080        0.95993
   668.0        0.54622        0.89106        0.96002
   669.0        0.54567        0.89131        0.96011
   670.0        0.54511        0.89156        0.96020
   671.0        0.54457        0.89182        0.96029
   672.0        0.54402        0.89207        0.96038
   673.0        0.54347        0.89232        0.96047
   674.0        0.54293        0.89257        0.96056
   675.0        0.54239        0.89282        0.96065
   676.0        0.54185        0.89306        0.96073
   677.0        0.54131        0.89331        0.96082
   678.0        0.54077        0.89356        0.96091
   679.0        0.54024        0.89380        0.96100
   680.0        0.53970        0.89405        0.96108
   681.0        0.53917        0.89429        0.96117
   682.0        0.53864        0.89453        0.96126
   683.0        0.53812        0.89478        0.96134
   684.0        0.53759        0.89502        0.96143
   685.0        0.53707        0.89526        0.96151
   686.0        0.53654        0.89550        0.96160
   687.0        0.53602        0.89574        0.96168
   688.0        0.53550        0.89597        0.96177
   689.0        0.53499        0.89621        0.96185
   690.0        0.53447        0.89645        0.96193
   691.0        0.53396        0.89668        0.96202
   692.0        0.53344        0.89692        0.96210
   693.0        0.53293        0.89715        0.96218
   694.0        0.53242        0.89739        0.96226
   695.0        0.53192        0.89762        0.96235
   696.0        0.53141        0.89785        0.96243
   697.0        0.53090        0.89808        0.96251
   698.0        0.53040        0.89831        0.96259
   699.0        0.52990        0.89854        0.96267
   700.0        0.52940        0.89877        0.96275
   701.0        0.52890        0.89900        0.96283
   702.0        0.52841        0.89922        0.96291
   703.0        0.52791        0.89945        0.96299
   704.0        0.52742        0.89967        0.96307
   705.0        0.52692        0.89990        0.96315
   706.0        0.52643        0.90012        0.96323
   707.0        0.52595        0.90035        0.96331
   708.0        0.52546        0.90057        0.96339
   709.0        0.52497        0.90079        0.96347
   710.0        0.52449        0.90101        0.96355
   711.0        0.52401        0.90122        0.96362
   712.0        0.52353        0.90144        0.96370
   713.0        0.52305        0.90166        0.96378
   714.0        0.52257        0.90187        0.96386
   715.0        0.52210        0.90209        0.96393
   716.0        0.52163        0.90230        0.96401
   717.0        0.52115        0.90251        0.96408
   718.0        0.52068        0.90273        0.96416
   719.0        0.52021        0.90294        0.96424
   720.0        0.51975        0.90315        0.96431
   721.0        0.51928        0.90336        0.96439
   722.0        0.51881        0.90357        0.96446
   723.0        0.51835        0.90378        0.96454
   724.0        0.51789        0.90398        0.96461
   725.0        0.51742        0.90419        0.96468
   726.0        0.51696        0.90440        0.96476
   727.0        0.51651        0.90460        0.96483
   728.0        0.51605        0.90481        0.96491
   729.0        0.51559        0.90502        0.96498
   730.0        0.51514        0.90522        0.96505
   731.0        0.51469        0.90542        0.96512
   732.0        0.51424        0.90563        0.96520
   733.0        0.51379        0.90583        0.96527
   734.0        0.51334        0.90603        0.96534
   735.0        0.51289        0.90623        0.96541
   736.0        0.51244        0.90643        0.96548
   737.0        0.51200        0.90663        0.96555
   738.0        0.51156        0.90683        0.96563
   739.0        0.51111        0.90703        0.96570
   740.0        0.51067        0.90722        0.96577
   741.0        0.51023        0.90742        0.96584
   742.0        0.50979        0.90762        0.96591
   743.0        0.50936        0.90781        0.96598
   744.0        0.50892        0.90801        0.96605
   745.0        0.50849        0.90820        0.96612
   746.0        0.50805        0.90840        0.96618
   747.0        0.50762        0.90859        0.96625
   748.0        0.50719        0.90878        0.96632
   749.0        0.50676        0.90898        0.96639
   750.0        0.50633        0.90917        0.96646
   751.0        0.50590        0.90936        0.96653
   752.0        0.50547        0.90955        0.96659
   753.0        0.50505        0.90974        0.96666
   754.0        0.50463        0.90993        0.96673
   755.0        0.50420        0.91012        0.96680
   756.0        0.50378        0.91030        0.96686
   757.0        0.50336        0.91049        0.96693
   758.0        0.50294        0.91068        0.96700
   759.0        0.50253        0.91086        0.96706
   760.0        0.50211        0.91105        0.96713
   761.0        0.50169        0.91123        0.96719
   762.0        0.50128        0.91142        0.96726
   763.0        0.50087        0.91160        0.96732
   764.0        0.50045        0.91179        0.96739
   765.0        0.50004        0.91197        0.96745
   766.0        0.49963        0.91215        0.96752
   767.0        0.49923        0.91233        0.96758
   768.0        0.49882        0.91251        0.96765
   769.0        0.49841        0.91269        0.96771
   770.0        0.49800        0.91287        0.96778
   771.0        0.49760        0.91305        0.96784
   772.0        0.49720        0.91323        0.96790
   773.0        0.49680        0.91341        0.96797
   774.0        0.49640        0.91359        0.96803
   775.0        0.49599        0.91376        0.96809
   776.0        0.49560        0.91394        0.96815
   777.0        0.49520        0.91412        0.96822
   778.0        0.49480        0.91429        0.96828
   779.0        0.49441        0.91447        0.96834
   780.0        0.49402        0.91464        0.96840
   781.0        0.49361        0.91481        0.96846
   782.0        0.49319        0.91498        0.96852
   783.0        0.49278        0.91515        0.96858
   784.0        0.49236        0.91532        0.96864
   785.0        0.49195        0.91549        0.96870
   786.0        0.49153        0.91565        0.96876
   787.0        0.49112        0.91582        0.96882
   788.0        0.49071        0.91599        0.96888
   789.0        0.49030        0.91615        0.96894
   790.0        0.48989        0.91632        0.96899
   791.0        0.48948        0.91648        0.96905
   792.0        0.48908        0.91664        0.96911
   793.0        0.48868        0.91681        0.96917
   794.0        0.48827        0.91697        0.96923
   795.0        0.48787        0.91713        0.96928
   796.0        0.48747        0.91730        0.96934
   797.0        0.48706        0.91746        0.96940
   798.0        0.48667        0.91762        0.96945
   799.0        0.48627        0.91778        0.96951
   800.0        0.48587        0.91794        0.96957
   801.0        0.48547        0.91810        0.96962
   802.0        0.48508        0.91826        0.96968
   803.0        0.48468        0.91842        0.96974
   804.0        0.48429        0.91857        0.96979
   805.0        0.48390        0.91873        0.96985
   806.0        0.48351        0.91889        0.96990
   807.0        0.48312        0.91904        0.96996
   808.0        0.48273        0.91920        0.97001
   809.0        0.48234        0.91935        0.97007
   810.0        0.48195        0.91951        0.97012
   811.0        0.48157        0.91966        0.97018
   812.0        0.48118        0.91982        0.97023
   813.0        0.48080        0.91997        0.97029
   814.0        0.48041        0.92013        0.97034
   815.0        0.48003        0.92028        0.97040
   816.0        0.47965        0.92043        0.97045
   817.0        0.47927        0.92058        0.97050
   818.0        0.47889        0.92073        0.97056
   819.0        0.47851        0.92089        0.97061
   820.0        0.47813        0.92104        0.97066
   821.0        0.47776        0.92119        0.97072
   822.0        0.47738        0.92134        0.97077
   823.0        0.47701        0.92148        0.97082
   824.0        0.47663        0.92163        0.97087
   825.0        0.47626        0.92178        0.97093
   826.0        0.47589        0.92193        0.97098
   827.0        0.47552        0.92208        0.97103
   828.0        0.47515        0.92222        0.97108
   829.0        0.47478        0.92237        0.97113
   830.0        0.47441        0.92252        0.97119
   831.0        0.47404        0.92266        0.97124
   832.0        0.47368        0.92281        0.97129
   833.0        0.47331        0.92295        0.97134
   834.0        0.47294        0.92310        0.97139
   835.0        0.47258        0.92324        0.97144
   836.0        0.47222        0.92339        0.97149
   837.0        0.47186        0.92353        0.97154
   838.0        0.47149        0.92367        0.97159
   839.0        0.47114        0.92382        0.97164
   840.0        0.47078        0.92396        0.97169
   841.0        0.47042        0.92410        0.97174
   842.0        0.47006        0.92424        0.97179
   843.0        0.46970        0.92438        0.97184
   844.0        0.46935        0.92452        0.97189
   845.0        0.46899        0.92466        0.97194
   846.0        0.46864        0.92480        0.97199
   847.0        0.46828        0.92494        0.97204
   848.0        0.46793        0.92508        0.97209
   849.0        0.46758        0.92522        0.97214
   850.0        0.46723        0.92536        0.97219
   851.0        0.46688        0.92549        0.97224
   852.0        0.46653        0.92563        0.97229
   853.0        0.46619        0.92577        0.97233
   854.0        0.46584        0.92591        0.97238
   855.0        0.46549        0.92604        0.97243
   856.0        0.46515        0.92618        0.97248
   857.0        0.46480        0.92631        0.97253
   858.0        0.46445        0.92645        0.97257
   859.0        0.46411        0.92658        0.97262
   860.0        0.46377        0.92672        0.97267
   861.0        0.46343        0.92685        0.97272
   862.0        0.46309        0.92698        0.97276
   863.0        0.46275        0.92712        0.97281
   864.0        0.46241        0.92725        0.97286
   865.0        0.46207        0.92738        0.97290
   866.0        0.46173        0.92752        0.97295
   867.0        0.46140        0.92765        0.97300
   868.0        0.46106        0.92778        0.97304
   869.0        0.46073        0.92791        0.97309
   870.0        0.46039        0.92804        0.97313
   871.0        0.46006        0.92817        0.97318
   872.0        0.45972        0.92830        0.97323
   873.0        0.45939        0.92843        0.97327
   874.0        0.45906        0.92856        0.97332
   875.0        0.45873        0.92869        0.97336
   876.0        0.45840        0.92882        0.97341
   877.0        0.45807        0.92894        0.97345
   878.0        0.45774        0.92907        0.97350
   879.0        0.45741        0.92920        0.97354
   880.0        0.45709        0.92933        0.97359
   881.0        0.45676        0.92945        0.97363
   882.0        0.45643        0.92958        0.97368
   883.0        0.45611        0.92970        0.97372
   884.0        0.45579        0.92981        0.97377
   885.0        0.45548        0.92993        0.97381
   886.0        0.45516        0.93005        0.97385
   887.0        0.45484        0.93016        0.97390
   888.0        0.45452        0.93028        0.97394
   889.0        0.45421        0.93040        0.97398
   890.0        0.45389        0.93051        0.97403
   891.0        0.45358        0.93063        0.97407
   892.0        0.45326        0.93074        0.97412
   893.0        0.45295        0.93086        0.97416
   894.0        0.45264        0.93097        0.97420
   895.0        0.45232        0.93109        0.97424
   896.0        0.45201        0.93120        0.97429
   897.0        0.45170        0.93131        0.97433
   898.0        0.45139        0.93143        0.97437
   899.0        0.45108        0.93154        0.97441
   900.0        0.45077        0.93165        0.97446
   901.0        0.45046        0.93176        0.97450
   902.0        0.45016        0.93188        0.97454
   903.0        0.44985        0.93199        0.97458
   904.0        0.44955        0.93210        0.97463
   905.0        0.44924        0.93221        0.97467
   906.0        0.44894        0.93232        0.97471
   907.0        0.44863        0.93243        0.97475
   908.0        0.44833        0.93254        0.97479
   909.0        0.44803        0.93265        0.97483
   910.0        0.44772        0.93276        0.97487
   911.0        0.44742        0.93287        0.97492
   912.0        0.44712        0.93298        0.97496
   913.0        0.44682        0.93309        0.97500
   914.0        0.44652        0.93320        0.97504
   915.0        0.44622        0.93331        0.97508
   916.0        0.44592        0.93341        0.97512
   917.0        0.44563        0.93352        0.97516
   918.0        0.44533        0.93363        0.97520
   919.0        0.44503        0.93374        0.97524
   920.0        0.44474        0.93384        0.97528
   921.0        0.44444        0.93395        0.97532
   922.0        0.44415        0.93406        0.97536
   923.0        0.44386        0.93416        0.97540
   924.0        0.44356        0.93427        0.97544
   925.0        0.44327        0.93437        0.97548
   926.0        0.44298        0.93448        0.97552
   927.0        0.44268        0.93458        0.97556
   928.0        0.44239        0.93469        0.97560
   929.0        0.44211        0.93479        0.97564
   930.0        0.44182        0.93490        0.97568
   931.0        0.44153        0.93500        0.97572
   932.0        0.44124        0.93511        0.97576
   933.0        0.44095        0.93521        0.97579
   934.0        0.44066        0.93531        0.97583
   935.0        0.44038        0.93542        0.97587
   936.0        0.44009        0.93552        0.97591
   937.0        0.43981        0.93562        0.97595
   938.0        0.43952        0.93572        0.97599
   939.0        0.43924        0.93582        0.97603
   940.0        0.43895        0.93593        0.97606
   941.0        0.43867        0.93603        0.97610
   942.0        0.43839        0.93613        0.97614
   943.0        0.43811        0.93623        0.97618
   944.0        0.43782        0.93633        0.97621
   945.0        0.43754        0.93643        0.97625
   946.0        0.43727        0.93653        0.97629
   947.0        0.43698        0.93663        0.97633
   948.0        0.43671        0.93673        0.97637
   949.0        0.43643        0.93683        0.97640
   950.0        0.43615        0.93693        0.97644
   951.0        0.43587        0.93703        0.97648
   952.0        0.43560        0.93713        0.97651
   953.0        0.43532        0.93723        0.97655
   954.0        0.43504        0.93732        0.97659
   955.0        0.43477        0.93742        0.97662
   956.0        0.43449        0.93752        0.97666
   957.0        0.43422        0.93762        0.97670
   958.0        0.43395        0.93771        0.97673
   959.0        0.43367        0.93781        0.97677
   960.0        0.43340        0.93791        0.97681
   961.0        0.43313        0.93800        0.97684
   962.0        0.43286        0.93810        0.97688
   963.0        0.43259        0.93820        0.97691
   964.0        0.43232        0.93829        0.97695
   965.0        0.43205        0.93839        0.97699
   966.0        0.43178        0.93848        0.97702
   967.0        0.43151        0.93858        0.97706
   968.0        0.43125        0.93867        0.97709
   969.0        0.43098        0.93877        0.97713
   970.0        0.43071        0.93886        0.97716
   971.0        0.43044        0.93896        0.97720
   972.0        0.43018        0.93905        0.97723
   973.0        0.42991        0.93914        0.97727
   974.0        0.42965        0.93924        0.97730
   975.0        0.42938        0.93933        0.97734
   976.0        0.42912        0.93942        0.97737
   977.0        0.42886        0.93952        0.97741
   978.0        0.42860        0.93961        0.97744
   979.0        0.42833        0.93970        0.97748
   980.0        0.42807        0.93979        0.97751
   981.0        0.42781        0.93988        0.97755
   982.0        0.42755        0.93998        0.97758
   983.0        0.42729        0.94007        0.97762
   984.0        0.42703        0.94016        0.97765
   985.0        0.42677        0.94025        0.97768
   986.0        0.42651        0.94034        0.97772
   987.0        0.42625        0.94043        0.97775
   988.0        0.42599        0.94052        0.97779
   989.0        0.42574        0.94061        0.97782
   990.0        0.42548        0.94070        0.97786
   991.0        0.42523        0.94079        0.97789
   992.0        0.42497        0.94088        0.97793
   993.0        0.42471        0.94097        0.97796
   994.0        0.42446        0.94106        0.97799
   995.0        0.42420        0.94115        0.97803
   996.0        0.42395        0.94124        0.97806
   997.0        0.42370        0.94132        0.97809
   998.0        0.42344        0.94141        0.97813
   999.0        0.42319        0.94150        0.97816
  1000.0        0.42294        0.94159        0.97819
