 tungsten            
 Density =    19.25000      Aeff =    183.8400      Zeff =    74.00000    
     1.0    70533.79688        0.00087        0.00137
     2.0    75323.46875        0.00107        0.00251
     3.0    36541.70313        0.00368        0.00233
     4.0    18368.44531        0.00697        0.00329
     5.0    10611.62891        0.01060        0.00466
     6.0     6723.60498        0.01438        0.00638
     7.0     4540.36426        0.01801        0.00864
     8.0     3244.12036        0.02096        0.01155
     9.0     2383.38574        0.02250        0.01605
    10.0     1797.50610        0.01768        0.02922
    11.0     3652.75293        0.01257        0.02153
    12.0     4025.06055        0.01225        0.02123
    13.0     3815.51489        0.01593        0.01814
    14.0     3168.73291        0.01910        0.01904
    15.0     2660.12622        0.02187        0.02061
    16.0     2257.97900        0.02447        0.02251
    17.0     1930.54211        0.02707        0.02464
    18.0     1662.45691        0.02956        0.02708
    19.0     1443.37646        0.03200        0.02970
    20.0     1262.42102        0.03443        0.03237
    21.0     1111.31726        0.03681        0.03520
    22.0      984.24518        0.03919        0.03816
    23.0      875.89929        0.04159        0.04126
    24.0      783.34021        0.04396        0.04454
    25.0      703.82898        0.04633        0.04796
    26.0      634.93243        0.04865        0.05156
    27.0      575.01093        0.05097        0.05513
    28.0      522.65161        0.05326        0.05887
    29.0      476.69125        0.05552        0.06275
    30.0      436.16745        0.05779        0.06675
    31.0      399.88211        0.06006        0.07088
    32.0      367.64154        0.06229        0.07502
    33.0      338.89322        0.06450        0.07930
    34.0      313.17969        0.06671        0.08369
    35.0      290.07977        0.06895        0.08815
    36.0      269.22961        0.07116        0.09277
    37.0      250.39572        0.07334        0.09756
    38.0      233.32205        0.07551        0.10248
    39.0      217.65105        0.07769        0.10758
    40.0      203.37903        0.07976        0.11296
    41.0      190.42183        0.08183        0.11844
    42.0      178.58386        0.08390        0.12381
    43.0      167.73058        0.08589        0.12934
    44.0      157.77382        0.08789        0.13496
    45.0      148.62328        0.08991        0.14065
    46.0      140.19308        0.09191        0.14647
    47.0      132.40387        0.09385        0.15250
    48.0      125.23994        0.09578        0.15861
    49.0      118.61950        0.09772        0.16478
    50.0      112.47572        0.09964        0.17108
    51.0      106.72948        0.10157        0.17753
    52.0      101.37479        0.10341        0.18408
    53.0       96.37877        0.10517        0.19073
    54.0       91.72103        0.10695        0.19742
    55.0       87.37317        0.10875        0.20418
    56.0       83.27406        0.11018        0.21180
    57.0       79.43864        0.11164        0.21949
    58.0       75.84723        0.11313        0.22724
    59.0       72.48006        0.11464        0.23505
    60.0       69.31892        0.11618        0.24290
    61.0       66.25933        0.11727        0.25215
    62.0       63.37532        0.11825        0.26183
    63.0       60.66402        0.11928        0.27158
    64.0       58.08813        0.11998        0.28239
    65.0       55.63468        0.12029        0.29453
    66.0       53.26632        0.11970        0.30958
    67.0       51.02293        0.11897        0.32566
    68.0       48.78700        0.11610        0.34947
    69.0       46.58736        0.11152        0.38155
    70.0      209.58826        0.02752        0.34411
    71.0      203.03262        0.03312        0.29557
    72.0      196.14059        0.03553        0.28551
    73.0      189.48236        0.03744        0.28043
    74.0      183.09117        0.03908        0.27799
    75.0      176.98064        0.04061        0.27670
    76.0      171.14050        0.04205        0.27626
    77.0      165.55504        0.04342        0.27656
    78.0      160.21198        0.04471        0.27747
    79.0      155.09821        0.04594        0.27891
    80.0      150.20450        0.04712        0.28075
    81.0      145.52998        0.04830        0.28266
    82.0      141.05055        0.04943        0.28495
    83.0      136.75168        0.05047        0.28777
    84.0      132.63611        0.05153        0.29056
    85.0      128.69432        0.05260        0.29335
    86.0      124.91681        0.05368        0.29611
    87.0      121.29328        0.05475        0.29892
    88.0      117.81585        0.05583        0.30179
    89.0      114.47171        0.05685        0.30497
    90.0      111.25861        0.05787        0.30822
    91.0      108.17272        0.05889        0.31146
    92.0      105.20647        0.05993        0.31468
    93.0      102.35588        0.06098        0.31783
    94.0       99.61406        0.06204        0.32092
    95.0       96.97507        0.06311        0.32407
    96.0       94.43296        0.06417        0.32726
    97.0       91.98452        0.06522        0.33049
    98.0       89.62180        0.06625        0.33390
    99.0       87.34069        0.06725        0.33751
   100.0       85.14128        0.06825        0.34110
   101.0       83.01537        0.06924        0.34446
   102.0       80.96700        0.07026        0.34766
   103.0       78.99003        0.07130        0.35081
   104.0       77.08122        0.07235        0.35394
   105.0       75.23732        0.07339        0.35710
   106.0       73.45493        0.07443        0.36030
   107.0       71.72990        0.07545        0.36362
   108.0       70.05824        0.07642        0.36719
   109.0       68.44197        0.07741        0.37071
   110.0       66.88085        0.07843        0.37406
   111.0       65.37019        0.07946        0.37738
   112.0       63.90787        0.08049        0.38068
   113.0       62.49195        0.08154        0.38397
   114.0       61.11919        0.08256        0.38735
   115.0       59.78680        0.08356        0.39090
   116.0       58.49699        0.08458        0.39432
   117.0       57.24790        0.08563        0.39763
   118.0       56.03670        0.08668        0.40092
   119.0       54.86206        0.08774        0.40419
   120.0       53.72254        0.08881        0.40745
   121.0       52.61679        0.08988        0.41068
   122.0       51.54354        0.09096        0.41390
   123.0       50.49977        0.09201        0.41725
   124.0       49.48565        0.09306        0.42064
   125.0       48.49955        0.09410        0.42412
   126.0       47.54366        0.09518        0.42737
   127.0       46.61510        0.09627        0.43057
   128.0       45.71253        0.09737        0.43375
   129.0       44.83209        0.09848        0.43692
   130.0       43.96059        0.09964        0.44006
   131.0       43.11339        0.10080        0.44318
   132.0       42.28952        0.10196        0.44629
   133.0       41.48751        0.10312        0.44945
   134.0       40.70546        0.10424        0.45264
   135.0       39.94354        0.10535        0.45581
   136.0       39.20234        0.10646        0.45897
   137.0       38.48232        0.10761        0.46198
   138.0       37.78166        0.10877        0.46493
   139.0       37.09939        0.10993        0.46786
   140.0       36.43479        0.11110        0.47078
   141.0       35.78734        0.11228        0.47367
   142.0       35.15646        0.11346        0.47654
   143.0       34.54158        0.11465        0.47940
   144.0       33.94230        0.11584        0.48223
   145.0       33.35773        0.11703        0.48509
   146.0       32.78700        0.11821        0.48801
   147.0       32.23048        0.11940        0.49091
   148.0       31.68758        0.12059        0.49379
   149.0       31.15791        0.12179        0.49666
   150.0       30.64115        0.12299        0.49950
   151.0       30.13714        0.12420        0.50232
   152.0       29.64519        0.12541        0.50513
   153.0       29.16492        0.12663        0.50792
   154.0       28.69597        0.12785        0.51069
   155.0       28.23806        0.12908        0.51344
   156.0       27.79077        0.13031        0.51617
   157.0       27.35383        0.13155        0.51888
   158.0       26.92694        0.13280        0.52158
   159.0       26.50990        0.13405        0.52423
   160.0       26.10242        0.13531        0.52687
   161.0       25.70411        0.13658        0.52948
   162.0       25.31474        0.13785        0.53208
   163.0       24.93402        0.13913        0.53466
   164.0       24.56173        0.14041        0.53722
   165.0       24.19764        0.14169        0.53977
   166.0       23.84150        0.14299        0.54230
   167.0       23.49311        0.14428        0.54481
   168.0       23.15223        0.14559        0.54730
   169.0       22.81870        0.14689        0.54978
   170.0       22.49221        0.14821        0.55224
   171.0       22.17275        0.14952        0.55468
   172.0       21.85945        0.15083        0.55707
   173.0       21.55208        0.15211        0.55944
   174.0       21.25116        0.15339        0.56178
   175.0       20.95638        0.15468        0.56411
   176.0       20.66774        0.15598        0.56642
   177.0       20.38492        0.15728        0.56871
   178.0       20.10791        0.15858        0.57100
   179.0       19.83651        0.15989        0.57326
   180.0       19.57060        0.16120        0.57551
   181.0       19.30991        0.16251        0.57774
   182.0       19.05451        0.16383        0.57996
   183.0       18.80407        0.16516        0.58216
   184.0       18.55865        0.16648        0.58435
   185.0       18.31796        0.16782        0.58652
   186.0       18.08204        0.16915        0.58867
   187.0       17.85064        0.17050        0.59080
   188.0       17.62372        0.17184        0.59292
   189.0       17.40113        0.17319        0.59502
   190.0       17.18276        0.17454        0.59711
   191.0       16.96857        0.17590        0.59919
   192.0       16.75836        0.17726        0.60125
   193.0       16.55211        0.17862        0.60329
   194.0       16.34971        0.17999        0.60533
   195.0       16.15104        0.18136        0.60734
   196.0       15.95607        0.18274        0.60935
   197.0       15.76462        0.18412        0.61134
   198.0       15.57674        0.18550        0.61332
   199.0       15.39220        0.18688        0.61528
   200.0       15.21103        0.18827        0.61723
   201.0       15.03344        0.18965        0.61919
   202.0       14.85898        0.19104        0.62114
   203.0       14.68764        0.19242        0.62307
   204.0       14.51929        0.19381        0.62500
   205.0       14.35394        0.19521        0.62690
   206.0       14.19146        0.19661        0.62880
   207.0       14.03184        0.19800        0.63068
   208.0       13.87494        0.19941        0.63255
   209.0       13.72077        0.20081        0.63441
   210.0       13.56927        0.20222        0.63625
   211.0       13.42031        0.20363        0.63808
   212.0       13.27393        0.20505        0.63990
   213.0       13.12996        0.20647        0.64170
   214.0       12.98846        0.20789        0.64349
   215.0       12.84929        0.20931        0.64527
   216.0       12.71246        0.21074        0.64704
   217.0       12.57790        0.21217        0.64880
   218.0       12.44560        0.21360        0.65054
   219.0       12.31543        0.21503        0.65228
   220.0       12.18734        0.21647        0.65400
   221.0       12.06124        0.21790        0.65574
   222.0       11.93721        0.21933        0.65748
   223.0       11.81511        0.22076        0.65920
   224.0       11.69503        0.22220        0.66091
   225.0       11.57683        0.22364        0.66261
   226.0       11.46050        0.22508        0.66430
   227.0       11.34604        0.22653        0.66598
   228.0       11.23340        0.22797        0.66764
   229.0       11.12250        0.22942        0.66929
   230.0       11.01334        0.23088        0.67093
   231.0       10.90604        0.23233        0.67256
   232.0       10.80036        0.23378        0.67418
   233.0       10.69634        0.23523        0.67580
   234.0       10.59386        0.23669        0.67740
   235.0       10.49299        0.23814        0.67899
   236.0       10.39360        0.23961        0.68057
   237.0       10.29576        0.24107        0.68214
   238.0       10.19939        0.24253        0.68370
   239.0       10.10443        0.24400        0.68525
   240.0       10.01089        0.24546        0.68678
   241.0        9.91883        0.24693        0.68831
   242.0        9.82804        0.24840        0.68983
   243.0        9.73860        0.24988        0.69134
   244.0        9.65050        0.25135        0.69283
   245.0        9.56369        0.25283        0.69432
   246.0        9.47808        0.25430        0.69580
   247.0        9.39376        0.25578        0.69726
   248.0        9.31065        0.25727        0.69872
   249.0        9.22876        0.25875        0.70017
   250.0        9.14806        0.26023        0.70160
   251.0        9.06845        0.26172        0.70303
   252.0        8.99000        0.26320        0.70445
   253.0        8.91257        0.26469        0.70587
   254.0        8.83629        0.26617        0.70728
   255.0        8.76107        0.26766        0.70869
   256.0        8.68688        0.26915        0.71009
   257.0        8.61371        0.27063        0.71147
   258.0        8.54218        0.27210        0.71285
   259.0        8.47299        0.27353        0.71422
   260.0        8.40473        0.27496        0.71558
   261.0        8.33738        0.27639        0.71693
   262.0        8.27093        0.27782        0.71827
   263.0        8.20537        0.27925        0.71960
   264.0        8.14067        0.28068        0.72093
   265.0        8.07683        0.28211        0.72224
   266.0        8.01383        0.28355        0.72355
   267.0        7.95146        0.28496        0.72482
   268.0        7.88967        0.28636        0.72606
   269.0        7.82867        0.28776        0.72729
   270.0        7.76846        0.28915        0.72851
   271.0        7.70901        0.29055        0.72973
   272.0        7.65034        0.29195        0.73093
   273.0        7.59243        0.29334        0.73213
   274.0        7.53524        0.29474        0.73332
   275.0        7.47878        0.29614        0.73451
   276.0        7.42303        0.29754        0.73568
   277.0        7.36798        0.29893        0.73685
   278.0        7.31361        0.30033        0.73801
   279.0        7.25992        0.30173        0.73916
   280.0        7.20691        0.30313        0.74031
   281.0        7.15453        0.30453        0.74145
   282.0        7.10281        0.30592        0.74258
   283.0        7.05172        0.30732        0.74370
   284.0        7.00126        0.30872        0.74482
   285.0        6.95141        0.31012        0.74593
   286.0        6.90216        0.31152        0.74703
   287.0        6.85351        0.31292        0.74813
   288.0        6.80545        0.31431        0.74922
   289.0        6.75796        0.31571        0.75030
   290.0        6.71103        0.31711        0.75137
   291.0        6.66466        0.31851        0.75245
   292.0        6.61883        0.31990        0.75351
   293.0        6.57354        0.32130        0.75457
   294.0        6.52878        0.32269        0.75563
   295.0        6.48456        0.32409        0.75668
   296.0        6.44085        0.32548        0.75772
   297.0        6.39764        0.32688        0.75875
   298.0        6.35494        0.32827        0.75978
   299.0        6.31273        0.32966        0.76080
   300.0        6.27101        0.33106        0.76182
   301.0        6.22988        0.33244        0.76282
   302.0        6.18920        0.33383        0.76383
   303.0        6.14900        0.33522        0.76482
   304.0        6.10926        0.33660        0.76581
   305.0        6.06995        0.33799        0.76680
   306.0        6.03110        0.33937        0.76777
   307.0        5.99268        0.34076        0.76875
   308.0        5.95469        0.34214        0.76971
   309.0        5.91712        0.34352        0.77067
   310.0        5.87997        0.34490        0.77163
   311.0        5.84324        0.34629        0.77257
   312.0        5.80691        0.34767        0.77352
   313.0        5.77098        0.34905        0.77445
   314.0        5.73544        0.35043        0.77538
   315.0        5.70029        0.35180        0.77631
   316.0        5.66553        0.35318        0.77722
   317.0        5.63114        0.35456        0.77814
   318.0        5.59712        0.35594        0.77905
   319.0        5.56347        0.35731        0.77995
   320.0        5.53018        0.35869        0.78084
   321.0        5.49725        0.36006        0.78174
   322.0        5.46466        0.36143        0.78262
   323.0        5.43245        0.36280        0.78350
   324.0        5.40059        0.36417        0.78438
   325.0        5.36907        0.36554        0.78525
   326.0        5.33787        0.36690        0.78611
   327.0        5.30701        0.36827        0.78697
   328.0        5.27647        0.36963        0.78783
   329.0        5.24625        0.37100        0.78868
   330.0        5.21634        0.37236        0.78952
   331.0        5.18674        0.37372        0.79036
   332.0        5.15745        0.37508        0.79120
   333.0        5.12846        0.37644        0.79203
   334.0        5.09976        0.37780        0.79285
   335.0        5.07136        0.37915        0.79367
   336.0        5.04325        0.38051        0.79448
   337.0        5.01541        0.38186        0.79529
   338.0        4.98787        0.38321        0.79610
   339.0        4.96060        0.38457        0.79690
   340.0        4.93361        0.38592        0.79770
   341.0        4.90688        0.38727        0.79849
   342.0        4.88042        0.38861        0.79927
   343.0        4.85424        0.38996        0.80006
   344.0        4.82830        0.39131        0.80083
   345.0        4.80262        0.39265        0.80161
   346.0        4.77720        0.39399        0.80238
   347.0        4.75208        0.39533        0.80314
   348.0        4.72725        0.39666        0.80390
   349.0        4.70265        0.39799        0.80466
   350.0        4.67828        0.39931        0.80542
   351.0        4.65414        0.40064        0.80618
   352.0        4.63022        0.40196        0.80693
   353.0        4.60654        0.40328        0.80768
   354.0        4.58310        0.40460        0.80842
   355.0        4.55987        0.40592        0.80916
   356.0        4.53686        0.40723        0.80990
   357.0        4.51408        0.40855        0.81063
   358.0        4.49151        0.40986        0.81136
   359.0        4.46915        0.41117        0.81208
   360.0        4.44701        0.41249        0.81280
   361.0        4.42507        0.41379        0.81352
   362.0        4.40334        0.41510        0.81423
   363.0        4.38181        0.41641        0.81494
   364.0        4.36048        0.41771        0.81564
   365.0        4.33935        0.41901        0.81634
   366.0        4.31842        0.42031        0.81703
   367.0        4.29768        0.42161        0.81772
   368.0        4.27713        0.42291        0.81841
   369.0        4.25677        0.42421        0.81909
   370.0        4.23659        0.42550        0.81977
   371.0        4.21659        0.42679        0.82045
   372.0        4.19654        0.42805        0.82110
   373.0        4.17667        0.42931        0.82174
   374.0        4.15699        0.43056        0.82238
   375.0        4.13748        0.43181        0.82302
   376.0        4.11814        0.43306        0.82365
   377.0        4.09897        0.43431        0.82428
   378.0        4.07997        0.43556        0.82491
   379.0        4.06115        0.43681        0.82553
   380.0        4.04248        0.43805        0.82615
   381.0        4.02399        0.43929        0.82677
   382.0        4.00566        0.44053        0.82739
   383.0        3.98749        0.44177        0.82800
   384.0        3.96947        0.44300        0.82860
   385.0        3.95161        0.44424        0.82921
   386.0        3.93391        0.44547        0.82981
   387.0        3.91636        0.44670        0.83040
   388.0        3.89896        0.44793        0.83100
   389.0        3.88171        0.44916        0.83159
   390.0        3.86461        0.45038        0.83218
   391.0        3.84765        0.45160        0.83277
   392.0        3.83083        0.45282        0.83335
   393.0        3.81416        0.45404        0.83393
   394.0        3.79764        0.45526        0.83451
   395.0        3.78125        0.45647        0.83508
   396.0        3.76500        0.45769        0.83565
   397.0        3.74888        0.45890        0.83622
   398.0        3.73291        0.46011        0.83678
   399.0        3.71707        0.46131        0.83734
   400.0        3.70135        0.46252        0.83790
   401.0        3.68645        0.46364        0.83846
   402.0        3.67166        0.46475        0.83901
   403.0        3.65699        0.46587        0.83956
   404.0        3.64244        0.46698        0.84011
   405.0        3.62800        0.46809        0.84065
   406.0        3.61367        0.46920        0.84119
   407.0        3.59946        0.47030        0.84173
   408.0        3.58536        0.47141        0.84227
   409.0        3.57138        0.47251        0.84280
   410.0        3.55749        0.47361        0.84333
   411.0        3.54372        0.47471        0.84386
   412.0        3.53006        0.47581        0.84438
   413.0        3.51650        0.47691        0.84491
   414.0        3.50305        0.47800        0.84543
   415.0        3.48970        0.47909        0.84594
   416.0        3.47645        0.48018        0.84646
   417.0        3.46331        0.48127        0.84697
   418.0        3.45027        0.48235        0.84747
   419.0        3.43733        0.48344        0.84798
   420.0        3.42449        0.48452        0.84848
   421.0        3.41174        0.48560        0.84898
   422.0        3.39910        0.48668        0.84947
   423.0        3.38655        0.48776        0.84996
   424.0        3.37409        0.48883        0.85046
   425.0        3.36174        0.48991        0.85094
   426.0        3.34947        0.49098        0.85143
   427.0        3.33729        0.49205        0.85191
   428.0        3.32520        0.49311        0.85239
   429.0        3.31320        0.49418        0.85287
   430.0        3.30129        0.49524        0.85335
   431.0        3.28948        0.49630        0.85382
   432.0        3.27774        0.49736        0.85429
   433.0        3.26610        0.49842        0.85476
   434.0        3.25454        0.49948        0.85523
   435.0        3.24306        0.50053        0.85569
   436.0        3.23167        0.50158        0.85615
   437.0        3.22037        0.50263        0.85661
   438.0        3.20914        0.50368        0.85707
   439.0        3.19800        0.50472        0.85752
   440.0        3.18693        0.50576        0.85798
   441.0        3.17595        0.50680        0.85843
   442.0        3.16505        0.50784        0.85888
   443.0        3.15423        0.50888        0.85932
   444.0        3.14349        0.50991        0.85977
   445.0        3.13283        0.51094        0.86021
   446.0        3.12224        0.51197        0.86065
   447.0        3.11173        0.51300        0.86109
   448.0        3.10131        0.51402        0.86152
   449.0        3.09096        0.51504        0.86195
   450.0        3.08068        0.51606        0.86239
   451.0        3.07048        0.51708        0.86282
   452.0        3.06034        0.51809        0.86324
   453.0        3.05028        0.51911        0.86367
   454.0        3.04027        0.52012        0.86409
   455.0        3.03035        0.52113        0.86451
   456.0        3.02050        0.52214        0.86493
   457.0        3.01071        0.52314        0.86535
   458.0        3.00099        0.52414        0.86576
   459.0        2.99134        0.52514        0.86617
   460.0        2.98175        0.52614        0.86659
   461.0        2.97223        0.52714        0.86699
   462.0        2.96277        0.52814        0.86740
   463.0        2.95337        0.52913        0.86781
   464.0        2.94404        0.53012        0.86821
   465.0        2.93478        0.53111        0.86862
   466.0        2.92557        0.53209        0.86902
   467.0        2.91642        0.53308        0.86942
   468.0        2.90734        0.53406        0.86981
   469.0        2.89832        0.53504        0.87021
   470.0        2.88936        0.53602        0.87060
   471.0        2.88045        0.53699        0.87100
   472.0        2.87161        0.53797        0.87139
   473.0        2.86283        0.53894        0.87177
   474.0        2.85410        0.53991        0.87216
   475.0        2.84544        0.54088        0.87255
   476.0        2.83683        0.54185        0.87293
   477.0        2.82826        0.54281        0.87331
   478.0        2.81977        0.54377        0.87369
   479.0        2.81132        0.54473        0.87407
   480.0        2.80294        0.54569        0.87444
   481.0        2.79461        0.54665        0.87482
   482.0        2.78633        0.54760        0.87519
   483.0        2.77810        0.54855        0.87556
   484.0        2.76993        0.54950        0.87593
   485.0        2.76182        0.55045        0.87630
   486.0        2.75375        0.55140        0.87666
   487.0        2.74573        0.55234        0.87703
   488.0        2.73777        0.55328        0.87739
   489.0        2.72986        0.55422        0.87775
   490.0        2.72200        0.55516        0.87811
   491.0        2.71418        0.55610        0.87847
   492.0        2.70642        0.55703        0.87882
   493.0        2.69871        0.55796        0.87918
   494.0        2.69105        0.55889        0.87953
   495.0        2.68343        0.55982        0.87988
   496.0        2.67586        0.56075        0.88023
   497.0        2.66834        0.56167        0.88058
   498.0        2.66086        0.56259        0.88092
   499.0        2.65343        0.56351        0.88127
   500.0        2.64606        0.56443        0.88161
   501.0        2.63876        0.56534        0.88195
   502.0        2.63151        0.56625        0.88229
   503.0        2.62430        0.56715        0.88263
   504.0        2.61713        0.56805        0.88297
   505.0        2.61002        0.56895        0.88330
   506.0        2.60294        0.56985        0.88364
   507.0        2.59589        0.57075        0.88397
   508.0        2.58891        0.57164        0.88430
   509.0        2.58195        0.57254        0.88463
   510.0        2.57505        0.57343        0.88496
   511.0        2.56818        0.57431        0.88529
   512.0        2.56136        0.57520        0.88561
   513.0        2.55458        0.57609        0.88594
   514.0        2.54783        0.57697        0.88626
   515.0        2.54113        0.57785        0.88658
   516.0        2.53447        0.57873        0.88690
   517.0        2.52785        0.57960        0.88722
   518.0        2.52126        0.58048        0.88754
   519.0        2.51472        0.58135        0.88785
   520.0        2.50822        0.58222        0.88817
   521.0        2.50175        0.58309        0.88848
   522.0        2.49533        0.58396        0.88879
   523.0        2.48894        0.58482        0.88910
   524.0        2.48259        0.58569        0.88941
   525.0        2.47627        0.58655        0.88972
   526.0        2.46999        0.58741        0.89002
   527.0        2.46375        0.58827        0.89033
   528.0        2.45755        0.58912        0.89063
   529.0        2.45138        0.58998        0.89093
   530.0        2.44524        0.59083        0.89124
   531.0        2.43914        0.59168        0.89153
   532.0        2.43308        0.59253        0.89183
   533.0        2.42705        0.59337        0.89213
   534.0        2.42106        0.59421        0.89243
   535.0        2.41510        0.59506        0.89272
   536.0        2.40918        0.59590        0.89301
   537.0        2.40329        0.59674        0.89331
   538.0        2.39743        0.59757        0.89360
   539.0        2.39160        0.59841        0.89389
   540.0        2.38581        0.59924        0.89417
   541.0        2.38006        0.60007        0.89446
   542.0        2.37433        0.60090        0.89475
   543.0        2.36864        0.60173        0.89503
   544.0        2.36298        0.60255        0.89532
   545.0        2.35735        0.60337        0.89560
   546.0        2.35175        0.60419        0.89588
   547.0        2.34619        0.60501        0.89616
   548.0        2.34071        0.60581        0.89644
   549.0        2.33542        0.60657        0.89671
   550.0        2.33017        0.60733        0.89699
   551.0        2.32493        0.60809        0.89727
   552.0        2.31973        0.60884        0.89754
   553.0        2.31456        0.60959        0.89781
   554.0        2.30940        0.61034        0.89809
   555.0        2.30428        0.61109        0.89836
   556.0        2.29918        0.61184        0.89863
   557.0        2.29412        0.61259        0.89890
   558.0        2.28908        0.61333        0.89917
   559.0        2.28406        0.61407        0.89943
   560.0        2.27907        0.61481        0.89970
   561.0        2.27411        0.61555        0.89996
   562.0        2.26917        0.61629        0.90023
   563.0        2.26426        0.61702        0.90049
   564.0        2.25937        0.61776        0.90075
   565.0        2.25452        0.61849        0.90101
   566.0        2.24967        0.61922        0.90127
   567.0        2.24487        0.61995        0.90153
   568.0        2.24008        0.62068        0.90179
   569.0        2.23533        0.62140        0.90204
   570.0        2.23059        0.62212        0.90230
   571.0        2.22587        0.62285        0.90255
   572.0        2.22119        0.62357        0.90281
   573.0        2.21652        0.62429        0.90306
   574.0        2.21188        0.62500        0.90331
   575.0        2.20726        0.62572        0.90356
   576.0        2.20267        0.62643        0.90381
   577.0        2.19810        0.62715        0.90406
   578.0        2.19355        0.62786        0.90430
   579.0        2.18903        0.62857        0.90455
   580.0        2.18453        0.62927        0.90480
   581.0        2.18005        0.62998        0.90504
   582.0        2.17559        0.63069        0.90528
   583.0        2.17116        0.63139        0.90553
   584.0        2.16674        0.63209        0.90577
   585.0        2.16236        0.63279        0.90601
   586.0        2.15799        0.63349        0.90625
   587.0        2.15365        0.63418        0.90648
   588.0        2.14933        0.63488        0.90672
   589.0        2.14503        0.63557        0.90695
   590.0        2.14075        0.63626        0.90719
   591.0        2.13649        0.63695        0.90742
   592.0        2.13225        0.63764        0.90765
   593.0        2.12803        0.63833        0.90788
   594.0        2.12384        0.63902        0.90811
   595.0        2.11966        0.63970        0.90834
   596.0        2.11551        0.64038        0.90857
   597.0        2.11138        0.64106        0.90880
   598.0        2.10725        0.64174        0.90902
   599.0        2.10316        0.64242        0.90925
   600.0        2.09908        0.64310        0.90947
   601.0        2.09505        0.64377        0.90970
   602.0        2.09103        0.64444        0.90992
   603.0        2.08703        0.64510        0.91014
   604.0        2.08304        0.64577        0.91036
   605.0        2.07908        0.64643        0.91058
   606.0        2.07514        0.64710        0.91080
   607.0        2.07121        0.64776        0.91102
   608.0        2.06731        0.64841        0.91124
   609.0        2.06342        0.64907        0.91145
   610.0        2.05942        0.64971        0.91166
   611.0        2.05544        0.65034        0.91187
   612.0        2.05148        0.65097        0.91207
   613.0        2.04754        0.65160        0.91228
   614.0        2.04360        0.65223        0.91248
   615.0        2.03970        0.65286        0.91269
   616.0        2.03581        0.65348        0.91289
   617.0        2.03194        0.65410        0.91309
   618.0        2.02808        0.65473        0.91329
   619.0        2.02424        0.65535        0.91349
   620.0        2.02042        0.65597        0.91369
   621.0        2.01662        0.65659        0.91389
   622.0        2.01284        0.65721        0.91409
   623.0        2.00906        0.65782        0.91429
   624.0        2.00531        0.65843        0.91449
   625.0        2.00158        0.65905        0.91468
   626.0        1.99787        0.65966        0.91488
   627.0        1.99417        0.66027        0.91507
   628.0        1.99048        0.66088        0.91527
   629.0        1.98682        0.66148        0.91546
   630.0        1.98317        0.66209        0.91565
   631.0        1.97953        0.66269        0.91584
   632.0        1.97591        0.66330        0.91604
   633.0        1.97231        0.66390        0.91623
   634.0        1.96873        0.66450        0.91642
   635.0        1.96516        0.66510        0.91661
   636.0        1.96160        0.66569        0.91679
   637.0        1.95806        0.66629        0.91698
   638.0        1.95454        0.66688        0.91717
   639.0        1.95103        0.66748        0.91735
   640.0        1.94754        0.66807        0.91754
   641.0        1.94406        0.66866        0.91773
   642.0        1.94060        0.66925        0.91791
   643.0        1.93716        0.66984        0.91809
   644.0        1.93373        0.67042        0.91828
   645.0        1.93031        0.67101        0.91846
   646.0        1.92691        0.67159        0.91864
   647.0        1.92352        0.67218        0.91882
   648.0        1.92015        0.67276        0.91900
   649.0        1.91679        0.67334        0.91918
   650.0        1.91345        0.67392        0.91936
   651.0        1.91012        0.67449        0.91954
   652.0        1.90681        0.67507        0.91972
   653.0        1.90351        0.67564        0.91990
   654.0        1.90022        0.67622        0.92007
   655.0        1.89695        0.67679        0.92025
   656.0        1.89369        0.67736        0.92043
   657.0        1.89045        0.67793        0.92060
   658.0        1.88722        0.67849        0.92078
   659.0        1.88400        0.67906        0.92095
   660.0        1.88080        0.67963        0.92112
   661.0        1.87761        0.68019        0.92130
   662.0        1.87443        0.68075        0.92147
   663.0        1.87127        0.68132        0.92164
   664.0        1.86812        0.68188        0.92181
   665.0        1.86499        0.68244        0.92198
   666.0        1.86186        0.68299        0.92215
   667.0        1.85876        0.68355        0.92232
   668.0        1.85566        0.68410        0.92249
   669.0        1.85258        0.68466        0.92266
   670.0        1.84950        0.68521        0.92282
   671.0        1.84645        0.68576        0.92299
   672.0        1.84340        0.68631        0.92316
   673.0        1.84037        0.68686        0.92332
   674.0        1.83735        0.68741        0.92349
   675.0        1.83434        0.68795        0.92365
   676.0        1.83134        0.68850        0.92381
   677.0        1.82836        0.68904        0.92398
   678.0        1.82539        0.68959        0.92414
   679.0        1.82243        0.69013        0.92430
   680.0        1.81949        0.69067        0.92446
   681.0        1.81656        0.69120        0.92463
   682.0        1.81365        0.69174        0.92479
   683.0        1.81075        0.69227        0.92495
   684.0        1.80787        0.69280        0.92511
   685.0        1.80499        0.69332        0.92526
   686.0        1.80213        0.69385        0.92542
   687.0        1.79928        0.69438        0.92558
   688.0        1.79644        0.69490        0.92574
   689.0        1.79362        0.69543        0.92589
   690.0        1.79080        0.69595        0.92605
   691.0        1.78799        0.69647        0.92621
   692.0        1.78520        0.69699        0.92636
   693.0        1.78242        0.69751        0.92652
   694.0        1.77965        0.69803        0.92667
   695.0        1.77688        0.69854        0.92682
   696.0        1.77414        0.69906        0.92698
   697.0        1.77140        0.69957        0.92713
   698.0        1.76867        0.70009        0.92728
   699.0        1.76595        0.70060        0.92743
   700.0        1.76325        0.70111        0.92758
   701.0        1.76055        0.70162        0.92773
   702.0        1.75787        0.70213        0.92788
   703.0        1.75519        0.70264        0.92803
   704.0        1.75253        0.70314        0.92818
   705.0        1.74987        0.70365        0.92833
   706.0        1.74723        0.70415        0.92848
   707.0        1.74460        0.70465        0.92863
   708.0        1.74197        0.70516        0.92877
   709.0        1.73936        0.70566        0.92892
   710.0        1.73675        0.70616        0.92907
   711.0        1.73416        0.70665        0.92921
   712.0        1.73158        0.70715        0.92936
   713.0        1.72900        0.70765        0.92950
   714.0        1.72644        0.70814        0.92965
   715.0        1.72389        0.70864        0.92979
   716.0        1.72134        0.70913        0.92993
   717.0        1.71881        0.70962        0.93008
   718.0        1.71628        0.71011        0.93022
   719.0        1.71385        0.71057        0.93036
   720.0        1.71144        0.71101        0.93050
   721.0        1.70905        0.71146        0.93065
   722.0        1.70666        0.71190        0.93079
   723.0        1.70427        0.71235        0.93093
   724.0        1.70190        0.71279        0.93107
   725.0        1.69954        0.71323        0.93121
   726.0        1.69718        0.71367        0.93135
   727.0        1.69484        0.71411        0.93149
   728.0        1.69250        0.71455        0.93163
   729.0        1.69017        0.71499        0.93177
   730.0        1.68784        0.71542        0.93190
   731.0        1.68553        0.71586        0.93204
   732.0        1.68323        0.71630        0.93218
   733.0        1.68094        0.71673        0.93231
   734.0        1.67865        0.71716        0.93244
   735.0        1.67638        0.71760        0.93258
   736.0        1.67410        0.71803        0.93271
   737.0        1.67184        0.71846        0.93284
   738.0        1.66958        0.71889        0.93298
   739.0        1.66734        0.71932        0.93311
   740.0        1.66510        0.71975        0.93324
   741.0        1.66287        0.72017        0.93337
   742.0        1.66065        0.72060        0.93350
   743.0        1.65843        0.72102        0.93363
   744.0        1.65623        0.72145        0.93376
   745.0        1.65403        0.72187        0.93389
   746.0        1.65184        0.72229        0.93402
   747.0        1.64966        0.72272        0.93415
   748.0        1.64748        0.72314        0.93428
   749.0        1.64531        0.72356        0.93440
   750.0        1.64315        0.72398        0.93453
   751.0        1.64099        0.72439        0.93466
   752.0        1.63885        0.72481        0.93478
   753.0        1.63671        0.72523        0.93491
   754.0        1.63458        0.72564        0.93504
   755.0        1.63245        0.72606        0.93516
   756.0        1.63034        0.72647        0.93529
   757.0        1.62823        0.72688        0.93541
   758.0        1.62612        0.72729        0.93554
   759.0        1.62403        0.72771        0.93566
   760.0        1.62194        0.72812        0.93578
   761.0        1.61986        0.72852        0.93591
   762.0        1.61779        0.72893        0.93603
   763.0        1.61572        0.72934        0.93615
   764.0        1.61366        0.72975        0.93627
   765.0        1.61160        0.73015        0.93640
   766.0        1.60956        0.73056        0.93652
   767.0        1.60752        0.73096        0.93664
   768.0        1.60549        0.73136        0.93676
   769.0        1.60346        0.73177        0.93688
   770.0        1.60144        0.73217        0.93700
   771.0        1.59943        0.73257        0.93712
   772.0        1.59743        0.73297        0.93724
   773.0        1.59542        0.73337        0.93735
   774.0        1.59343        0.73377        0.93747
   775.0        1.59145        0.73416        0.93759
   776.0        1.58947        0.73456        0.93771
   777.0        1.58749        0.73495        0.93783
   778.0        1.58553        0.73535        0.93794
   779.0        1.58357        0.73574        0.93806
   780.0        1.58162        0.73614        0.93818
   781.0        1.57967        0.73653        0.93829
   782.0        1.57773        0.73692        0.93841
   783.0        1.57580        0.73731        0.93852
   784.0        1.57387        0.73770        0.93864
   785.0        1.57195        0.73809        0.93875
   786.0        1.57003        0.73848        0.93887
   787.0        1.56812        0.73886        0.93898
   788.0        1.56622        0.73925        0.93910
   789.0        1.56433        0.73963        0.93921
   790.0        1.56243        0.74002        0.93932
   791.0        1.56055        0.74040        0.93944
   792.0        1.55867        0.74079        0.93955
   793.0        1.55680        0.74117        0.93966
   794.0        1.55493        0.74155        0.93977
   795.0        1.55307        0.74193        0.93988
   796.0        1.55122        0.74231        0.93999
   797.0        1.54937        0.74269        0.94011
   798.0        1.54753        0.74307        0.94022
   799.0        1.54569        0.74344        0.94033
   800.0        1.54386        0.74382        0.94044
   801.0        1.54204        0.74419        0.94055
   802.0        1.54023        0.74457        0.94065
   803.0        1.53842        0.74494        0.94076
   804.0        1.53662        0.74531        0.94087
   805.0        1.53482        0.74568        0.94098
   806.0        1.53303        0.74605        0.94109
   807.0        1.53125        0.74642        0.94119
   808.0        1.52947        0.74678        0.94130
   809.0        1.52769        0.74715        0.94141
   810.0        1.52593        0.74752        0.94152
   811.0        1.52416        0.74788        0.94162
   812.0        1.52241        0.74825        0.94173
   813.0        1.52065        0.74861        0.94183
   814.0        1.51891        0.74897        0.94194
   815.0        1.51716        0.74934        0.94204
   816.0        1.51543        0.74970        0.94215
   817.0        1.51370        0.75006        0.94225
   818.0        1.51198        0.75042        0.94236
   819.0        1.51026        0.75078        0.94246
   820.0        1.50854        0.75114        0.94256
   821.0        1.50684        0.75150        0.94267
   822.0        1.50513        0.75185        0.94277
   823.0        1.50344        0.75221        0.94287
   824.0        1.50174        0.75256        0.94298
   825.0        1.50005        0.75292        0.94308
   826.0        1.49837        0.75327        0.94318
   827.0        1.49669        0.75363        0.94328
   828.0        1.49502        0.75398        0.94338
   829.0        1.49336        0.75433        0.94348
   830.0        1.49169        0.75468        0.94358
   831.0        1.49003        0.75503        0.94368
   832.0        1.48838        0.75538        0.94378
   833.0        1.48673        0.75573        0.94388
   834.0        1.48509        0.75608        0.94398
   835.0        1.48345        0.75643        0.94408
   836.0        1.48182        0.75678        0.94418
   837.0        1.48020        0.75712        0.94428
   838.0        1.47857        0.75747        0.94438
   839.0        1.47696        0.75781        0.94448
   840.0        1.47534        0.75816        0.94457
   841.0        1.47374        0.75850        0.94467
   842.0        1.47213        0.75884        0.94477
   843.0        1.47053        0.75918        0.94486
   844.0        1.46894        0.75953        0.94496
   845.0        1.46735        0.75987        0.94506
   846.0        1.46577        0.76021        0.94515
   847.0        1.46419        0.76055        0.94525
   848.0        1.46261        0.76088        0.94534
   849.0        1.46105        0.76122        0.94544
   850.0        1.45948        0.76156        0.94554
   851.0        1.45792        0.76190        0.94563
   852.0        1.45636        0.76223        0.94572
   853.0        1.45481        0.76257        0.94582
   854.0        1.45326        0.76290        0.94591
   855.0        1.45172        0.76323        0.94601
   856.0        1.45019        0.76357        0.94610
   857.0        1.44865        0.76390        0.94619
   858.0        1.44712        0.76423        0.94629
   859.0        1.44560        0.76456        0.94638
   860.0        1.44408        0.76489        0.94647
   861.0        1.44256        0.76522        0.94656
   862.0        1.44105        0.76555        0.94665
   863.0        1.43954        0.76588        0.94675
   864.0        1.43804        0.76621        0.94684
   865.0        1.43654        0.76653        0.94693
   866.0        1.43505        0.76686        0.94702
   867.0        1.43356        0.76719        0.94711
   868.0        1.43208        0.76751        0.94720
   869.0        1.43059        0.76783        0.94729
   870.0        1.42912        0.76816        0.94738
   871.0        1.42764        0.76848        0.94747
   872.0        1.42618        0.76880        0.94756
   873.0        1.42471        0.76913        0.94765
   874.0        1.42326        0.76945        0.94773
   875.0        1.42180        0.76977        0.94782
   876.0        1.42035        0.77009        0.94791
   877.0        1.41890        0.77041        0.94800
   878.0        1.41746        0.77072        0.94808
   879.0        1.41602        0.77104        0.94817
   880.0        1.41458        0.77136        0.94826
   881.0        1.41316        0.77168        0.94835
   882.0        1.41173        0.77199        0.94843
   883.0        1.41031        0.77231        0.94852
   884.0        1.40889        0.77262        0.94860
   885.0        1.40747        0.77294        0.94869
   886.0        1.40606        0.77325        0.94878
   887.0        1.40465        0.77356        0.94886
   888.0        1.40325        0.77387        0.94895
   889.0        1.40186        0.77419        0.94903
   890.0        1.40046        0.77450        0.94911
   891.0        1.39907        0.77481        0.94920
   892.0        1.39768        0.77512        0.94928
   893.0        1.39630        0.77543        0.94937
   894.0        1.39492        0.77573        0.94945
   895.0        1.39355        0.77604        0.94953
   896.0        1.39217        0.77635        0.94962
   897.0        1.39081        0.77666        0.94970
   898.0        1.38944        0.77696        0.94978
   899.0        1.38808        0.77727        0.94987
   900.0        1.38672        0.77757        0.94995
   901.0        1.38537        0.77787        0.95004
   902.0        1.38401        0.77818        0.95012
   903.0        1.38267        0.77848        0.95020
   904.0        1.38132        0.77878        0.95028
   905.0        1.37998        0.77908        0.95037
   906.0        1.37865        0.77938        0.95045
   907.0        1.37731        0.77968        0.95053
   908.0        1.37598        0.77998        0.95061
   909.0        1.37466        0.78028        0.95070
   910.0        1.37334        0.78058        0.95078
   911.0        1.37202        0.78088        0.95086
   912.0        1.37070        0.78118        0.95094
   913.0        1.36939        0.78147        0.95102
   914.0        1.36809        0.78177        0.95110
   915.0        1.36678        0.78206        0.95118
   916.0        1.36548        0.78236        0.95126
   917.0        1.36419        0.78265        0.95134
   918.0        1.36289        0.78295        0.95142
   919.0        1.36160        0.78324        0.95150
   920.0        1.36032        0.78353        0.95158
   921.0        1.35903        0.78382        0.95166
   922.0        1.35775        0.78412        0.95174
   923.0        1.35647        0.78441        0.95182
   924.0        1.35520        0.78470        0.95190
   925.0        1.35393        0.78499        0.95198
   926.0        1.35266        0.78527        0.95205
   927.0        1.35141        0.78556        0.95213
   928.0        1.35014        0.78585        0.95221
   929.0        1.34889        0.78614        0.95229
   930.0        1.34763        0.78642        0.95237
   931.0        1.34639        0.78671        0.95244
   932.0        1.34514        0.78700        0.95252
   933.0        1.34390        0.78728        0.95260
   934.0        1.34266        0.78757        0.95267
   935.0        1.34142        0.78785        0.95275
   936.0        1.34019        0.78813        0.95283
   937.0        1.33896        0.78842        0.95290
   938.0        1.33773        0.78870        0.95298
   939.0        1.33651        0.78898        0.95305
   940.0        1.33529        0.78926        0.95313
   941.0        1.33407        0.78954        0.95320
   942.0        1.33286        0.78982        0.95328
   943.0        1.33165        0.79010        0.95335
   944.0        1.33044        0.79038        0.95343
   945.0        1.32924        0.79066        0.95350
   946.0        1.32803        0.79094        0.95358
   947.0        1.32684        0.79121        0.95365
   948.0        1.32564        0.79149        0.95373
   949.0        1.32444        0.79177        0.95380
   950.0        1.32326        0.79204        0.95387
   951.0        1.32207        0.79232        0.95395
   952.0        1.32088        0.79259        0.95402
   953.0        1.31971        0.79287        0.95409
   954.0        1.31853        0.79314        0.95416
   955.0        1.31736        0.79341        0.95424
   956.0        1.31618        0.79368        0.95431
   957.0        1.31502        0.79396        0.95438
   958.0        1.31385        0.79423        0.95445
   959.0        1.31269        0.79450        0.95453
   960.0        1.31153        0.79477        0.95460
   961.0        1.31037        0.79504        0.95467
   962.0        1.30922        0.79531        0.95474
   963.0        1.30807        0.79558        0.95481
   964.0        1.30692        0.79584        0.95488
   965.0        1.30578        0.79611        0.95495
   966.0        1.30464        0.79638        0.95502
   967.0        1.30350        0.79665        0.95509
   968.0        1.30237        0.79691        0.95516
   969.0        1.30123        0.79718        0.95523
   970.0        1.30010        0.79744        0.95530
   971.0        1.29897        0.79771        0.95537
   972.0        1.29785        0.79797        0.95544
   973.0        1.29673        0.79824        0.95551
   974.0        1.29561        0.79850        0.95558
   975.0        1.29449        0.79876        0.95565
   976.0        1.29338        0.79902        0.95572
   977.0        1.29227        0.79929        0.95579
   978.0        1.29116        0.79955        0.95586
   979.0        1.29006        0.79981        0.95593
   980.0        1.28893        0.80006        0.95601
   981.0        1.28781        0.80032        0.95610
   982.0        1.28670        0.80058        0.95618
   983.0        1.28559        0.80083        0.95626
   984.0        1.28448        0.80109        0.95635
   985.0        1.28337        0.80134        0.95643
   986.0        1.28227        0.80160        0.95651
   987.0        1.28117        0.80185        0.95660
   988.0        1.28007        0.80211        0.95668
   989.0        1.27897        0.80236        0.95676
   990.0        1.27788        0.80261        0.95685
   991.0        1.27679        0.80286        0.95693
   992.0        1.27570        0.80311        0.95701
   993.0        1.27462        0.80337        0.95709
   994.0        1.27354        0.80362        0.95717
   995.0        1.27246        0.80387        0.95725
   996.0        1.27138        0.80412        0.95733
   997.0        1.27031        0.80436        0.95742
   998.0        1.26924        0.80461        0.95750
   999.0        1.26817        0.80486        0.95758
  1000.0        1.26710        0.80511        0.95766
