 water               
 Density =    1.000000      Aeff =    13.00121      Zeff =    7.216770    
     1.0     4048.87573        0.00039        0.00832
     2.0      617.00769        0.00216        0.03144
     3.0      191.54933        0.00552        0.06703
     4.0       82.37279        0.01030        0.11109
     5.0       42.34026        0.01651        0.16040
     6.0       24.64508        0.02410        0.21169
     7.0       15.41075        0.03366        0.26199
     8.0       10.28933        0.04510        0.31028
     9.0        7.23094        0.05845        0.35464
    10.0        5.29490        0.07387        0.39598
    11.0        4.01066        0.09133        0.43378
    12.0        3.12556        0.11079        0.46825
    13.0        2.48402        0.13293        0.50034
    14.0        2.01445        0.15713        0.52944
    15.0        1.66558        0.18307        0.55614
    16.0        1.40118        0.21059        0.58106
    17.0        1.19720        0.23945        0.60436
    18.0        1.03736        0.26937        0.62614
    19.0        0.91022        0.29997        0.64635
    20.0        0.80744        0.33064        0.66461
    21.0        0.72363        0.36137        0.68171
    22.0        0.65467        0.39201        0.69773
    23.0        0.59742        0.42233        0.71276
    24.0        0.54942        0.45205        0.72705
    25.0        0.50860        0.48146        0.74037
    26.0        0.47357        0.51024        0.75302
    27.0        0.44326        0.53759        0.76444
    28.0        0.41713        0.56380        0.77533
    29.0        0.39449        0.58886        0.78545
    30.0        0.37483        0.61276        0.79492
    31.0        0.35762        0.63546        0.80390
    32.0        0.34253        0.65699        0.81231
    33.0        0.32922        0.67734        0.82023
    34.0        0.31745        0.69654        0.82768
    35.0        0.30698        0.71462        0.83471
    36.0        0.29766        0.73162        0.84132
    37.0        0.28911        0.74740        0.84745
    38.0        0.28131        0.76212        0.85318
    39.0        0.27428        0.77591        0.85860
    40.0        0.26789        0.78883        0.86377
    41.0        0.26209        0.80093        0.86866
    42.0        0.25681        0.81225        0.87333
    43.0        0.25198        0.82284        0.87776
    44.0        0.24756        0.83276        0.88195
    45.0        0.24346        0.84201        0.88594
    46.0        0.23970        0.85068        0.88972
    47.0        0.23618        0.85876        0.89330
    48.0        0.23275        0.86623        0.89662
    49.0        0.22956        0.87323        0.89980
    50.0        0.22660        0.87979        0.90282
    51.0        0.22382        0.88600        0.90572
    52.0        0.22122        0.89183        0.90850
    53.0        0.21878        0.89729        0.91115
    54.0        0.21650        0.90242        0.91370
    55.0        0.21436        0.90724        0.91614
    56.0        0.21234        0.91177        0.91848
    57.0        0.21044        0.91603        0.92073
    58.0        0.20864        0.92003        0.92289
    59.0        0.20692        0.92379        0.92495
    60.0        0.20530        0.92733        0.92693
    61.0        0.20376        0.93067        0.92884
    62.0        0.20230        0.93382        0.93067
    63.0        0.20091        0.93680        0.93244
    64.0        0.19959        0.93960        0.93413
    65.0        0.19833        0.94225        0.93576
    66.0        0.19713        0.94476        0.93734
    67.0        0.19598        0.94712        0.93886
    68.0        0.19488        0.94937        0.94033
    69.0        0.19375        0.95147        0.94171
    70.0        0.19260        0.95344        0.94302
    71.0        0.19149        0.95531        0.94430
    72.0        0.19042        0.95709        0.94553
    73.0        0.18939        0.95878        0.94672
    74.0        0.18840        0.96038        0.94787
    75.0        0.18745        0.96191        0.94898
    76.0        0.18653        0.96336        0.95007
    77.0        0.18562        0.96474        0.95111
    78.0        0.18474        0.96605        0.95211
    79.0        0.18389        0.96729        0.95309
    80.0        0.18306        0.96848        0.95403
    81.0        0.18226        0.96962        0.95495
    82.0        0.18149        0.97070        0.95585
    83.0        0.18074        0.97173        0.95671
    84.0        0.18000        0.97272        0.95755
    85.0        0.17929        0.97366        0.95836
    86.0        0.17860        0.97456        0.95915
    87.0        0.17793        0.97542        0.95992
    88.0        0.17728        0.97624        0.96067
    89.0        0.17664        0.97703        0.96139
    90.0        0.17602        0.97778        0.96210
    91.0        0.17541        0.97851        0.96279
    92.0        0.17482        0.97920        0.96345
    93.0        0.17425        0.97986        0.96411
    94.0        0.17368        0.98050        0.96474
    95.0        0.17313        0.98111        0.96535
    96.0        0.17260        0.98169        0.96595
    97.0        0.17207        0.98225        0.96654
    98.0        0.17156        0.98279        0.96710
    99.0        0.17106        0.98331        0.96766
   100.0        0.17056        0.98381        0.96820
   101.0        0.17000        0.98427        0.96871
   102.0        0.16944        0.98472        0.96921
   103.0        0.16890        0.98515        0.96969
   104.0        0.16837        0.98557        0.97017
   105.0        0.16784        0.98597        0.97063
   106.0        0.16733        0.98635        0.97108
   107.0        0.16682        0.98672        0.97153
   108.0        0.16633        0.98708        0.97196
   109.0        0.16584        0.98742        0.97238
   110.0        0.16536        0.98776        0.97279
   111.0        0.16489        0.98808        0.97319
   112.0        0.16442        0.98839        0.97359
   113.0        0.16397        0.98869        0.97397
   114.0        0.16352        0.98898        0.97435
   115.0        0.16308        0.98926        0.97471
   116.0        0.16265        0.98953        0.97507
   117.0        0.16222        0.98979        0.97542
   118.0        0.16180        0.99005        0.97577
   119.0        0.16138        0.99029        0.97611
   120.0        0.16097        0.99053        0.97644
   121.0        0.16057        0.99076        0.97676
   122.0        0.16018        0.99098        0.97708
   123.0        0.15979        0.99120        0.97738
   124.0        0.15940        0.99140        0.97769
   125.0        0.15902        0.99161        0.97798
   126.0        0.15865        0.99180        0.97827
   127.0        0.15828        0.99199        0.97856
   128.0        0.15791        0.99218        0.97884
   129.0        0.15756        0.99235        0.97911
   130.0        0.15720        0.99253        0.97938
   131.0        0.15685        0.99270        0.97964
   132.0        0.15651        0.99286        0.97990
   133.0        0.15617        0.99302        0.98015
   134.0        0.15580        0.99317        0.98040
   135.0        0.15542        0.99332        0.98064
   136.0        0.15504        0.99346        0.98087
   137.0        0.15467        0.99360        0.98110
   138.0        0.15431        0.99373        0.98132
   139.0        0.15394        0.99387        0.98154
   140.0        0.15359        0.99399        0.98176
   141.0        0.15323        0.99412        0.98197
   142.0        0.15288        0.99424        0.98218
   143.0        0.15254        0.99436        0.98238
   144.0        0.15220        0.99447        0.98258
   145.0        0.15186        0.99458        0.98278
   146.0        0.15153        0.99469        0.98298
   147.0        0.15120        0.99479        0.98317
   148.0        0.15087        0.99490        0.98335
   149.0        0.15055        0.99500        0.98354
   150.0        0.15023        0.99509        0.98372
   151.0        0.14991        0.99519        0.98390
   152.0        0.14960        0.99528        0.98407
   153.0        0.14929        0.99537        0.98424
   154.0        0.14898        0.99546        0.98441
   155.0        0.14868        0.99555        0.98458
   156.0        0.14838        0.99563        0.98474
   157.0        0.14808        0.99571        0.98490
   158.0        0.14778        0.99579        0.98506
   159.0        0.14749        0.99587        0.98522
   160.0        0.14720        0.99594        0.98537
   161.0        0.14692        0.99602        0.98552
   162.0        0.14663        0.99609        0.98567
   163.0        0.14635        0.99616        0.98581
   164.0        0.14608        0.99623        0.98596
   165.0        0.14580        0.99629        0.98610
   166.0        0.14553        0.99636        0.98624
   167.0        0.14526        0.99642        0.98637
   168.0        0.14499        0.99649        0.98651
   169.0        0.14472        0.99655        0.98664
   170.0        0.14446        0.99661        0.98677
   171.0        0.14420        0.99667        0.98690
   172.0        0.14392        0.99672        0.98703
   173.0        0.14363        0.99678        0.98715
   174.0        0.14334        0.99683        0.98727
   175.0        0.14305        0.99688        0.98738
   176.0        0.14276        0.99693        0.98750
   177.0        0.14248        0.99698        0.98762
   178.0        0.14219        0.99703        0.98773
   179.0        0.14192        0.99708        0.98784
   180.0        0.14164        0.99713        0.98795
   181.0        0.14136        0.99717        0.98806
   182.0        0.14109        0.99722        0.98816
   183.0        0.14082        0.99726        0.98827
   184.0        0.14055        0.99731        0.98837
   185.0        0.14028        0.99735        0.98847
   186.0        0.14002        0.99739        0.98857
   187.0        0.13976        0.99743        0.98867
   188.0        0.13950        0.99747        0.98877
   189.0        0.13924        0.99751        0.98887
   190.0        0.13899        0.99755        0.98896
   191.0        0.13873        0.99758        0.98906
   192.0        0.13848        0.99762        0.98915
   193.0        0.13823        0.99765        0.98924
   194.0        0.13798        0.99769        0.98933
   195.0        0.13774        0.99772        0.98942
   196.0        0.13749        0.99776        0.98951
   197.0        0.13725        0.99779        0.98960
   198.0        0.13701        0.99782        0.98968
   199.0        0.13677        0.99785        0.98977
   200.0        0.13653        0.99789        0.98985
   201.0        0.13630        0.99792        0.98993
   202.0        0.13607        0.99794        0.99001
   203.0        0.13583        0.99797        0.99009
   204.0        0.13560        0.99800        0.99017
   205.0        0.13538        0.99803        0.99025
   206.0        0.13515        0.99805        0.99033
   207.0        0.13492        0.99808        0.99041
   208.0        0.13470        0.99810        0.99048
   209.0        0.13448        0.99813        0.99056
   210.0        0.13426        0.99815        0.99063
   211.0        0.13404        0.99818        0.99070
   212.0        0.13382        0.99820        0.99077
   213.0        0.13361        0.99822        0.99084
   214.0        0.13339        0.99825        0.99091
   215.0        0.13318        0.99827        0.99098
   216.0        0.13297        0.99829        0.99105
   217.0        0.13276        0.99831        0.99112
   218.0        0.13255        0.99834        0.99119
   219.0        0.13234        0.99836        0.99125
   220.0        0.13214        0.99838        0.99132
   221.0        0.13193        0.99840        0.99138
   222.0        0.13173        0.99842        0.99144
   223.0        0.13153        0.99844        0.99151
   224.0        0.13133        0.99846        0.99157
   225.0        0.13113        0.99848        0.99163
   226.0        0.13093        0.99849        0.99169
   227.0        0.13073        0.99851        0.99175
   228.0        0.13054        0.99853        0.99181
   229.0        0.13034        0.99855        0.99187
   230.0        0.13015        0.99857        0.99193
   231.0        0.12996        0.99858        0.99199
   232.0        0.12977        0.99860        0.99204
   233.0        0.12958        0.99862        0.99210
   234.0        0.12939        0.99863        0.99215
   235.0        0.12920        0.99865        0.99221
   236.0        0.12901        0.99866        0.99226
   237.0        0.12883        0.99868        0.99232
   238.0        0.12865        0.99870        0.99237
   239.0        0.12846        0.99871        0.99242
   240.0        0.12828        0.99873        0.99247
   241.0        0.12810        0.99874        0.99252
   242.0        0.12792        0.99875        0.99258
   243.0        0.12774        0.99877        0.99263
   244.0        0.12757        0.99878        0.99268
   245.0        0.12739        0.99880        0.99272
   246.0        0.12721        0.99881        0.99277
   247.0        0.12704        0.99882        0.99282
   248.0        0.12687        0.99884        0.99287
   249.0        0.12669        0.99885        0.99292
   250.0        0.12652        0.99886        0.99296
   251.0        0.12635        0.99887        0.99301
   252.0        0.12618        0.99889        0.99305
   253.0        0.12601        0.99890        0.99310
   254.0        0.12585        0.99891        0.99314
   255.0        0.12568        0.99892        0.99319
   256.0        0.12551        0.99893        0.99323
   257.0        0.12535        0.99895        0.99328
   258.0        0.12518        0.99896        0.99332
   259.0        0.12502        0.99897        0.99336
   260.0        0.12486        0.99898        0.99340
   261.0        0.12470        0.99899        0.99345
   262.0        0.12454        0.99900        0.99349
   263.0        0.12438        0.99901        0.99353
   264.0        0.12422        0.99902        0.99357
   265.0        0.12406        0.99903        0.99361
   266.0        0.12391        0.99904        0.99365
   267.0        0.12374        0.99905        0.99369
   268.0        0.12356        0.99906        0.99372
   269.0        0.12338        0.99907        0.99376
   270.0        0.12320        0.99908        0.99380
   271.0        0.12303        0.99909        0.99383
   272.0        0.12285        0.99910        0.99387
   273.0        0.12267        0.99911        0.99391
   274.0        0.12250        0.99912        0.99394
   275.0        0.12233        0.99913        0.99398
   276.0        0.12216        0.99913        0.99401
   277.0        0.12198        0.99914        0.99405
   278.0        0.12181        0.99915        0.99408
   279.0        0.12164        0.99916        0.99411
   280.0        0.12148        0.99917        0.99415
   281.0        0.12131        0.99918        0.99418
   282.0        0.12114        0.99918        0.99421
   283.0        0.12097        0.99919        0.99425
   284.0        0.12081        0.99920        0.99428
   285.0        0.12064        0.99921        0.99431
   286.0        0.12048        0.99921        0.99434
   287.0        0.12032        0.99922        0.99438
   288.0        0.12016        0.99923        0.99441
   289.0        0.11999        0.99924        0.99444
   290.0        0.11983        0.99924        0.99447
   291.0        0.11968        0.99925        0.99450
   292.0        0.11952        0.99926        0.99453
   293.0        0.11936        0.99926        0.99456
   294.0        0.11920        0.99927        0.99459
   295.0        0.11904        0.99928        0.99462
   296.0        0.11889        0.99928        0.99465
   297.0        0.11873        0.99929        0.99468
   298.0        0.11858        0.99930        0.99470
   299.0        0.11843        0.99930        0.99473
   300.0        0.11827        0.99931        0.99476
   301.0        0.11812        0.99932        0.99479
   302.0        0.11797        0.99932        0.99482
   303.0        0.11782        0.99933        0.99484
   304.0        0.11767        0.99933        0.99487
   305.0        0.11752        0.99934        0.99490
   306.0        0.11737        0.99934        0.99492
   307.0        0.11723        0.99935        0.99495
   308.0        0.11708        0.99936        0.99498
   309.0        0.11693        0.99936        0.99500
   310.0        0.11679        0.99937        0.99503
   311.0        0.11664        0.99937        0.99505
   312.0        0.11650        0.99938        0.99508
   313.0        0.11635        0.99938        0.99511
   314.0        0.11621        0.99939        0.99513
   315.0        0.11607        0.99939        0.99516
   316.0        0.11593        0.99940        0.99518
   317.0        0.11579        0.99940        0.99520
   318.0        0.11565        0.99941        0.99523
   319.0        0.11551        0.99941        0.99525
   320.0        0.11537        0.99942        0.99528
   321.0        0.11523        0.99942        0.99530
   322.0        0.11509        0.99942        0.99532
   323.0        0.11495        0.99943        0.99535
   324.0        0.11482        0.99943        0.99537
   325.0        0.11468        0.99944        0.99539
   326.0        0.11454        0.99944        0.99542
   327.0        0.11441        0.99945        0.99544
   328.0        0.11427        0.99945        0.99546
   329.0        0.11414        0.99946        0.99548
   330.0        0.11401        0.99946        0.99550
   331.0        0.11388        0.99946        0.99553
   332.0        0.11374        0.99947        0.99555
   333.0        0.11361        0.99947        0.99557
   334.0        0.11348        0.99948        0.99559
   335.0        0.11335        0.99948        0.99561
   336.0        0.11322        0.99948        0.99563
   337.0        0.11309        0.99949        0.99565
   338.0        0.11296        0.99949        0.99567
   339.0        0.11283        0.99950        0.99569
   340.0        0.11271        0.99950        0.99571
   341.0        0.11258        0.99950        0.99573
   342.0        0.11245        0.99951        0.99575
   343.0        0.11233        0.99951        0.99577
   344.0        0.11220        0.99951        0.99579
   345.0        0.11208        0.99952        0.99581
   346.0        0.11195        0.99952        0.99583
   347.0        0.11183        0.99953        0.99585
   348.0        0.11170        0.99953        0.99587
   349.0        0.11158        0.99953        0.99589
   350.0        0.11146        0.99954        0.99591
   351.0        0.11134        0.99954        0.99593
   352.0        0.11122        0.99954        0.99595
   353.0        0.11109        0.99955        0.99597
   354.0        0.11097        0.99955        0.99598
   355.0        0.11085        0.99955        0.99600
   356.0        0.11073        0.99956        0.99602
   357.0        0.11061        0.99956        0.99604
   358.0        0.11050        0.99956        0.99606
   359.0        0.11038        0.99956        0.99607
   360.0        0.11026        0.99957        0.99609
   361.0        0.11014        0.99957        0.99611
   362.0        0.11003        0.99957        0.99613
   363.0        0.10991        0.99958        0.99614
   364.0        0.10979        0.99958        0.99616
   365.0        0.10968        0.99958        0.99618
   366.0        0.10956        0.99959        0.99619
   367.0        0.10945        0.99959        0.99621
   368.0        0.10934        0.99959        0.99623
   369.0        0.10922        0.99959        0.99624
   370.0        0.10911        0.99960        0.99626
   371.0        0.10900        0.99960        0.99628
   372.0        0.10888        0.99960        0.99629
   373.0        0.10877        0.99961        0.99631
   374.0        0.10866        0.99961        0.99632
   375.0        0.10855        0.99961        0.99634
   376.0        0.10844        0.99961        0.99636
   377.0        0.10833        0.99962        0.99637
   378.0        0.10822        0.99962        0.99639
   379.0        0.10811        0.99962        0.99640
   380.0        0.10800        0.99962        0.99642
   381.0        0.10789        0.99963        0.99643
   382.0        0.10778        0.99963        0.99645
   383.0        0.10768        0.99963        0.99646
   384.0        0.10757        0.99963        0.99648
   385.0        0.10746        0.99964        0.99649
   386.0        0.10735        0.99964        0.99651
   387.0        0.10725        0.99964        0.99652
   388.0        0.10714        0.99964        0.99653
   389.0        0.10704        0.99965        0.99655
   390.0        0.10693        0.99965        0.99656
   391.0        0.10683        0.99965        0.99658
   392.0        0.10672        0.99965        0.99659
   393.0        0.10662        0.99965        0.99661
   394.0        0.10652        0.99966        0.99662
   395.0        0.10641        0.99966        0.99663
   396.0        0.10631        0.99966        0.99665
   397.0        0.10621        0.99966        0.99666
   398.0        0.10610        0.99967        0.99667
   399.0        0.10600        0.99967        0.99669
   400.0        0.10590        0.99967        0.99670
   401.0        0.10580        0.99967        0.99671
   402.0        0.10570        0.99967        0.99673
   403.0        0.10560        0.99968        0.99674
   404.0        0.10550        0.99968        0.99675
   405.0        0.10540        0.99968        0.99677
   406.0        0.10530        0.99968        0.99678
   407.0        0.10520        0.99968        0.99679
   408.0        0.10510        0.99969        0.99680
   409.0        0.10500        0.99969        0.99682
   410.0        0.10491        0.99969        0.99683
   411.0        0.10481        0.99969        0.99684
   412.0        0.10471        0.99969        0.99685
   413.0        0.10462        0.99969        0.99687
   414.0        0.10452        0.99970        0.99688
   415.0        0.10442        0.99970        0.99689
   416.0        0.10433        0.99970        0.99690
   417.0        0.10423        0.99970        0.99692
   418.0        0.10414        0.99970        0.99693
   419.0        0.10404        0.99970        0.99694
   420.0        0.10395        0.99971        0.99695
   421.0        0.10385        0.99971        0.99696
   422.0        0.10376        0.99971        0.99697
   423.0        0.10366        0.99971        0.99699
   424.0        0.10357        0.99971        0.99700
   425.0        0.10348        0.99971        0.99701
   426.0        0.10339        0.99972        0.99702
   427.0        0.10329        0.99972        0.99703
   428.0        0.10320        0.99972        0.99704
   429.0        0.10309        0.99972        0.99705
   430.0        0.10299        0.99972        0.99706
   431.0        0.10289        0.99972        0.99707
   432.0        0.10279        0.99973        0.99708
   433.0        0.10269        0.99973        0.99710
   434.0        0.10259        0.99973        0.99711
   435.0        0.10249        0.99973        0.99712
   436.0        0.10240        0.99973        0.99713
   437.0        0.10230        0.99973        0.99714
   438.0        0.10220        0.99973        0.99715
   439.0        0.10210        0.99974        0.99716
   440.0        0.10200        0.99974        0.99717
   441.0        0.10191        0.99974        0.99718
   442.0        0.10181        0.99974        0.99719
   443.0        0.10171        0.99974        0.99720
   444.0        0.10162        0.99974        0.99721
   445.0        0.10152        0.99974        0.99722
   446.0        0.10142        0.99975        0.99723
   447.0        0.10133        0.99975        0.99724
   448.0        0.10123        0.99975        0.99725
   449.0        0.10114        0.99975        0.99726
   450.0        0.10104        0.99975        0.99727
   451.0        0.10095        0.99975        0.99728
   452.0        0.10086        0.99975        0.99729
   453.0        0.10076        0.99975        0.99729
   454.0        0.10067        0.99976        0.99730
   455.0        0.10058        0.99976        0.99731
   456.0        0.10048        0.99976        0.99732
   457.0        0.10039        0.99976        0.99733
   458.0        0.10030        0.99976        0.99734
   459.0        0.10021        0.99976        0.99735
   460.0        0.10012        0.99976        0.99736
   461.0        0.10002        0.99976        0.99737
   462.0        0.09993        0.99977        0.99738
   463.0        0.09984        0.99977        0.99739
   464.0        0.09975        0.99977        0.99740
   465.0        0.09966        0.99977        0.99740
   466.0        0.09957        0.99977        0.99741
   467.0        0.09948        0.99977        0.99742
   468.0        0.09939        0.99977        0.99743
   469.0        0.09931        0.99977        0.99744
   470.0        0.09922        0.99977        0.99745
   471.0        0.09913        0.99978        0.99746
   472.0        0.09904        0.99978        0.99746
   473.0        0.09895        0.99978        0.99747
   474.0        0.09886        0.99978        0.99748
   475.0        0.09878        0.99978        0.99749
   476.0        0.09869        0.99978        0.99750
   477.0        0.09860        0.99978        0.99751
   478.0        0.09852        0.99978        0.99751
   479.0        0.09843        0.99978        0.99752
   480.0        0.09834        0.99979        0.99753
   481.0        0.09826        0.99979        0.99754
   482.0        0.09817        0.99979        0.99755
   483.0        0.09809        0.99979        0.99755
   484.0        0.09800        0.99979        0.99756
   485.0        0.09792        0.99979        0.99757
   486.0        0.09783        0.99979        0.99758
   487.0        0.09775        0.99979        0.99759
   488.0        0.09766        0.99979        0.99759
   489.0        0.09758        0.99979        0.99760
   490.0        0.09750        0.99980        0.99761
   491.0        0.09741        0.99980        0.99762
   492.0        0.09733        0.99980        0.99762
   493.0        0.09725        0.99980        0.99763
   494.0        0.09717        0.99980        0.99764
   495.0        0.09708        0.99980        0.99765
   496.0        0.09700        0.99980        0.99765
   497.0        0.09692        0.99980        0.99766
   498.0        0.09684        0.99980        0.99767
   499.0        0.09676        0.99980        0.99768
   500.0        0.09667        0.99981        0.99768
   501.0        0.09659        0.99981        0.99769
   502.0        0.09651        0.99981        0.99770
   503.0        0.09643        0.99981        0.99771
   504.0        0.09635        0.99981        0.99771
   505.0        0.09627        0.99981        0.99772
   506.0        0.09619        0.99981        0.99773
   507.0        0.09611        0.99981        0.99773
   508.0        0.09603        0.99981        0.99774
   509.0        0.09595        0.99981        0.99775
   510.0        0.09588        0.99981        0.99776
   511.0        0.09580        0.99981        0.99776
   512.0        0.09572        0.99981        0.99777
   513.0        0.09564        0.99982        0.99778
   514.0        0.09556        0.99982        0.99778
   515.0        0.09548        0.99982        0.99779
   516.0        0.09541        0.99982        0.99780
   517.0        0.09533        0.99982        0.99780
   518.0        0.09525        0.99982        0.99781
   519.0        0.09518        0.99982        0.99782
   520.0        0.09510        0.99982        0.99782
   521.0        0.09502        0.99982        0.99783
   522.0        0.09495        0.99982        0.99784
   523.0        0.09487        0.99982        0.99784
   524.0        0.09479        0.99982        0.99785
   525.0        0.09472        0.99982        0.99786
   526.0        0.09464        0.99983        0.99786
   527.0        0.09457        0.99983        0.99787
   528.0        0.09449        0.99983        0.99788
   529.0        0.09442        0.99983        0.99788
   530.0        0.09434        0.99983        0.99789
   531.0        0.09427        0.99983        0.99789
   532.0        0.09419        0.99983        0.99790
   533.0        0.09412        0.99983        0.99791
   534.0        0.09405        0.99983        0.99791
   535.0        0.09397        0.99983        0.99792
   536.0        0.09390        0.99983        0.99792
   537.0        0.09383        0.99983        0.99793
   538.0        0.09375        0.99983        0.99794
   539.0        0.09368        0.99983        0.99794
   540.0        0.09361        0.99983        0.99795
   541.0        0.09354        0.99984        0.99796
   542.0        0.09346        0.99984        0.99796
   543.0        0.09339        0.99984        0.99797
   544.0        0.09332        0.99984        0.99797
   545.0        0.09325        0.99984        0.99798
   546.0        0.09318        0.99984        0.99798
   547.0        0.09310        0.99984        0.99799
   548.0        0.09303        0.99984        0.99800
   549.0        0.09296        0.99984        0.99800
   550.0        0.09289        0.99984        0.99801
   551.0        0.09282        0.99984        0.99801
   552.0        0.09275        0.99984        0.99802
   553.0        0.09268        0.99984        0.99802
   554.0        0.09261        0.99984        0.99803
   555.0        0.09254        0.99984        0.99804
   556.0        0.09247        0.99984        0.99804
   557.0        0.09240        0.99985        0.99805
   558.0        0.09233        0.99985        0.99805
   559.0        0.09226        0.99985        0.99806
   560.0        0.09219        0.99985        0.99806
   561.0        0.09212        0.99985        0.99807
   562.0        0.09206        0.99985        0.99807
   563.0        0.09199        0.99985        0.99808
   564.0        0.09192        0.99985        0.99809
   565.0        0.09185        0.99985        0.99809
   566.0        0.09178        0.99985        0.99810
   567.0        0.09172        0.99985        0.99810
   568.0        0.09164        0.99985        0.99811
   569.0        0.09157        0.99985        0.99811
   570.0        0.09150        0.99985        0.99812
   571.0        0.09143        0.99985        0.99812
   572.0        0.09136        0.99985        0.99813
   573.0        0.09129        0.99985        0.99813
   574.0        0.09122        0.99986        0.99814
   575.0        0.09114        0.99986        0.99814
   576.0        0.09107        0.99986        0.99815
   577.0        0.09100        0.99986        0.99815
   578.0        0.09093        0.99986        0.99816
   579.0        0.09086        0.99986        0.99816
   580.0        0.09079        0.99986        0.99817
   581.0        0.09072        0.99986        0.99817
   582.0        0.09065        0.99986        0.99818
   583.0        0.09058        0.99986        0.99818
   584.0        0.09051        0.99986        0.99819
   585.0        0.09044        0.99986        0.99819
   586.0        0.09038        0.99986        0.99820
   587.0        0.09031        0.99986        0.99820
   588.0        0.09024        0.99986        0.99821
   589.0        0.09017        0.99986        0.99821
   590.0        0.09010        0.99986        0.99821
   591.0        0.09003        0.99986        0.99822
   592.0        0.08996        0.99986        0.99822
   593.0        0.08990        0.99986        0.99823
   594.0        0.08983        0.99987        0.99823
   595.0        0.08976        0.99987        0.99824
   596.0        0.08969        0.99987        0.99824
   597.0        0.08963        0.99987        0.99825
   598.0        0.08956        0.99987        0.99825
   599.0        0.08949        0.99987        0.99826
   600.0        0.08943        0.99987        0.99826
   601.0        0.08936        0.99987        0.99827
   602.0        0.08929        0.99987        0.99827
   603.0        0.08923        0.99987        0.99827
   604.0        0.08916        0.99987        0.99828
   605.0        0.08910        0.99987        0.99828
   606.0        0.08903        0.99987        0.99829
   607.0        0.08896        0.99987        0.99829
   608.0        0.08890        0.99987        0.99830
   609.0        0.08883        0.99987        0.99830
   610.0        0.08877        0.99987        0.99830
   611.0        0.08870        0.99987        0.99831
   612.0        0.08864        0.99987        0.99831
   613.0        0.08857        0.99987        0.99832
   614.0        0.08851        0.99987        0.99832
   615.0        0.08845        0.99987        0.99833
   616.0        0.08838        0.99988        0.99833
   617.0        0.08832        0.99988        0.99833
   618.0        0.08825        0.99988        0.99834
   619.0        0.08819        0.99988        0.99834
   620.0        0.08813        0.99988        0.99835
   621.0        0.08806        0.99988        0.99835
   622.0        0.08800        0.99988        0.99836
   623.0        0.08794        0.99988        0.99836
   624.0        0.08787        0.99988        0.99836
   625.0        0.08781        0.99988        0.99837
   626.0        0.08775        0.99988        0.99837
   627.0        0.08769        0.99988        0.99838
   628.0        0.08762        0.99988        0.99838
   629.0        0.08756        0.99988        0.99838
   630.0        0.08750        0.99988        0.99839
   631.0        0.08744        0.99988        0.99839
   632.0        0.08738        0.99988        0.99840
   633.0        0.08731        0.99988        0.99840
   634.0        0.08725        0.99988        0.99840
   635.0        0.08719        0.99988        0.99841
   636.0        0.08713        0.99988        0.99841
   637.0        0.08707        0.99988        0.99841
   638.0        0.08701        0.99988        0.99842
   639.0        0.08695        0.99988        0.99842
   640.0        0.08689        0.99988        0.99843
   641.0        0.08683        0.99989        0.99843
   642.0        0.08676        0.99989        0.99843
   643.0        0.08670        0.99989        0.99844
   644.0        0.08664        0.99989        0.99844
   645.0        0.08658        0.99989        0.99845
   646.0        0.08652        0.99989        0.99845
   647.0        0.08646        0.99989        0.99845
   648.0        0.08641        0.99989        0.99846
   649.0        0.08635        0.99989        0.99846
   650.0        0.08629        0.99989        0.99846
   651.0        0.08623        0.99989        0.99847
   652.0        0.08617        0.99989        0.99847
   653.0        0.08611        0.99989        0.99847
   654.0        0.08605        0.99989        0.99848
   655.0        0.08599        0.99989        0.99848
   656.0        0.08593        0.99989        0.99849
   657.0        0.08587        0.99989        0.99849
   658.0        0.08582        0.99989        0.99849
   659.0        0.08576        0.99989        0.99850
   660.0        0.08570        0.99989        0.99850
   661.0        0.08564        0.99989        0.99850
   662.0        0.08558        0.99989        0.99851
   663.0        0.08553        0.99989        0.99851
   664.0        0.08547        0.99989        0.99851
   665.0        0.08541        0.99989        0.99852
   666.0        0.08535        0.99989        0.99852
   667.0        0.08530        0.99989        0.99852
   668.0        0.08524        0.99989        0.99853
   669.0        0.08518        0.99989        0.99853
   670.0        0.08513        0.99989        0.99853
   671.0        0.08507        0.99990        0.99854
   672.0        0.08501        0.99990        0.99854
   673.0        0.08496        0.99990        0.99854
   674.0        0.08490        0.99990        0.99855
   675.0        0.08484        0.99990        0.99855
   676.0        0.08479        0.99990        0.99855
   677.0        0.08473        0.99990        0.99856
   678.0        0.08468        0.99990        0.99856
   679.0        0.08462        0.99990        0.99856
   680.0        0.08457        0.99990        0.99857
   681.0        0.08451        0.99990        0.99857
   682.0        0.08445        0.99990        0.99857
   683.0        0.08440        0.99990        0.99858
   684.0        0.08434        0.99990        0.99858
   685.0        0.08429        0.99990        0.99858
   686.0        0.08423        0.99990        0.99859
   687.0        0.08418        0.99990        0.99859
   688.0        0.08413        0.99990        0.99859
   689.0        0.08407        0.99990        0.99860
   690.0        0.08402        0.99990        0.99860
   691.0        0.08396        0.99990        0.99860
   692.0        0.08391        0.99990        0.99861
   693.0        0.08385        0.99990        0.99861
   694.0        0.08380        0.99990        0.99861
   695.0        0.08375        0.99990        0.99862
   696.0        0.08369        0.99990        0.99862
   697.0        0.08364        0.99990        0.99862
   698.0        0.08359        0.99990        0.99862
   699.0        0.08353        0.99990        0.99863
   700.0        0.08348        0.99990        0.99863
   701.0        0.08343        0.99990        0.99863
   702.0        0.08337        0.99990        0.99864
   703.0        0.08332        0.99990        0.99864
   704.0        0.08327        0.99990        0.99864
   705.0        0.08321        0.99990        0.99865
   706.0        0.08316        0.99990        0.99865
   707.0        0.08311        0.99990        0.99865
   708.0        0.08306        0.99991        0.99865
   709.0        0.08300        0.99991        0.99866
   710.0        0.08295        0.99991        0.99866
   711.0        0.08290        0.99991        0.99866
   712.0        0.08285        0.99991        0.99867
   713.0        0.08280        0.99991        0.99867
   714.0        0.08274        0.99991        0.99867
   715.0        0.08269        0.99991        0.99867
   716.0        0.08264        0.99991        0.99868
   717.0        0.08259        0.99991        0.99868
   718.0        0.08254        0.99991        0.99868
   719.0        0.08249        0.99991        0.99869
   720.0        0.08244        0.99991        0.99869
   721.0        0.08239        0.99991        0.99869
   722.0        0.08233        0.99991        0.99869
   723.0        0.08228        0.99991        0.99870
   724.0        0.08223        0.99991        0.99870
   725.0        0.08218        0.99991        0.99870
   726.0        0.08213        0.99991        0.99871
   727.0        0.08208        0.99991        0.99871
   728.0        0.08203        0.99991        0.99871
   729.0        0.08198        0.99991        0.99871
   730.0        0.08193        0.99991        0.99872
   731.0        0.08188        0.99991        0.99872
   732.0        0.08183        0.99991        0.99872
   733.0        0.08178        0.99991        0.99872
   734.0        0.08173        0.99991        0.99873
   735.0        0.08168        0.99991        0.99873
   736.0        0.08163        0.99991        0.99873
   737.0        0.08158        0.99991        0.99874
   738.0        0.08153        0.99991        0.99874
   739.0        0.08148        0.99991        0.99874
   740.0        0.08143        0.99991        0.99874
   741.0        0.08139        0.99991        0.99875
   742.0        0.08134        0.99991        0.99875
   743.0        0.08129        0.99991        0.99875
   744.0        0.08124        0.99991        0.99875
   745.0        0.08119        0.99991        0.99876
   746.0        0.08114        0.99991        0.99876
   747.0        0.08109        0.99991        0.99876
   748.0        0.08105        0.99991        0.99876
   749.0        0.08100        0.99991        0.99877
   750.0        0.08095        0.99992        0.99877
   751.0        0.08090        0.99992        0.99877
   752.0        0.08085        0.99992        0.99877
   753.0        0.08080        0.99992        0.99878
   754.0        0.08075        0.99992        0.99878
   755.0        0.08070        0.99992        0.99878
   756.0        0.08065        0.99992        0.99878
   757.0        0.08060        0.99992        0.99879
   758.0        0.08055        0.99992        0.99879
   759.0        0.08050        0.99992        0.99879
   760.0        0.08045        0.99992        0.99879
   761.0        0.08040        0.99992        0.99880
   762.0        0.08035        0.99992        0.99880
   763.0        0.08030        0.99992        0.99880
   764.0        0.08025        0.99992        0.99880
   765.0        0.08020        0.99992        0.99881
   766.0        0.08015        0.99992        0.99881
   767.0        0.08010        0.99992        0.99881
   768.0        0.08005        0.99992        0.99881
   769.0        0.08000        0.99992        0.99882
   770.0        0.07995        0.99992        0.99882
   771.0        0.07990        0.99992        0.99882
   772.0        0.07985        0.99992        0.99882
   773.0        0.07980        0.99992        0.99882
   774.0        0.07976        0.99992        0.99883
   775.0        0.07971        0.99992        0.99883
   776.0        0.07966        0.99992        0.99883
   777.0        0.07961        0.99992        0.99883
   778.0        0.07956        0.99992        0.99884
   779.0        0.07951        0.99992        0.99884
   780.0        0.07946        0.99992        0.99884
   781.0        0.07941        0.99992        0.99884
   782.0        0.07937        0.99992        0.99885
   783.0        0.07932        0.99992        0.99885
   784.0        0.07927        0.99992        0.99885
   785.0        0.07922        0.99992        0.99885
   786.0        0.07917        0.99992        0.99885
   787.0        0.07913        0.99992        0.99886
   788.0        0.07908        0.99992        0.99886
   789.0        0.07903        0.99992        0.99886
   790.0        0.07898        0.99992        0.99886
   791.0        0.07894        0.99992        0.99887
   792.0        0.07889        0.99992        0.99887
   793.0        0.07884        0.99992        0.99887
   794.0        0.07879        0.99992        0.99887
   795.0        0.07875        0.99992        0.99887
   796.0        0.07870        0.99992        0.99888
   797.0        0.07865        0.99992        0.99888
   798.0        0.07861        0.99992        0.99888
   799.0        0.07856        0.99992        0.99888
   800.0        0.07851        0.99992        0.99888
   801.0        0.07847        0.99992        0.99889
   802.0        0.07842        0.99992        0.99889
   803.0        0.07837        0.99993        0.99889
   804.0        0.07833        0.99993        0.99889
   805.0        0.07828        0.99993        0.99890
   806.0        0.07823        0.99993        0.99890
   807.0        0.07819        0.99993        0.99890
   808.0        0.07814        0.99993        0.99890
   809.0        0.07810        0.99993        0.99890
   810.0        0.07805        0.99993        0.99891
   811.0        0.07800        0.99993        0.99891
   812.0        0.07796        0.99993        0.99891
   813.0        0.07791        0.99993        0.99891
   814.0        0.07787        0.99993        0.99891
   815.0        0.07782        0.99993        0.99892
   816.0        0.07778        0.99993        0.99892
   817.0        0.07773        0.99993        0.99892
   818.0        0.07769        0.99993        0.99892
   819.0        0.07764        0.99993        0.99892
   820.0        0.07760        0.99993        0.99893
   821.0        0.07755        0.99993        0.99893
   822.0        0.07751        0.99993        0.99893
   823.0        0.07746        0.99993        0.99893
   824.0        0.07742        0.99993        0.99893
   825.0        0.07737        0.99993        0.99894
   826.0        0.07733        0.99993        0.99894
   827.0        0.07728        0.99993        0.99894
   828.0        0.07724        0.99993        0.99894
   829.0        0.07719        0.99993        0.99894
   830.0        0.07715        0.99993        0.99895
   831.0        0.07711        0.99993        0.99895
   832.0        0.07706        0.99993        0.99895
   833.0        0.07702        0.99993        0.99895
   834.0        0.07697        0.99993        0.99895
   835.0        0.07693        0.99993        0.99896
   836.0        0.07689        0.99993        0.99896
   837.0        0.07684        0.99993        0.99896
   838.0        0.07680        0.99993        0.99896
   839.0        0.07675        0.99993        0.99896
   840.0        0.07671        0.99993        0.99896
   841.0        0.07667        0.99993        0.99897
   842.0        0.07662        0.99993        0.99897
   843.0        0.07658        0.99993        0.99897
   844.0        0.07654        0.99993        0.99897
   845.0        0.07650        0.99993        0.99897
   846.0        0.07645        0.99993        0.99898
   847.0        0.07641        0.99993        0.99898
   848.0        0.07637        0.99993        0.99898
   849.0        0.07632        0.99993        0.99898
   850.0        0.07628        0.99993        0.99898
   851.0        0.07624        0.99993        0.99899
   852.0        0.07620        0.99993        0.99899
   853.0        0.07615        0.99993        0.99899
   854.0        0.07611        0.99993        0.99899
   855.0        0.07607        0.99993        0.99899
   856.0        0.07603        0.99993        0.99899
   857.0        0.07598        0.99993        0.99900
   858.0        0.07594        0.99993        0.99900
   859.0        0.07590        0.99993        0.99900
   860.0        0.07586        0.99993        0.99900
   861.0        0.07582        0.99993        0.99900
   862.0        0.07577        0.99993        0.99900
   863.0        0.07573        0.99993        0.99901
   864.0        0.07569        0.99993        0.99901
   865.0        0.07565        0.99993        0.99901
   866.0        0.07561        0.99993        0.99901
   867.0        0.07557        0.99993        0.99901
   868.0        0.07552        0.99993        0.99902
   869.0        0.07548        0.99993        0.99902
   870.0        0.07544        0.99993        0.99902
   871.0        0.07540        0.99993        0.99902
   872.0        0.07536        0.99993        0.99902
   873.0        0.07532        0.99993        0.99902
   874.0        0.07528        0.99993        0.99903
   875.0        0.07524        0.99994        0.99903
   876.0        0.07520        0.99994        0.99903
   877.0        0.07516        0.99994        0.99903
   878.0        0.07511        0.99994        0.99903
   879.0        0.07507        0.99994        0.99903
   880.0        0.07503        0.99994        0.99904
   881.0        0.07499        0.99994        0.99904
   882.0        0.07495        0.99994        0.99904
   883.0        0.07491        0.99994        0.99904
   884.0        0.07487        0.99994        0.99904
   885.0        0.07483        0.99994        0.99904
   886.0        0.07479        0.99994        0.99905
   887.0        0.07475        0.99994        0.99905
   888.0        0.07471        0.99994        0.99905
   889.0        0.07467        0.99994        0.99905
   890.0        0.07463        0.99994        0.99905
   891.0        0.07459        0.99994        0.99905
   892.0        0.07455        0.99994        0.99906
   893.0        0.07451        0.99994        0.99906
   894.0        0.07447        0.99994        0.99906
   895.0        0.07443        0.99994        0.99906
   896.0        0.07439        0.99994        0.99906
   897.0        0.07435        0.99994        0.99906
   898.0        0.07431        0.99994        0.99906
   899.0        0.07428        0.99994        0.99907
   900.0        0.07424        0.99994        0.99907
   901.0        0.07420        0.99994        0.99907
   902.0        0.07416        0.99994        0.99907
   903.0        0.07412        0.99994        0.99907
   904.0        0.07408        0.99994        0.99907
   905.0        0.07404        0.99994        0.99908
   906.0        0.07400        0.99994        0.99908
   907.0        0.07396        0.99994        0.99908
   908.0        0.07392        0.99994        0.99908
   909.0        0.07389        0.99994        0.99908
   910.0        0.07385        0.99994        0.99908
   911.0        0.07381        0.99994        0.99909
   912.0        0.07377        0.99994        0.99909
   913.0        0.07373        0.99994        0.99909
   914.0        0.07369        0.99994        0.99909
   915.0        0.07366        0.99994        0.99909
   916.0        0.07362        0.99994        0.99909
   917.0        0.07358        0.99994        0.99909
   918.0        0.07354        0.99994        0.99910
   919.0        0.07350        0.99994        0.99910
   920.0        0.07346        0.99994        0.99910
   921.0        0.07343        0.99994        0.99910
   922.0        0.07339        0.99994        0.99910
   923.0        0.07335        0.99994        0.99910
   924.0        0.07331        0.99994        0.99910
   925.0        0.07328        0.99994        0.99911
   926.0        0.07324        0.99994        0.99911
   927.0        0.07320        0.99994        0.99911
   928.0        0.07316        0.99994        0.99911
   929.0        0.07313        0.99994        0.99911
   930.0        0.07309        0.99994        0.99911
   931.0        0.07305        0.99994        0.99911
   932.0        0.07301        0.99994        0.99912
   933.0        0.07298        0.99994        0.99912
   934.0        0.07294        0.99994        0.99912
   935.0        0.07290        0.99994        0.99912
   936.0        0.07287        0.99994        0.99912
   937.0        0.07283        0.99994        0.99912
   938.0        0.07279        0.99994        0.99912
   939.0        0.07275        0.99994        0.99913
   940.0        0.07272        0.99994        0.99913
   941.0        0.07268        0.99994        0.99913
   942.0        0.07264        0.99994        0.99913
   943.0        0.07261        0.99994        0.99913
   944.0        0.07257        0.99994        0.99913
   945.0        0.07253        0.99994        0.99913
   946.0        0.07250        0.99994        0.99914
   947.0        0.07246        0.99994        0.99914
   948.0        0.07243        0.99994        0.99914
   949.0        0.07239        0.99994        0.99914
   950.0        0.07235        0.99994        0.99914
   951.0        0.07232        0.99994        0.99914
   952.0        0.07228        0.99994        0.99914
   953.0        0.07224        0.99994        0.99915
   954.0        0.07221        0.99994        0.99915
   955.0        0.07217        0.99994        0.99915
   956.0        0.07214        0.99994        0.99915
   957.0        0.07210        0.99994        0.99915
   958.0        0.07207        0.99994        0.99915
   959.0        0.07203        0.99994        0.99915
   960.0        0.07199        0.99994        0.99916
   961.0        0.07196        0.99994        0.99916
   962.0        0.07192        0.99994        0.99916
   963.0        0.07189        0.99994        0.99916
   964.0        0.07185        0.99994        0.99916
   965.0        0.07182        0.99994        0.99916
   966.0        0.07178        0.99994        0.99916
   967.0        0.07175        0.99994        0.99916
   968.0        0.07171        0.99995        0.99917
   969.0        0.07168        0.99995        0.99917
   970.0        0.07164        0.99995        0.99917
   971.0        0.07161        0.99995        0.99917
   972.0        0.07157        0.99995        0.99917
   973.0        0.07154        0.99995        0.99917
   974.0        0.07150        0.99995        0.99917
   975.0        0.07147        0.99995        0.99917
   976.0        0.07143        0.99995        0.99918
   977.0        0.07140        0.99995        0.99918
   978.0        0.07136        0.99995        0.99918
   979.0        0.07133        0.99995        0.99918
   980.0        0.07129        0.99995        0.99918
   981.0        0.07126        0.99995        0.99918
   982.0        0.07122        0.99995        0.99918
   983.0        0.07119        0.99995        0.99919
   984.0        0.07115        0.99995        0.99919
   985.0        0.07112        0.99995        0.99919
   986.0        0.07109        0.99995        0.99919
   987.0        0.07105        0.99995        0.99919
   988.0        0.07102        0.99995        0.99919
   989.0        0.07098        0.99995        0.99919
   990.0        0.07095        0.99995        0.99919
   991.0        0.07092        0.99995        0.99920
   992.0        0.07088        0.99995        0.99920
   993.0        0.07085        0.99995        0.99920
   994.0        0.07081        0.99995        0.99920
   995.0        0.07078        0.99995        0.99920
   996.0        0.07075        0.99995        0.99920
   997.0        0.07071        0.99995        0.99920
   998.0        0.07068        0.99995        0.99920
   999.0        0.07064        0.99995        0.99920
  1000.0        0.07061        0.99995        0.99921
