c11
31.56985728
47.39332625
60.36852207
71.81532275
82.26163527
91.98682522
101.1578536
109.8879625
118.255323
126.3186797
134.1227234
141.7018646
149.0851482
156.2949053
163.3510555
170.2698119
177.0651976
183.7488494
190.3317641
196.8232295
203.2312737
209.5633584
215.8263019
222.0259747
228.1676817
234.2566751
240.297552
246.2945807
252.2517389
258.1727473
264.0610993
269.9200261
275.7526574
281.5620113
287.3509147
293.1220733
298.8780402
304.6213473
310.3544829
316.0798122
321.7996263
327.5162364
333.2318867
338.948788
344.6691714
350.3952088
356.1290812
361.8730265
367.6292749
373.4000182
379.1875217
384.9940973
390.8222182
396.6741916
402.5525001
408.4597042
414.3984523
420.3714914
426.3816774
432.4319869
438.5255291
444.6655589
450.8554904
457.0990567
463.400215
469.7627697
476.1912758
482.6904611
489.2652078
495.9208881
502.6637127
509.4996365
516.4356431
523.4793109
530.6388754
537.9232998
545.3432454
552.9091561
560.6343698
568.532428
576.6194369
584.913403
593.4359588
602.2103219
611.2652758
620.6338855
630.3556827
640.4786618
651.0609984
662.1770402
673.9190955
686.4100381
699.8126577
714.3577769
730.3826079
748.41961
769.3939236
795.1870285
830.9767639
960.2
n13
42.17115597
63.1660357
80.28887572
95.32453962
108.9978162
121.68768
133.6209069
144.9508748
155.7876563
166.2075011
176.2722266
186.0305543
195.5186407
204.7702648
213.8120017
222.663696
231.3463407
239.8763258
248.2664725
256.5302102
264.6789598
272.7225917
280.6700457
288.5294498
296.3082216
304.0131559
311.6497528
319.2244889
326.7427672
334.2095794
341.6290053
349.0057323
356.3442301
363.6479705
370.9207488
378.1665136
385.3881303
392.589321
399.7732037
406.942696
414.1011039
421.251113
428.3958292
435.5380297
442.6805812
449.8262515
456.9779648
464.1383277
471.3104367
478.4968849
485.7006141
492.9247177
500.1717498
507.4452904
514.748087
522.0831176
529.4544395
536.8648699
544.3178352
551.8173647
559.3675759
566.9720103
574.6349587
582.360958
590.1548148
598.0216318
605.9669243
613.9962253
622.1159406
630.3326178
638.6533202
647.0856369
655.637723
664.3195151
673.1413047
682.1125916
691.2483402
700.5599048
710.0628215
719.7760136
729.7176832
739.9097055
750.3790141
761.1539885
772.2677756
783.7627543
795.6867785
808.0971234
821.0680729
834.6851753
849.0639801
864.3513578
880.7498499
898.5360685
918.121204
940.1557324
965.7640824
997.2374196
1040.871623
1198.5
o15
68.6730331
102.3093041
129.4583902
153.112609
174.4772679
194.1871802
212.6269629
230.0565781
246.6528673
262.5528669
277.8580721
292.6470003
306.9860815
320.9277659
334.5161228
347.7881921
360.7747915
373.5046718
386.0013946
398.2846671
410.3741301
422.2861738
434.0356145
445.6351397
457.097488
468.433967
479.6542663
490.7676378
501.7832916
512.7084896
523.5514065
534.3187802
545.0170741
555.6529677
566.2320681
576.7599497
587.2422854
597.6842016
608.0905973
618.4661965
628.8158567
639.1441162
649.4554171
659.7541223
670.044528
680.3308966
690.6174846
700.9084938
711.208124
721.5205874
731.8501224
742.2011046
752.5779007
762.9848637
773.426493
783.9073899
794.432653
805.0069581
815.6352526
826.323094
837.0760715
847.8994206
858.8001007
869.783515
880.8572969
892.0275481
903.3032016
914.6912648
926.2005008
937.8407086
949.6219267
961.5547077
973.6508799
985.9232512
998.3867195
1011.05623
1023.948142
1037.083729
1050.482226
1064.168317
1078.16962
1092.517095
1107.245522
1122.395622
1138.01528
1154.16203
1170.902612
1188.316237
1206.504393
1225.589807
1245.730619
1267.134163
1290.074747
1314.945701
1342.313065
1373.080777
1408.809565
1452.680045
1513.438654
1732
f18
22.94373491
33.09683104
41.31196296
48.51752859
55.07534074
61.16942857
66.91384803
72.38038242
77.62194118
82.67550671
87.56948984
92.32654029
96.96480357
101.4975323
105.9388088
110.2971887
114.5823927
118.8019048
122.9621145
127.0685031
131.1264061
135.1404608
139.1147501
143.0529808
146.9584527
150.8342106
154.6832354
158.508177
162.3114944
166.0954804
169.8621343
173.6135579
177.3517804
181.0786176
184.7956831
188.5047642
192.2075123
195.9054479
199.6000886
203.2929688
206.9855207
210.6792119
214.3754417
218.0755905
221.7811438
225.49346
229.213892
232.9438796
236.6849855
240.4384958
244.2058723
247.9886247
251.7885213
255.6069162
259.4454369
263.3057692
267.1896636
271.0989419
275.0355052
279.0013406
282.9985334
287.0292599
291.0958275
295.2006544
299.3462951
303.5354497
307.7709757
312.0560619
316.3946113
320.7894423
325.2450104
329.7654122
334.3554406
339.0196291
343.7647018
348.5959866
353.5203895
358.5455897
363.6800516
368.9331184
374.3166247
379.8416466
385.5234144
391.3774964
397.4234262
403.6836066
410.1849441
416.9599212
424.0489834
431.5022612
439.3817392
447.7708495
456.7815938
466.570359
477.3662652
489.5320342
503.6968536
521.1416565
545.3947619
635.5
ga68
117.3728686
158.6898149
190.6646099
217.888435
242.1057945
264.2067488
284.7162484
303.9781036
322.2247028
339.6300911
356.3240787
372.4069315
387.959712
403.0453677
417.720427
432.0283757
446.0071404
459.6893457
473.1037779
486.2757536
499.2257248
511.9744667
524.537443
536.9314054
549.1701588
561.2663022
573.2314168
585.0761802
596.8104661
608.4434326
619.9835791
631.4382554
642.8155535
654.1224946
665.3651163
676.5502261
687.683669
698.7710225
709.8180786
720.8298004
731.8116629
742.7683735
753.7050188
764.6262231
775.536747
786.4411804
797.344102
808.2500457
819.1635883
830.0891679
841.0315534
851.9950971
862.984866
874.00516
885.0613795
896.1579361
907.3004557
918.4938124
929.7435637
941.0556156
952.4354195
963.8892892
975.4240702
987.0460906
998.7625593
1010.581113
1022.50986
1034.557427
1046.733011
1059.046438
1071.508224
1084.129922
1096.924876
1109.9052
1123.0877
1136.487256
1150.122537
1164.014153
1178.184895
1192.66001
1207.467523
1222.640775
1238.216589
1254.239257
1270.759375
1287.834893
1305.539057
1323.955424
1343.19202
1363.377123
1384.679118
1407.315911
1431.580841
1457.884778
1486.834781
1519.379227
1557.174792
1603.584756
1667.865339
1899.1
rb82
224.489922
304.4638969
365.7371501
417.4717461
463.1769212
504.6405133
542.9193786
578.7006338
612.4599163
644.5425811
675.2093159
704.6624553
733.0623124
760.5393152
787.2002912
813.1351704
838.4198943
863.1189276
887.2888604
910.9783676
934.2307588
957.0833896
979.5709409
1001.723443
1023.568242
1045.130308
1066.432499
1087.495289
1108.337949
1128.977913
1149.431853
1169.714916
1189.841341
1209.824547
1229.677217
1249.411376
1269.038457
1288.569369
1308.014556
1327.383831
1346.687119
1365.93378
1385.132784
1404.293224
1423.423726
1442.532935
1461.629328
1480.721321
1499.817284
1518.925618
1538.054645
1557.212927
1576.40888
1595.65122
1614.948788
1634.310465
1653.745589
1673.263691
1692.874463
1712.588085
1732.415149
1752.366708
1772.454328
1792.690147
1813.08693
1833.658138
1854.418391
1875.382947
1896.56814
1917.991438
1939.672407
1961.631102
1983.889829
2006.473366
2029.407953
2052.723049
2076.450965
2100.628004
2125.294219
2150.494765
2176.280794
2202.710838
2229.850684
2257.778261
2286.583143
2316.37045
2347.266667
2379.422791
2413.024631
2448.301908
2485.547595
2525.140006
2567.583563
2613.576212
2664.143391
2720.932543
2786.8065
2867.590748
2979.306514
3379
zr89
47.39332625
60.36852207
71.81532275
82.26163527
91.98682522
101.1578536
109.8879625
118.255323
126.3186797
134.1227234
141.7018646
149.0851482
156.2949053
163.3510555
170.2698119
177.0651976
183.7488494
190.3317641
196.8232295
203.2312737
209.5633584
215.8263019
222.0259747
228.1676817
234.2566751
240.297552
246.2945807
252.2517389
258.1727473
264.0610993
269.9200261
275.7526574
281.5620113
287.3509147
293.1220733
298.8780402
304.6213473
310.3544829
316.0798122
321.7996263
327.5162364
333.2318867
338.948788
344.6691714
350.3952088
356.1290812
361.8730265
367.6292749
373.4000182
379.1875217
384.9940973
390.8222182
396.6741916
402.5525001
408.4597042
414.3984523
420.3714914
426.3816774
432.4319869
438.5255291
444.6655589
450.8554904
457.0990567
463.400215
469.7627697
476.1912758
482.6904611
489.2652078
495.9208881
502.6637127
509.4996365
516.4356431
523.4793109
530.6388754
537.9232998
545.3432454
552.9091561
560.6343698
568.532428
576.6194369
584.913403
593.4359588
602.2103219
611.2652758
620.6338855
630.3556827
640.4786618
651.0609984
662.1770402
673.9190955
686.4100381
699.8126577
714.3577769
730.3826079
748.41961
769.3939236
795.1870285
830.9767639
860.3939236
902.3556827