256
0.000000000
0.000000001
0.000000002
0.000000003
0.000000004
0.000000005
0.000000006
0.000000007
0.000000008
0.000000009
0.00000001
0.000000011
0.000000012
0.000000013
0.000000014
0.000000015
0.000000016
0.000000017
0.000000018
0.000000019
0.00000002
0.000000021
0.000000022
0.000000023
0.000000024
0.000000025
0.000000026
0.000000027
0.000000028
0.000000029
0.00000003
0.000000031
0.000000032
0.000000033
0.000000034
0.000000035
0.000000036
0.000000037
0.000000038
0.000000039
0.00000004
0.000000041
0.000000042
0.000000043
0.000000044
0.000000045
0.000000046
0.000000047
0.000000048
0.000000049
0.00000005
0.000000051
0.000000052
0.000000053
0.000000054
0.000000055
0.000000056
0.000000057
0.000000058
0.000000059
0.00000006
0.000000061
0.000000062
0.000000063
0.000000064
0.000000065
0.000000066
0.000000067
0.000000068
0.000000069
0.00000007
0.000000071
0.000000072
0.000000073
0.000000074
0.000000075
0.000000076
0.000000077
0.000000078
0.000000079
0.00000008
0.000000081
0.000000082
0.000000083
0.000000084
0.000000085
0.000000086
0.000000087
0.000000088
0.000000089
0.00000009
0.000000091
0.000000092
0.000000093
0.000000094
0.000000095
0.000000096
0.000000097
0.000000098
0.000000099
0.0000001
0.000000101
0.000000102
0.000000103
0.000000104
0.000000105
0.000000106
0.000000107
0.000000108
0.000000109
0.00000011
0.000000111
0.000000112
0.000000113
0.000000114
0.000000115
0.000000116
0.000000117
0.000000118
0.000000119
0.00000012
0.000000121
0.000000122
0.000000123
0.000000124
0.000000125
0.000000126
0.000000127
0.000000128
0.000000129
0.00000013
0.000000131
0.000000132
0.000000133
0.000000134
0.000000135
0.000000136
0.000000137
0.000000138
0.000000139
0.00000014
0.000000141
0.000000142
0.000000143
0.000000144
0.000000145
0.000000146
0.000000147
0.000000148
0.000000149
0.00000015
0.000000151
0.000000152
0.000000153
0.000000154
0.000000155
0.000000156
0.000000157
0.000000158
0.000000159
0.00000016
0.000000161
0.000000162
0.000000163
0.000000164
0.000000165
0.000000166
0.000000167
0.000000168
0.000000169
0.00000017
0.000000171
0.000000172
0.000000173
0.000000174
0.000000175
0.000000176
0.000000177
0.000000178
0.000000179
0.00000018
0.000000181
0.000000182
0.000000183
0.000000184
0.000000185
0.000000186
0.000000187
0.000000188
0.000000189
0.00000019
0.000000191
0.000000192
0.000000193
0.000000194
0.000000195
0.000000196
0.000000197
0.000000198
0.000000199
0.0000002
0.000000201
0.000000202
0.000000203
0.000000204
0.000000205
0.000000206
0.000000207
0.000000208
0.000000209
0.00000021
0.000000211
0.000000212
0.000000213
0.000000214
0.000000215
0.000000216
0.000000217
0.000000218
0.000000219
0.00000022
0.000000221
0.000000222
0.000000223
0.000000224
0.000000225
0.000000226
0.000000227
0.000000228
0.000000229
0.00000023
0.000000231
0.000000232
0.000000233
0.000000234
0.000000235
0.000000236
0.000000237
0.000000238
0.000000239
0.00000024
0.000000241
0.000000242
0.000000243
0.000000244
0.000000245
0.000000246
0.000000247
0.000000248
0.000000249
0.00000025
0.000000251
0.000000252
0.000000253
0.000000254
0.000000255
